var1,var2,var3,var4,var5,var6,var7
0,0.532280730215671,0.797964111240847,0.975301762740216,0.975301762740216,0.797964111240847,0.532280730215671
0.0100008334027836,0.532280730215671,0.797923503040127,0.975284115629305,0.975307297927171,0.797950316004807,0.532280730215671
0.0200016668055671,0.532280730215671,0.796874083113656,0.974796787029335,0.975489620149383,0.797647044966332,0.532280730215671
0.0300025002083507,0.532280730215671,0.796641943859274,0.974678935775914,0.97554276897562,0.797597736059771,0.532280730215671
0.0400033336111343,0.532280730215671,0.797063192543417,0.974869857366966,0.975477771598236,0.797730953431478,0.532280730215671
0.0500041670139178,0.532280730215671,0.797240187828611,0.974951041907551,0.975448822924643,0.797784562728146,0.532280730215671
0.0600050004167014,0.532280730215671,0.797352240977341,0.975001066183804,0.975432144001155,0.797820529651261,0.532280730215671
0.070005833819485,0.532280730215671,0.797665778993587,0.975143619408452,0.975381163882813,0.797914187578352,0.532280730215671
0.0800066672222685,0.532280730215671,0.798382916153422,0.975473221001791,0.975257011543453,0.798116515781493,0.532280730215671
0.0900075006250521,0.532280730215671,0.799050193677761,0.975781878612101,0.97513531696345,0.798294714928196,0.532280730215671
0.100008334027836,0.532280730215671,0.799204953034303,0.975856435808085,0.975102190805853,0.798328458794595,0.532280730215671
0.110009167430619,0.532280730215671,0.799209567752942,0.975859433219882,0.97509956606609,0.79832584572785,0.532280730215671
0.120010000833403,0.532280730215671,0.799205471626899,0.975857713147783,0.97509945295361,0.798322028756013,0.532280730215671
0.130010834236186,0.532280730215671,0.799198860716478,0.975854671196072,0.975100010840274,0.798317792049921,0.532280730215671
0.14001166763897,0.532280730215671,0.799188628946911,0.975849761005658,0.975101490445694,0.798312900444258,0.532280730215671
0.150012501041753,0.532280730215671,0.799174484358821,0.975842872791127,0.975103914341533,0.798307242857994,0.532280730215671
0.160013334444537,0.532280730215671,0.799158447486947,0.975835070520365,0.975106740761917,0.798301153399054,0.532280730215671
0.170014167847321,0.532280730215671,0.799145544246773,0.975828918791393,0.975108725404034,0.7982955755645,0.532280730215671
0.180015001250104,0.532280730215671,0.799141825520537,0.975827494820677,0.975108382575719,0.798291654327797,0.532280730215671
0.190015834652888,0.532280730215671,0.799151189396799,0.975832804487166,0.975104723435233,0.798290088028711,0.532280730215671
0.200016668055671,0.532280730215671,0.799174547102428,0.975845320973399,0.975097505624433,0.79829102266685,0.532280730215671
0.210017501458455,0.532280730215671,0.799211091745926,0.975864541713849,0.975087029703414,0.798294405684288,0.532280730215671
0.220018334861238,0.532280730215671,0.799257526413569,0.975888586024739,0.975074342047792,0.798299847599609,0.532280730215671
0.230019168264022,0.532280730215671,0.799302116313973,0.975911418412337,0.975062411685449,0.798305215634701,0.532280730215671
0.240020001666806,0.532280730215671,0.79932142052378,0.975921531950812,0.97505654952137,0.798305673318651,0.532280730215671
0.250020835069589,0.532280730215671,0.799302903972429,0.975912921568809,0.975059446600859,0.79829854268275,0.532280730215671
0.260021668472373,0.532280730215671,0.79927119817538,0.975897638751733,0.975065579419997,0.798288981348991,0.532280730215671
0.270022501875156,0.532280730215671,0.799252013643531,0.975888455544659,0.975068933346582,0.798282058997379,0.532280730215671
0.28002333527794,0.532280730215671,0.799243204231141,0.975884473713337,0.975069806858833,0.798277135873303,0.532280730215671
0.290024168680723,0.532280730215671,0.799238265442595,0.975882468985103,0.975069711750386,0.798272916577164,0.532280730215671
0.300025002083507,0.532280730215671,0.799235180535965,0.97588142266708,0.975069139368742,0.798269022114269,0.532280730215671
0.310025835486291,0.532280730215671,0.799233281312364,0.975880990851207,0.975068259922191,0.798265333699814,0.532280730215671
0.320026668889074,0.532280730215671,0.79923226653369,0.975881017216801,0.975067151510363,0.798261798748786,0.532280730215671
0.330027502291858,0.532280730215671,0.799231976186119,0.975881419907834,0.975065854144661,0.798258387786596,0.532280730215671
0.340028335694641,0.532280730215671,0.799232336844154,0.97588216276514,0.97506438444124,0.798255085496352,0.532280730215671
0.350029169097425,0.532280730215671,0.799233351329458,0.975883249139143,0.975062739213256,0.798251889618279,0.532280730215671
0.360030002500208,0.532280730215671,0.799235101540133,0.975884722905978,0.975060895168194,0.798248811588538,0.532280730215671
0.370030835902992,0.532280730215671,0.799237761973823,0.975886675132409,0.975058805659495,0.798245878749558,0.532280730215671
0.380031669305775,0.532280730215671,0.799241626656665,0.97588925742442,0.975056394181458,0.798243138854682,0.532280730215671
0.390032502708559,0.532280730215671,0.799247150670417,0.975892702263649,0.975053544600265,0.798240667190119,0.532280730215671
0.400033336111343,0.532280730215671,0.799255001097445,0.975897347409483,0.975050089669505,0.798238575444762,0.532280730215671
0.410034169514126,0.532280730215671,0.799266095585063,0.975903653152468,0.975045803367061,0.798237018466716,0.532280730215671
0.42003500291691,0.532280730215671,0.79928157329249,0.975912184865097,0.975040410328102,0.798236189032355,0.532280730215671
0.430035836319693,0.532280730215671,0.799302598300346,0.975923512052014,0.975033635529889,0.798236282797499,0.532280730215671
0.440036669722477,0.532280730215671,0.799329885068405,0.975937971416151,0.975025318806496,0.798237414171747,0.532280730215671
0.45003750312526,0.532280730215671,0.799362957234928,0.975955302428774,0.975015589803604,0.798239486777225,0.532280730215671
0.460038336528044,0.532280730215671,0.799399459417738,0.975974313990384,0.975005028267691,0.798242078025709,0.532280730215671
0.470039169930828,0.532280730215671,0.7994351246322,0.975992875410046,0.974994670634595,0.798244445110834,0.532280730215671
0.480040003333611,0.532280730215671,0.799464790325797,0.976008419455944,0.974985771948912,0.798245715366251,0.532280730215671
0.490040836736395,0.532280730215671,0.799484064674665,0.976018760721291,0.974979412913186,0.798245179467676,0.532280730215671
0.500041670139178,0.532280730215671,0.799490636551496,0.976022739799669,0.974976183745296,0.798242505961967,0.532280730215671
0.510042503541962,0.532280730215671,0.799484541616135,0.976020359082228,0.974976108486647,0.798237765445199,0.532280730215671
0.520043336944745,0.532280730215671,0.799467556058482,0.976012491290263,0.974978777500515,0.798231308077487,0.532280730215671
0.530044170347529,0.532280730215671,0.799442353763904,0.976000467617769,0.974983544271545,0.798223611562374,0.532280730215671
0.540045003750313,0.532280730215671,0.799411883360711,0.975985767986079,0.974989678264234,0.798215176144148,0.532280730215671
0.550045837153096,0.532280730215671,0.79937902800986,0.97596984648078,0.974996454804108,0.798206472099589,0.532280730215671
0.56004667055588,0.532280730215671,0.79934638592317,0.975954015532397,0.975003216497544,0.798197908867324,0.532280730215671
0.570047503958663,0.532280730215671,0.799316020448102,0.97593931677434,0.975009440016124,0.798189799899593,0.532280730215671
0.580048337361447,0.532280730215671,0.799289171537842,0.975926375482238,0.975014809641981,0.798182322533222,0.532280730215671
0.59004917076423,0.532280730215671,0.799266054350829,0.975915300412263,0.975019267773764,0.798175493330084,0.532280730215671
0.600050004167014,0.532280730215671,0.799245884371541,0.975905697196419,0.975023009263495,0.798169179588788,0.532280730215671
0.610050837569797,0.532280730215671,0.799227154980088,0.975896807616226,0.975026413265429,0.798163148386591,0.532280730215671
0.620051670972581,0.532280730215671,0.799208060940542,0.975887721838935,0.975029938104131,0.79815713426792,0.532280730215671
0.630052504375365,0.532280730215671,0.799186921905083,0.975877591142177,0.975034014674789,0.798150902455658,0.532280730215671
0.640053337778148,0.532280730215671,0.799162519987924,0.975865798147437,0.975038959892849,0.798144295264513,0.532280730215671
0.650054171180932,0.532280730215671,0.799134345464736,0.975852081266797,0.975044912319775,0.798137261969608,0.532280730215671
0.660055004583715,0.532280730215671,0.799102775285273,0.975836625544441,0.975051784296359,0.79812987666146,0.532280730215671
0.670055837986499,0.532280730215671,0.799069181145928,0.975820118438517,0.97505923151594,0.798122344387225,0.532280730215671
0.680056671389282,0.532280730215671,0.799035914247175,0.975803744290948,0.975066653359012,0.798114989328365,0.532280730215671
0.690057504792066,0.532280730215671,0.799006093438758,0.975789080445398,0.975073242982574,0.798108217070205,0.532280730215671
0.70005833819485,0.532280730215671,0.798983167751299,0.975777879221754,0.975078095885114,0.798102450146252,0.532280730215671
0.710059171597633,0.532280730215671,0.79897032432078,0.975771769564934,0.975080360912243,0.798098049390094,0.532280730215671
0.720060005000417,0.532280730215671,0.798969904835055,0.975771959128742,0.975079393673416,0.79809524394201,0.532280730215671
0.7300608384032,0.532280730215671,0.798982999405114,0.975779022362839,0.975074869001708,0.798094090525875,0.532280730215671
0.740061671805984,0.532280730215671,0.799009284555961,0.975792810717604,0.975066833095373,0.798094467196901,0.532280730215671
0.750062505208767,0.532280730215671,0.799047027095382,0.975812448852968,0.975055712199169,0.798096088406456,0.532280730215671
0.760063338611551,0.532280730215671,0.799093090110811,0.975836336918745,0.975042317474718,0.798098519821682,0.532280730215671
0.770064172014335,0.532280730215671,0.799142818000639,0.975862097779495,0.975027877121164,0.798101179127747,0.532280730215671
0.780065005417118,0.532280730215671,0.799189853907676,0.975886494522559,0.9750140831376,0.798103331212057,0.532280730215671
0.790065838819902,0.532280730215671,0.799226216857167,0.975905477935749,0.975003070383397,0.798104115301075,0.532280730215671
0.800066672222685,0.532280730215671,0.799243207893155,0.975914641929312,0.974997182201145,0.798102661460797,0.532280730215671
0.810067505625469,0.532280730215671,0.799233618769162,0.975910319340256,0.974998397265717,0.798098332847985,0.532280730215671
0.820068339028252,0.532280730215671,0.799194913451797,0.975891162465197,0.975007492910803,0.798091038312117,0.532280730215671
0.830069172431036,0.532280730215671,0.799131700502771,0.975859392843369,0.975023368813361,0.798081430166894,0.532280730215671
0.84007000583382,0.532280730215671,0.799055205629956,0.975820589073699,0.975043130315198,0.798070773272711,0.532280730215671
0.850070839236603,0.532280730215671,0.798979096809518,0.97578165455312,0.975063135391232,0.798060470686254,0.532280730215671
0.860071672639387,0.532280730215671,0.798914098400837,0.975748122071505,0.975080414081241,0.798051531289557,0.532280730215671
0.87007250604217,0.532280730215671,0.798864991325467,0.975722582004511,0.975093522888905,0.798044327023204,0.532280730215671
0.880073339444954,0.532280730215671,0.798831267760542,0.975704926737224,0.975102450845871,0.798038715464759,0.532280730215671
0.890074172847737,0.532280730215671,0.798809728212335,0.975693614789583,0.97510797311668,0.798034322451318,0.532280730215671
0.900075006250521,0.532280730215671,0.798796776477787,0.975686836843715,0.975111034597279,0.798030765525413,0.532280730215671
0.910075839653304,0.532280730215671,0.7987895351949,0.975683111648655,0.975112423036363,0.79802775097791,0.532280730215671
0.920076673056088,0.532280730215671,0.798786058108393,0.975681421318502,0.975112686099622,0.798025084214794,0.532280730215671
0.930077506458872,0.532280730215671,0.79878515571546,0.975681136954683,0.975112164549381,0.798022646871285,0.532280730215671
0.940078339861655,0.532280730215671,0.798786153883803,0.975681899705401,0.975111053269898,0.798020370600363,0.532280730215671
0.950079173264439,0.532280730215671,0.798788703585565,0.9756835230959,0.975109453030999,0.798018217432576,0.532280730215671
0.960080006667222,0.532280730215671,0.798792658103473,0.975685928608626,0.975107405160993,0.798016167314656,0.532280730215671
0.970080840070006,0.532280730215671,0.79879800108995,0.975689107421883,0.975104912300732,0.798014210762695,0.532280730215671
0.980081673472789,0.532280730215671,0.798804805690439,0.975693098441862,0.975101950355636,0.798012344555751,0.532280730215671
0.990082506875573,0.532280730215671,0.798813210071553,0.975697975018116,0.975098475728095,0.798010569036327,0.532280730215671
1.00008334027836,0.532280730215671,0.798823399877819,0.975703835344691,0.975094430556248,0.798008886158869,0.532280730215671
1.01008417368114,0.532280730215671,0.79883559160413,0.975710793370298,0.975089747712163,0.798007297809513,0.532280730215671
1.02008500708392,0.532280730215671,0.79885001306139,0.975718968218529,0.975084356676142,0.798005804164578,0.532280730215671
1.03008584048671,0.532280730215671,0.798866878846941,0.975728471054516,0.975078190894373,0.798004402031817,0.532280730215671
1.04008667388949,0.532280730215671,0.798886360604865,0.975739389330586,0.975071196678715,0.798003083266476,0.532280730215671
1.05008750729227,0.532280730215671,0.79890855407812,0.975751769502504,0.975063343061059,0.798001833477706,0.532280730215671
1.06008834069506,0.532280730215671,0.798933447262322,0.975765600495914,0.975054631341552,0.798000631316202,0.532280730215671
1.07008917409784,0.532280730215671,0.798960895705309,0.975780801075744,0.975045102559591,0.797999448626025,0.532280730215671
1.08009000750063,0.532280730215671,0.798990611323961,0.975797214404077,0.975034841009345,0.797998251629614,0.532280730215671
1.09009084090341,0.532280730215671,0.799022169462626,0.975814612182064,0.975023972384946,0.797997003108148,0.532280730215671
1.10009167430619,0.532280730215671,0.79905503542782,0.975832708939799,0.975012656143689,0.797995665296969,0.532280730215671
1.11009250770898,0.532280730215671,0.79908860736945,0.975851184774157,0.975001072946818,0.797994203022298,0.532280730215671
1.12009334111176,0.532280730215671,0.799122268608058,0.975869712898387,0.974989409155303,0.797992586534787,0.532280730215671
1.13009417451454,0.532280730215671,0.799155440630533,0.975887987423721,0.974977840940732,0.797990793574311,0.532280730215671
1.14009500791733,0.532280730215671,0.7991876285182,0.975905747102716,0.974966520454633,0.79798881039553,0.532280730215671
1.15009584132011,0.532280730215671,0.799218453100279,0.975922792094117,0.974955565793636,0.797986631721738,0.532280730215671
1.16009667472289,0.532280730215671,0.799247667568602,0.975938992600731,0.974945055505664,0.79798425979798,0.532280730215671
1.17009750812568,0.532280730215671,0.799275159486706,0.975954289886761,0.974935027440122,0.797981702834528,0.532280730215671
1.18009834152846,0.532280730215671,0.79930094129411,0.975968691298121,0.974925481088014,0.797978973158982,0.532280730215671
1.19009917493124,0.532280730215671,0.799325133305646,0.97598226136867,0.974916382266025,0.797976085351002,0.532280730215671
1.20010000833403,0.532280730215671,0.799347943038681,0.975995111004002,0.974907669021889,0.797973054552654,0.532280730215671
1.21010084173681,0.532280730215671,0.799369643883524,0.97600738630787,0.974899257860749,0.797969895061073,0.532280730215671
1.22010167513959,0.532280730215671,0.799390555083497,0.976019258070949,0.974891049692246,0.797966619239205,0.532280730215671
1.23010250854238,0.532280730215671,0.799411024014963,0.976030912434292,0.974882935184813,0.797963236732917,0.532280730215671
1.24010334194516,0.532280730215671,0.799431411014069,0.976042542853177,0.974874799437159,0.797959753958097,0.532280730215671
1.25010417534795,0.532280730215671,0.799452076527773,0.976054343243015,0.974866526021495,0.797956173814238,0.532280730215671
1.26010500875073,0.532280730215671,0.799473370140218,0.976066502071511,0.974858000525722,0.797952495584708,0.532280730215671
1.27010584215351,0.532280730215671,0.799495620975395,0.976079197136455,0.974849113740511,0.79794871499293,0.532280730215671
1.2801066755563,0.532280730215671,0.799519129030774,0.976092590798721,0.974839764622918,0.797944824393875,0.532280730215671
1.29010750895908,0.532280730215671,0.799544157090666,0.97610682549238,0.974829863139922,0.797940813089628,0.532280730215671
1.30010834236186,0.532280730215671,0.799570922957125,0.976122019384048,0.9748193330672,0.797936667765426,0.532280730215671
1.31010917576465,0.532280730215671,0.799599591796401,0.976138262089039,0.974808114798548,0.797932373048929,0.532280730215671
1.32011000916743,0.532280730215671,0.799630268429542,0.976155610371362,0.974796168210462,0.797927912200886,0.532280730215671
1.33011084257021,0.532280730215671,0.799662989416945,0.97617408376822,0.974783475618901,0.797923267950036,0.532280730215671
1.340111675973,0.532280730215671,0.799697714834771,0.976193660105804,0.974770044849916,0.797918423488131,0.532280730215671
1.35011250937578,0.532280730215671,0.799734319760063,0.976214270934431,0.974755912408701,0.797913363640507,0.532280730215671
1.36011334277856,0.532280730215671,0.799772585711019,0.976235797027874,0.974741146659398,0.797908076220241,0.532280730215671
1.37011417618135,0.532280730215671,0.799812192650878,0.976258064275215,0.974725850812634,0.797902553556059,0.532280730215671
1.38011500958413,0.532280730215671,0.799852712646706,0.97628084053752,0.974710165361642,0.797896794152097,0.532280730215671
1.39011584298692,0.532280730215671,0.799893606819126,0.976303834315566,0.974694269428476,0.797890804390437,0.532280730215671
1.4001166763897,0.532280730215671,0.799934227710979,0.976326696319841,0.974678380315205,0.797884600127531,0.532280730215671
1.41011750979248,0.532280730215671,0.799973829474477,0.976349025164516,0.974662750455175,0.797878207972277,0.532280730215671
1.42011834319527,0.532280730215671,0.800011588130471,0.976370378323462,0.97464766099164,0.797871665981997,0.532280730215671
1.43011917659805,0.532280730215671,0.800046633411693,0.976390289099133,0.974633411436798,0.797865023494185,0.532280730215671
1.44012001000083,0.532280730215671,0.800078092276828,0.976408289621916,0.974620305317314,0.797858339848502,0.532280730215671
1.45012084340362,0.532280730215671,0.800105142156795,0.976423938861707,0.974608632372953,0.797851681860598,0.532280730215671
1.4601216768064,0.532280730215671,0.80012706967488,0.976436853450834,0.974598648649533,0.797845120086054,0.532280730215671
1.47012251020918,0.532280730215671,0.80014332848639,0.976446738049138,0.974590556550089,0.797838724135527,0.532280730215671
1.48012334361197,0.532280730215671,0.800153588635112,0.976453411342103,0.974584487372397,0.797832557523807,0.532280730215671
1.49012417701475,0.532280730215671,0.800157769961668,0.976456823822961,0.974580488880171,0.797826672695606,0.532280730215671
1.50012501041753,0.532280730215671,0.800156053858361,0.976457064391133,0.974578519936042,0.797821106914341,0.532280730215671
1.51012584382032,0.532280730215671,0.800148870827185,0.976454354397419,0.974578453220673,0.797815879598892,0.532280730215671
1.5201266772231,0.532280730215671,0.800136865192711,0.976449029750105,0.974580085780386,0.797810991460988,0.532280730215671
1.53012751062589,0.532280730215671,0.800120842013439,0.976441513597045,0.974583155889728,0.797806425486895,0.532280730215671
1.54012834402867,0.532280730215671,0.800101703826373,0.97643228346076,0.974587363789414,0.797802149499927,0.532280730215671
1.55012917743145,0.532280730215671,0.800080385789004,0.976421837232321,0.974592393467142,0.797798119809696,0.532280730215671
1.56013001083424,0.532280730215671,0.800057796989839,0.97641066207902,0.97459793283062,0.797794285347223,0.532280730215671
1.57013084423702,0.532280730215671,0.8000347735909,0.976399209282486,0.97460369026243,0.797790591708936,0.532280730215671
1.5801316776398,0.532280730215671,0.800012046727269,0.976387876636968,0.974609406428438,0.797786984658401,0.532280730215671
1.59013251104259,0.532280730215671,0.799990225425881,0.976376998661392,0.974614861101389,0.797783412813099,0.532280730215671
1.60013334444537,0.532280730215671,0.79996979274058,0.976366843787807,0.974619875477561,0.797779829424743,0.532280730215671
1.61013417784815,0.532280730215671,0.799951112076292,0.976357617018907,0.974624310914237,0.797776193308169,0.532280730215671
1.62013501125094,0.532280730215671,0.799934440273803,0.976349466300626,0.974628065193457,0.797772469068209,0.532280730215671
1.63013584465372,0.532280730215671,0.799919944258153,0.976342490942902,0.974631067377618,0.797768626815453,0.532280730215671
1.6401366780565,0.532280730215671,0.799907718662507,0.976336750715101,0.974633272145615,0.797764641561578,0.532280730215671
1.65013751145929,0.532280730215671,0.799897802589212,0.976332274620496,0.974634654262459,0.797760492458069,0.532280730215671
1.66013834486207,0.532280730215671,0.799890194388516,0.976329068725505,0.974635203599736,0.797756162003287,0.532280730215671
1.67013917826486,0.532280730215671,0.799884863926445,0.97632712273086,0.974634920924335,0.797751635302625,0.532280730215671
1.68014001166764,0.532280730215671,0.799881762242336,0.976326415202597,0.974633814522854,0.797746899431429,0.532280730215671
1.69014084507042,0.532280730215671,0.799880828771143,0.976326917532212,0.974631897629093,0.797741942923203,0.532280730215671
1.70014167847321,0.532280730215671,0.799881996454757,0.97632859678096,0.974629186564111,0.797736755386487,0.532280730215671
1.71014251187599,0.532280730215671,0.799885195125096,0.976331417600325,0.974625699471704,0.797731327241705,0.532280730215671
1.72014334527877,0.532280730215671,0.799890353541762,0.976335343425653,0.974621455526629,0.79772564956249,0.532280730215671
1.73014417868156,0.532280730215671,0.799897400433819,0.976340337125937,0.974616474499973,0.797719714002879,0.532280730215671
1.74014501208434,0.532280730215671,0.799906264846415,0.976346361269343,0.974610776579666,0.797713512791118,0.532280730215671
1.75014584548712,0.532280730215671,0.799916876039682,0.976353378137248,0.974604382360351,0.797707038771609,0.532280730215671
1.76014667888991,0.532280730215671,0.799929163135855,0.976361349593009,0.974597312933196,0.797700285478113,0.532280730215671
1.77014751229269,0.532280730215671,0.799943054663923,0.976370236887099,0.974589590021597,0.797693247223408,0.532280730215671
1.78014834569547,0.532280730215671,0.799958478110233,0.976380000458463,0.974581236122592,0.797685919192894,0.532280730215671
1.79014917909826,0.532280730215671,0.799975359548501,0.976390599772989,0.974572274625925,0.797678297532104,0.532280730215671
1.80015001250104,0.532280730215671,0.799993623393213,0.976401993223923,0.974562729893218,0.797670379420536,0.532280730215671
1.81015084590383,0.532280730215671,0.800013192295836,0.976414138105567,0.974552627288615,0.797662163126782,0.532280730215671
1.82015167930661,0.532280730215671,0.800033987183448,0.976426990660583,0.974541993159666,0.797653648042358,0.532280730215671
1.83015251270939,0.532280730215671,0.800055927423802,0.976440506192617,0.974530854773212,0.79764483469393,0.532280730215671
1.84015334611218,0.532280730215671,0.800078931089345,0.976454639229501,0.974519240215531,0.797635724735792,0.532280730215671
1.85015417951496,0.532280730215671,0.800102915285113,0.97646934371802,0.974507178269229,0.79762632092621,0.532280730215671
1.86015501291774,0.532280730215671,0.800127796501304,0.976484573228944,0.97449469828122,0.797616627092727,0.532280730215671
1.87015584632053,0.532280730215671,0.800153490950522,0.976500281150444,0.974481830036826,0.797606648092566,0.532280730215671
1.88015667972331,0.532280730215671,0.800179914851586,0.976516420849108,0.974468603654636,0.797596389774886,0.532280730215671
1.89015751312609,0.532280730215671,0.800206984626056,0.97653294578002,0.974455049515484,0.797585858951828,0.532280730215671
1.90015834652888,0.532280730215671,0.800234616979603,0.976549809530666,0.974441198236872,0.797575063385068,0.532280730215671
1.91015917993166,0.532280730215671,0.800262728847555,0.976566965787397,0.974427080701636,0.797564011794014,0.532280730215671
1.92016001333444,0.532280730215671,0.800291237191921,0.976584368217548,0.974412728146727,0.79755271389084,0.532280730215671
1.93016084673723,0.532280730215671,0.8003200586454,0.976601970264836,0.974398172314888,0.797541180446428,0.532280730215671
1.94016168014001,0.532280730215671,0.800349109006145,0.976619724860233,0.974383445668814,0.797529423389814,0.532280730215671
1.9501625135428,0.532280730215671,0.800378302594986,0.976637584054863,0.974368581664209,0.797517455942259,0.532280730215671
1.96016334694558,0.532280730215671,0.800407551494372,0.976655498585692,0.974353615075059,0.797505292785249,0.532280730215671
1.97016418034836,0.532280730215671,0.800436764695395,0.976673417388653,0.97433858236144,0.797492950259999,0.532280730215671
1.98016501375115,0.532280730215671,0.800465847185873,0.97669128707757,0.974323522067273,0.797480446594015,0.532280730215671
1.99016584715393,0.532280730215671,0.800494699018629,0.976709051410617,0.974308475232651,0.797467802148293,0.532280730215671
2.00016668055671,0.532280730215671,0.800523214404822,0.976726650769259,0.97429348580269,0.797455039676595,0.532280730215671
2.0101675139595,0.532280730215671,0.800551280882431,0.976744021677537,0.974278601012256,0.797442184586059,0.532280730215671
2.02016834736228,0.532280730215671,0.800578778614606,0.976761096392114,0.974263871723585,0.797429265186232,0.532280730215671
2.03016918076506,0.532280730215671,0.800605579876461,0.97677780259574,0.974249352691673,0.797416312911414,0.532280730215671
2.04017001416785,0.532280730215671,0.800631548791562,0.976794063228264,0.974235102730611,0.797403362499209,0.532280730215671
2.05017084757063,0.532280730215671,0.800656541380451,0.976809796490079,0.974221184752997,0.797390452106436,0.532280730215671
2.06017168097341,0.532280730215671,0.800680405982463,0.976824916052357,0.974207665654338,0.797377623342237,0.532280730215671
2.0701725143762,0.532280730215671,0.800702984108087,0.976839331506411,0.974194616015384,0.797364921197661,0.532280730215671
2.08017334777898,0.532280730215671,0.800724111771527,0.976852949080511,0.974182109597847,0.7973523938513,0.532280730215671
2.09017418118177,0.532280730215671,0.800743621341178,0.976865672646141,0.974170222613431,0.797340092332139,0.532280730215671
2.10017501458455,0.532280730215671,0.800761343928811,0.976877405026639,0.974159032752646,0.797328070023814,0.532280730215671
2.11017584798733,0.532280730215671,0.800777112316148,0.976888049609241,0.974148617968912,0.797316381999246,0.532280730215671
2.12017668139012,0.532280730215671,0.800790764390114,0.976897512246756,0.974139055024868,0.79730508418121,0.532280730215671
2.1301775147929,0.532280730215671,0.800802147026086,0.976905703417715,0.974130417821458,0.797294232332923,0.532280730215671
2.14017834819568,0.532280730215671,0.800811120323206,0.976912540594509,0.97412277554581,0.797283880892814,0.532280730215671
2.15017918159847,0.532280730215671,0.800817562059238,0.976917950748876,0.974116190690317,0.797274081679107,0.532280730215671
2.16018001500125,0.532280730215671,0.800821372197399,0.976921872904453,0.974110717011567,0.797264882501744,0.532280730215671
2.17018084840403,0.532280730215671,0.800822477247311,0.976924260628883,0.974106397512344,0.797256325730898,0.532280730215671
2.18018168180682,0.532280730215671,0.800820834260618,0.976925084345111,0.974103262541328,0.797248446881459,0.532280730215671
2.1901825152096,0.532280730215671,0.800816434232322,0.97692433333503,0.974101328111516,0.797241273280454,0.532280730215671
2.20018334861238,0.532280730215671,0.800809304684927,0.976922017310352,0.974100594538437,0.797234822888032,0.532280730215671
2.21018418201517,0.532280730215671,0.80079951123583,0.976918167436724,0.974101045491741,0.797229103341535,0.532280730215671
2.22018501541795,0.532280730215671,0.800787157989835,0.976912836718049,0.974102647538294,0.797224111285548,0.532280730215671
2.23018584882074,0.532280730215671,0.800772386656434,0.976906099678214,0.974105350231924,0.797219832038765,0.532280730215671
2.24018668222352,0.532280730215671,0.800755374362374,0.976898051315179,0.974109086775638,0.797216239631263,0.532280730215671
2.2501875156263,0.532280730215671,0.800736330208316,0.976888805344888,0.974113775248723,0.797213297224861,0.532280730215671
2.26018834902909,0.532280730215671,0.800715490697461,0.976878491796182,0.974119320356376,0.797210957906011,0.532280730215671
2.27018918243187,0.532280730215671,0.800693114236373,0.976867254058764,0.974125615626691,0.797209165817487,0.532280730215671
2.28019001583465,0.532280730215671,0.800669474966704,0.97685524552035,0.974132545952029,0.797207857574053,0.532280730215671
2.29019084923744,0.532280730215671,0.800644856225469,0.97684262595317,0.974139990351769,0.797206963890424,0.532280730215671
2.30019168264022,0.532280730215671,0.800619543947112,0.976829557821568,0.974147824823089,0.797206411338735,0.532280730215671
2.310192516043,0.532280730215671,0.800593820311921,0.976816202680845,0.974155925146409,0.797206124148317,0.532280730215671
2.32019334944579,0.532280730215671,0.800567957913976,0.976802717823126,0.974164169522243,0.797206025963071,0.532280730215671
2.33019418284857,0.532280730215671,0.800542214671948,0.976789253301012,0.974172440934805,0.797206041480403,0.532280730215671
2.34019501625135,0.532280730215671,0.800516829643516,0.976775949427001,0.974180629162597,0.797206097909393,0.532280730215671
2.35019584965414,0.532280730215671,0.800492019835701,0.976762934809774,0.974188632384531,0.797206126202819,0.532280730215671
2.36019668305692,0.532280730215671,0.800467978035777,0.97675032495107,0.974196358359094,0.797206062036083,0.532280730215671
2.3701975164597,0.532280730215671,0.800444871626342,0.976738221392427,0.974203725180955,0.79720584652409,0.532280730215671
2.38019834986249,0.532280730215671,0.8004228422981,0.97672671137196,0.974210661642351,0.797205426683288,0.532280730215671
2.39019918326527,0.532280730215671,0.800402006537366,0.976715867929394,0.974217107244109,0.797204755659267,0.532280730215671
2.40020001666806,0.532280730215671,0.800382456743227,0.976705750383333,0.974223011912806,0.797203792749876,0.532280730215671
2.41020085007084,0.532280730215671,0.800364262820705,0.976696405098022,0.974228335486387,0.797202503259742,0.532280730215671
2.42020168347362,0.532280730215671,0.800347474099511,0.976687866456876,0.974233047031203,0.797200858224409,0.532280730215671
2.43020251687641,0.532280730215671,0.800332121440235,0.976680157965295,0.974237124049931,0.797198834041775,0.532280730215671
2.44020335027919,0.532280730215671,0.800318219408304,0.976673293414429,0.974240551633283,0.797196412045599,0.532280730215671
2.45020418368197,0.532280730215671,0.800305768418003,0.976667278048903,0.974243321600004,0.797193578051413,0.532280730215671
2.46020501708476,0.532280730215671,0.800294756771826,0.976662109693861,0.974245431660439,0.797190321899845,0.532280730215671
2.47020585048754,0.532280730215671,0.800285162542543,0.976657779808788,0.97424688462974,0.797186637016751,0.532280730215671
2.48020668389032,0.532280730215671,0.800276955265315,0.976654274446767,0.974247687708273,0.797182520004094,0.532280730215671
2.49020751729311,0.532280730215671,0.800270097424123,0.976651575107458,0.974247851839296,0.797177970270596,0.532280730215671
2.50020835069589,0.532280730215671,0.800264545730343,0.976649659480015,0.974247391147851,0.79717298970695,0.532280730215671
2.51020918409868,0.532280730215671,0.80026025220152,0.976648502078251,0.974246322459976,0.797167582406939,0.532280730215671
2.52021001750146,0.532280730215671,0.8002571650555,0.976648074774691,0.974244664897882,0.797161754433222,0.532280730215671
2.53021085090424,0.532280730215671,0.800255229439432,0.976648347243032,0.974242439544403,0.79715551362467,0.532280730215671
2.54021168430703,0.532280730215671,0.800254388015257,0.976649287319993,0.974239669168718,0.797148869440979,0.532280730215671
2.55021251770981,0.532280730215671,0.800254581423652,0.976650861298068,0.974236378004849,0.797141832839666,0.532280730215671
2.56021335111259,0.532280730215671,0.80025574864742,0.976653034160364,0.974232591574569,0.797134416180446,0.532280730215671
2.57021418451538,0.532280730215671,0.80025782729346,0.976655769767865,0.974228336546914,0.797126633152132,0.532280730215671
2.58021501791816,0.532280730215671,0.800260753810071,0.976659031008268,0.974223640627346,0.797118498717691,0.532280730215671
2.59021585132094,0.532280730215671,0.800264463653771,0.976662779914192,0.974218532470613,0.797110029073607,0.532280730215671
2.60021668472373,0.532280730215671,0.8002688914172,0.976666977757191,0.974213041612366,0.79710124162039,0.532280730215671
2.61021751812651,0.532280730215671,0.800273970927357,0.976671585122709,0.97420719841557,0.797092154941639,0.532280730215671
2.62021835152929,0.532280730215671,0.800279635321361,0.976676561970055,0.974201034028559,0.797082788789645,0.532280730215671
2.63021918493208,0.532280730215671,0.80028581710534,0.976681867680563,0.974194580352265,0.797073164075943,0.532280730215671
2.64022001833486,0.532280730215671,0.800292448200904,0.976687461096549,0.974187870014583,0.797063302865531,0.532280730215671
2.65022085173764,0.532280730215671,0.800299459983021,0.976693300553313,0.974180936350076,0.797053228373585,0.532280730215671
2.66022168514043,0.532280730215671,0.800306783312875,0.976699343906362,0.974173813383241,0.797042964963489,0.532280730215671
2.67022251854321,0.532280730215671,0.800314348569474,0.976705548556215,0.974166535813415,0.797032538144806,0.532280730215671
2.680223351946,0.532280730215671,0.800322085684304,0.976711871473462,0.974159138999023,0.797021974569493,0.532280730215671
2.69022418534878,0.532280730215671,0.800329924184048,0.976718269227273,0.974151658938476,0.797011302024221,0.532280730215671
2.70022501875156,0.532280730215671,0.800337793247264,0.976724698021093,0.974144132244458,0.797000549416147,0.532280730215671
2.71022585215435,0.532280730215671,0.800345621781848,0.976731113739855,0.974136596107829,0.796989746748926,0.532280730215671
2.72022668555713,0.532280730215671,0.800353338530902,0.976737472013582,0.974129088246831,0.79697892508523,0.532280730215671
2.73022751895991,0.532280730215671,0.800360872215251,0.976743728302642,0.974121646836901,0.796968116491515,0.532280730215671
2.7402283523627,0.532280730215671,0.800368151721188,0.97674983801017,0.974114310416107,0.796957353960454,0.532280730215671
2.75022918576548,0.532280730215671,0.800375106341918,0.976755756627155,0.974107117761174,0.796946671306227,0.532280730215671
2.76023001916826,0.532280730215671,0.800381666080598,0.976761439915363,0.974100107729269,0.796936103027879,0.532280730215671
2.77023085257105,0.532280730215671,0.800387762021737,0.976766844132634,0.974093319061214,0.796925684136244,0.532280730215671
2.78023168597383,0.532280730215671,0.800393326775933,0.976771926304041,0.97408679014264,0.796915449940526,0.532280730215671
2.79023251937661,0.532280730215671,0.800398295000554,0.976776644540998,0.974080558720779,0.796905435791549,0.532280730215671
2.8002333527794,0.532280730215671,0.800402603995949,0.97678095840856,0.974074661576154,0.796895676779984,0.532280730215671
2.81023418618218,0.532280730215671,0.80040619437315,0.976784829339032,0.974069134150319,0.796886207389469,0.532280730215671
2.82023501958497,0.532280730215671,0.800409010785005,0.976788221087486,0.974064010132992,0.796877061106525,0.532280730215671
2.83023585298775,0.532280730215671,0.800411002708266,0.97679110022212,0.974059321014352,0.796868269991368,0.532280730215671
2.84023668639053,0.532280730215671,0.800412125259654,0.976793436639573,0.974055095610806,0.796859864216152,0.532280730215671
2.85023751979332,0.532280730215671,0.800412340024504,0.97679520409257,0.974051359575097,0.796851871579688,0.532280730215671
2.8602383531961,0.532280730215671,0.800411615872663,0.976796380714693,0.974048134904015,0.79684431701009,0.532280730215671
2.87023918659888,0.532280730215671,0.800409929732986,0.976796949524979,0.974045439459051,0.796837222069078,0.532280730215671
2.88024002000167,0.532280730215671,0.8004072672956,0.976796898893423,0.974043286516913,0.796830604473474,0.532280730215671
2.89024085340445,0.532280730215671,0.800403623610169,0.976796222947745,0.974041684367725,0.796824477650718,0.532280730215671
2.90024168680723,0.532280730215671,0.800399003549104,0.976794921901897,0.974040635978833,0.796818850345808,0.532280730215671
2.91024252021002,0.532280730215671,0.800393422107051,0.976793002287976,0.974040138741258,0.796813726296761,0.532280730215671
2.9202433536128,0.532280730215671,0.800386904512207,0.976790477075544,0.974040184314043,0.796809103994471,0.532280730215671
2.93024418701558,0.532280730215671,0.800379486130957,0.976787365665647,0.974040758578872,0.79680497654067,0.532280730215671
2.94024502041837,0.532280730215671,0.800371212154734,0.976783693751196,0.974041841713658,0.79680133161458,0.532280730215671
2.95024585382115,0.532280730215671,0.800362137066587,0.976779493040413,0.974043408389338,0.796798151554986,0.532280730215671
2.96024668722394,0.532280730215671,0.800352323894209,0.976774800845639,0.974045428089149,0.796795413559943,0.532280730215671
2.97024752062672,0.532280730215671,0.800341843265503,0.976769659545488,0.974047865544559,0.79679309000156,0.532280730215671
2.9802483540295,0.532280730215671,0.800330772291644,0.976764115933914,0.974050681276928,0.796791148848387,0.532280730215671
2.99024918743229,0.532280730215671,0.800319193310313,0.976758220474657,0.974053832229476,0.796789554183394,0.532280730215671
3.00025002083507,0.532280730215671,0.800307192527905,0.976752026483629,0.974057272470249,0.796788266801491,0.532280730215671
3.01025085423785,0.532280730215671,0.800294858603571,0.976745589264661,0.974060953943992,0.796787244867397,0.532280730215671
3.02025168764064,0.532280730215671,0.80028228121967,0.976738965225553,0.974064827249241,0.796786444612531,0.532280730215671
3.03025252104342,0.532280730215671,0.800269549682584,0.976732211001471,0.97406884241655,0.796785821048664,0.532280730215671
3.0402533544462,0.532280730215671,0.800256751594901,0.976725382611398,0.974072949664728,0.796785328676289,0.532280730215671
3.05025418784899,0.532280730215671,0.800243971635045,0.976718534670783,0.974077100113974,0.796784922167052,0.532280730215671
3.06025502125177,0.532280730215671,0.800231290473927,0.976711719679928,0.974081246437853,0.7967845570019,0.532280730215671
3.07025585465455,0.532280730215671,0.800218783850624,0.976704987403279,0.974085343439706,0.796784190049719,0.532280730215671
3.08025668805734,0.532280730215671,0.800206521821009,0.976698384350061,0.97408934854328,0.796783780074853,0.532280730215671
3.09025752146012,0.532280730215671,0.800194568185228,0.976691953361812,0.974093222191549,0.796783288165733,0.532280730215671
3.10025835486291,0.532280730215671,0.80018298009239,0.976685733307768,0.974096928151865,0.796782678080694,0.532280730215671
3.11025918826569,0.532280730215671,0.800171807814269,0.976679758884861,0.974100433729277,0.796781916510658,0.532280730215671
3.12026002166847,0.532280730215671,0.800161094674395,0.976674060515618,0.974103709893057,0.796780973261503,0.532280730215671
3.13026085507126,0.532280730215671,0.800150877114918,0.97666866433448,0.974106731324008,0.796779821361571,0.532280730215671
3.14026168847404,0.532280730215671,0.80014118488094,0.976663592251198,0.974109476391936,0.796778437101741,0.532280730215671
3.15026252187682,0.532280730215671,0.800132041300783,0.976658862078829,0.974111927073803,0.796776800016819,0.532280730215671
3.16026335527961,0.532280730215671,0.800123463640473,0.976654487713497,0.974114068823524,0.79677489281774,0.532280730215671
3.17026418868239,0.532280730215671,0.800115463511684,0.976650479353375,0.974115890404278,0.796772701284242,0.532280730215671
3.18026502208517,0.532280730215671,0.800108047314014,0.976646843745088,0.97411738369364,0.796770214127383,0.532280730215671
3.19026585548796,0.532280730215671,0.800101216694658,0.976643584446921,0.974118543470919,0.796767422830622,0.532280730215671
3.20026668889074,0.532280730215671,0.800094969011094,0.976640702099576,0.974119367194966,0.796764321477295,0.532280730215671
3.21026752229352,0.532280730215671,0.800089297785025,0.976638194696761,0.974119854779431,0.796760906571228,0.532280730215671
3.22026835569631,0.532280730215671,0.800084193138443,0.976636057849399,0.97412000837115,0.796757176856109,0.532280730215671
3.23026918909909,0.532280730215671,0.800079642205129,0.976634285038747,0.974119832136064,0.7967531331381,0.532280730215671
3.24027002250188,0.532280730215671,0.800075629513126,0.976632867855045,0.9741193320559,0.796748778115075,0.532280730215671
3.25027085590466,0.532280730215671,0.800072137335651,0.976631796219541,0.974118515737769,0.796744116214887,0.532280730215671
3.26027168930744,0.532280730215671,0.800069146009488,0.976631058588743,0.974117392237943,0.796739153444196,0.532280730215671
3.27027252271023,0.532280730215671,0.800066634221224,0.976630642140597,0.974115971900279,0.79673389724864,0.532280730215671
3.28027335611301,0.532280730215671,0.800064579262652,0.976630532942963,0.974114266209184,0.796728356384523,0.532280730215671
3.29027418951579,0.532280730215671,0.800062957257399,0.976630716105264,0.974112287656511,0.796722540801729,0.532280730215671
3.30027502291858,0.532280730215671,0.800061743361312,0.976631175914529,0.974110049621462,0.796716461537163,0.532280730215671
3.31027585632136,0.532280730215671,0.800060911939413,0.976631895957311,0.97410756626229,0.796710130617819,0.532280730215671
3.32027668972414,0.532280730215671,0.800060436722387,0.976632859229077,0.974104852418506,0.796703560972324,0.532280730215671
3.33027752312693,0.532280730215671,0.800060290945554,0.976634048232747,0.974101923522154,0.796696766349766,0.532280730215671
3.34027835652971,0.532280730215671,0.800060447473203,0.976635445068028,0.974098795516748,0.796689761244504,0.532280730215671
3.35027918993249,0.532280730215671,0.800060878911017,0.976637031513179,0.974095484782456,0.796682560825689,0.532280730215671
3.36028002333528,0.532280730215671,0.800061557709157,0.976638789100726,0.974092008066167,0.796675180870215,0.532280730215671
3.37028085673806,0.532280730215671,0.800062456258327,0.976640699188596,0.974088382415152,0.796667637697878,0.532280730215671
3.38028169014085,0.532280730215671,0.800063546980969,0.976642743027981,0.974084625113099,0.79665994810755,0.532280730215671
3.39028252354363,0.532280730215671,0.800064802419484,0.976644901829181,0.974080753617406,0.796652129313275,0.532280730215671
3.40028335694641,0.532280730215671,0.800066195323172,0.976647156826522,0.974076785496683,0.796644198879233,0.532280730215671
3.4102841903492,0.532280730215671,0.800067698735358,0.976649489343336,0.974072738367539,0.796636174652616,0.532280730215671
3.42028502375198,0.532280730215671,0.800069286081969,0.976651880857871,0.974068629829815,0.79662807469354,0.532280730215671
3.43028585715476,0.532280730215671,0.800070931262579,0.976654313070863,0.974064477399541,0.796619917201233,0.532280730215671
3.44028669055755,0.532280730215671,0.800072608744753,0.976656767975378,0.974060298439021,0.796611720435816,0.532280730215671
3.45028752396033,0.532280730215671,0.800074293662246,0.976659227929353,0.974056110083574,0.796603502635163,0.532280730215671
3.46028835736311,0.532280730215671,0.80007596191739,0.976661675731167,0.974051929164604,0.796595281926444,0.532280730215671
3.4702891907659,0.532280730215671,0.800077590287747,0.976664094698325,0.974047772128856,0.796587076232149,0.532280730215671
3.48029002416868,0.532280730215671,0.800079156536787,0.976666468749218,0.974043654953865,0.796578903170541,0.532280730215671
3.49029085757146,0.532280730215671,0.800080639528097,0.97666878248768,0.974039593059827,0.796570779950754,0.532280730215671
3.50029169097425,0.532280730215671,0.800082019342302,0.976671021289869,0.974035601218312,0.796562723262947,0.532280730215671
3.51029252437703,0.532280730215671,0.800083277395562,0.976673171392777,0.974031693458487,0.796554749164181,0.532280730215671
3.52029335777981,0.532280730215671,0.800084396558202,0.976675219983445,0.974027882971706,0.796546872960978,0.532280730215671
3.5302941911826,0.532280730215671,0.800085361271737,0.976677155287753,0.974024182015606,0.796539109089751,0.532280730215671
3.54029502458538,0.532280730215671,0.80008615766226,0.976678966657428,0.974020601819,0.796531470996597,0.532280730215671
3.55029585798817,0.532280730215671,0.800086773647938,0.976680644653758,0.974017152489127,0.796523971018165,0.532280730215671
3.56029669139095,0.532280730215671,0.800087199038153,0.976682181126308,0.974013842922948,0.796516620265565,0.532280730215671
3.57029752479373,0.532280730215671,0.800087425621709,0.976683569284859,0.974010680724324,0.796509428513448,0.532280730215671
3.58029835819652,0.532280730215671,0.800087447241472,0.976684803762689,0.974007672129007,0.796502404096542,0.532280730215671
3.5902991915993,0.532280730215671,0.800087259852835,0.976685880669344,0.974004821939406,0.796495553815996,0.532280730215671
3.60030002500208,0.532280730215671,0.800086861563567,0.976686797631084,0.97400213347104,0.796488882857886,0.532280730215671
3.61030085840487,0.532280730215671,0.800086252652797,0.976687553817324,0.973999608512511,0.796482394726176,0.532280730215671
3.62030169180765,0.532280730215671,0.80008543556726,0.976688149951594,0.973997247300629,0.796476091192242,0.532280730215671
3.63030252521043,0.532280730215671,0.800084414893327,0.976688588305809,0.973995048512102,0.796469972262851,0.532280730215671
3.64030335861322,0.532280730215671,0.800083197303905,0.976688872676963,0.973993009272852,0.79646403616814,0.532280730215671
3.650304192016,0.532280730215671,0.800081791479835,0.976689008345765,0.973991125185694,0.796458279370739,0.532280730215671
3.66030502541878,0.532280730215671,0.800080208006086,0.976689002017137,0.973989390376638,0.796452696596736,0.532280730215671
3.67030585882157,0.532280730215671,0.800078459243702,0.976688861742984,0.973987797559677,0.79644728088864,0.532280730215671
3.68030669222435,0.532280730215671,0.800076559179122,0.976688596828057,0.973986338119405,0.796442023679979,0.532280730215671
3.69030752562714,0.532280730215671,0.800074523253127,0.976688217720247,0.973985002210381,0.796436914890617,0.532280730215671
3.70030835902992,0.532280730215671,0.800072368172257,0.976687735887007,0.973983778871693,0.796431943041325,0.532280730215671
3.7103091924327,0.532280730215671,0.800070111706025,0.976687163680016,0.973982656154776,0.796427095385674,0.532280730215671
3.72031002583549,0.532280730215671,0.800067772473655,0.976686514190497,0.973981621262206,0.796422358056833,0.532280730215671
3.73031085923827,0.532280730215671,0.800065369724336,0.976685801097829,0.97398066069492,0.796417716226549,0.532280730215671
3.74031169264105,0.532280730215671,0.800062923115103,0.976685038514235,0.973979760405112,0.796413154273268,0.532280730215671
3.75031252604384,0.532280730215671,0.800060452490488,0.976684240828406,0.973978905951992,0.796408655956212,0.532280730215671
3.76031335944662,0.532280730215671,0.800057977667875,0.976683422550841,0.973978082657575,0.796404204592167,0.532280730215671
3.7703141928494,0.532280730215671,0.800055518232303,0.976682598163582,0.973977275759751,0.796399783231755,0.532280730215671
3.78031502625219,0.532280730215671,0.800053093343994,0.976681781976804,0.973976470560098,0.796395374832149,0.532280730215671
3.79031585965497,0.532280730215671,0.80005072156148,0.976680987994432,0.973975652564109,0.796390962423389,0.532280730215671
3.80031669305775,0.532280730215671,0.800048420682615,0.976680229790633,0.973974807611834,0.796386529265791,0.532280730215671
3.81031752646054,0.532280730215671,0.800046207605192,0.976679520398644,0.97397392199729,0.796382058996298,0.532280730215671
3.82031835986332,0.532280730215671,0.800044098208275,0.976678872213018,0.973972982575365,0.79637753576206,0.532280730215671
3.83031919326611,0.532280730215671,0.800042107254779,0.976678296905969,0.973971976855335,0.796372944339919,0.532280730215671
3.84032002666889,0.532280730215671,0.800040248315268,0.976677805358094,0.973970893080499,0.796368270240964,0.532280730215671
3.85032086007167,0.532280730215671,0.800038533712422,0.976677407603421,0.973969720293796,0.796363499799709,0.532280730215671
3.86032169347446,0.532280730215671,0.800036974485207,0.976677112788381,0.973968448389607,0.796358620247842,0.532280730215671
3.87032252687724,0.532280730215671,0.800035580371401,0.97667692914405,0.97396706815222,0.796353619772869,0.532280730215671
3.88032336028002,0.532280730215671,0.800034359806858,0.97667686397076,0.973965571281712,0.796348487562247,0.532280730215671
3.89032419368281,0.532280730215671,0.800033319939687,0.976676923634015,0.973963950408146,0.796343213833879,0.532280730215671
3.90032502708559,0.532280730215671,0.800032466657416,0.976677113570544,0.973962199095163,0.796337789854009,0.532280730215671
3.91032586048837,0.532280730215671,0.800031804625145,0.976677438303222,0.97396031183413,0.7963322079437,0.532280730215671
3.92032669389116,0.532280730215671,0.800031337332756,0.976677901463593,0.973958284030026,0.796326461475166,0.532280730215671
3.93032752729394,0.532280730215671,0.800031067149272,0.976678505820754,0.973956111980279,0.79632054485923,0.532280730215671
3.94032836069672,0.532280730215671,0.800030995382631,0.976679253315369,0.973953792847728,0.796314453525213,0.532280730215671
3.95032919409951,0.532280730215671,0.80003112234325,0.976680145097721,0.9739513246288,0.796308183894459,0.532280730215671
3.96033002750229,0.532280730215671,0.800031447409981,0.976681181568751,0.973948706117948,0.796301733348672,0.532280730215671
3.97033086090508,0.532280730215671,0.800031969097196,0.976682362423187,0.973945936869261,0.796295100194113,0.532280730215671
3.98033169430786,0.532280730215671,0.800032685121992,0.976683686693957,0.973943017156066,0.796288283622598,0.532280730215671
3.99033252771064,0.532280730215671,0.800033592470635,0.97668515279722,0.973939947929227,0.796281283670146,0.532280730215671
4.00033336111343,0.532280730215671,0.800034687463606,0.97668675857745,0.97393673077474,0.796274101173944,0.532280730215671
4.01033419451621,0.532280730215671,0.800035965818719,0.976688501352136,0.973933367871086,0.796266737728259,0.532280730215671
4.02033502791899,0.532280730215671,0.800037422711984,0.976690377955748,0.97392986194675,0.796259195639721,0.532280730215671
4.03033586132178,0.532280730215671,0.800039052835976,0.976692384782732,0.973926216238172,0.796251477882391,0.532280730215671
4.04033669472456,0.532280730215671,0.800040850455618,0.97669451782935,0.973922434448345,0.79624358805283,0.532280730215671
4.05033752812734,0.532280730215671,0.800042809461346,0.976696772734285,0.973918520706196,0.796235530325402,0.532280730215671
4.06033836153013,0.532280730215671,0.800044923419729,0.976699144817965,0.973914479526812,0.796227309407893,0.532280730215671
4.07033919493291,0.532280730215671,0.800047185621641,0.976701629120601,0.973910315772548,0.796218930497512,0.532280730215671
4.08034002833569,0.532280730215671,0.800049589128158,0.976704220439007,0.973906034614985,0.796210399237275,0.532280730215671
4.09034086173848,0.532280730215671,0.800052126814334,0.976706913362242,0.973901641497703,0.796201721672745,0.532280730215671
4.10034169514126,0.532280730215671,0.800054791411073,0.976709702306181,0.973897142099801,0.796192904209058,0.532280730215671
4.11034252854405,0.532280730215671,0.800057575545272,0.976712581547103,0.973892542300082,0.796183953568182,0.532280730215671
4.12034336194683,0.532280730215671,0.800060471778436,0.976715545254382,0.973887848141817,0.796174876746292,0.532280730215671
4.13034419534961,0.532280730215671,0.80006347264393,0.976718587522394,0.973883065798013,0.796165680971222,0.532280730215671
4.1403450287524,0.532280730215671,0.800066570683033,0.976721702401709,0.973878201537104,0.796156373659875,0.532280730215671
4.15034586215518,0.532280730215671,0.800069758479914,0.976724883929648,0.973873261688998,0.796146962375552,0.532280730215671
4.16034669555796,0.532280730215671,0.80007302869564,0.976728126160259,0.973868252611437,0.796137454785153,0.532280730215671
4.17034752896075,0.532280730215671,0.800076374101286,0.976731423193746,0.973863180656637,0.79612785861622,0.532280730215671
4.18034836236353,0.532280730215671,0.800079787610182,0.976734769205376,0.973858052138196,0.796118181613827,0.532280730215671
4.19034919576631,0.532280730215671,0.800083262309316,0.976738158473844,0.973852873298297,0.796108431497365,0.532280730215671
4.2003500291691,0.532280730215671,0.800086791489853,0.976741585409077,0.973847650275234,0.796098615917266,0.532280730215671
4.21035086257188,0.532280730215671,0.800090368676717,0.976745044579419,0.97384238907134,0.796088742411789,0.532280730215671
4.22035169597466,0.532280730215671,0.800093987657149,0.976748530738116,0.973837095521405,0.796078818363998,0.532280730215671
4.23035252937745,0.532280730215671,0.800097642508113,0.976752038849003,0.973831775261713,0.796068850959098,0.532280730215671
4.24035336278023,0.532280730215671,0.800101327622405,0.976755564111266,0.973826433699844,0.796058847142353,0.532280730215671
4.25035419618302,0.532280730215671,0.800105037733294,0.976759101983134,0.973821075985407,0.796048813577819,0.532280730215671
4.2603550295858,0.532280730215671,0.800108767937505,0.976762648204341,0.97381570698192,0.796038756608163,0.532280730215671
4.27035586298858,0.532280730215671,0.800112513716334,0.976766198817179,0.973810331240025,0.796028682215894,0.532280730215671
4.28035669639137,0.532280730215671,0.800116270954671,0.976769750185948,0.9738049529723,0.796018595986301,0.532280730215671
4.29035752979415,0.532280730215671,0.800120035957726,0.976773299014617,0.97379957602988,0.796008503072479,0.532280730215671
4.30035836319693,0.532280730215671,0.800123805465214,0.976776842362481,0.973794203881161,0.79599840816277,0.532280730215671
4.31035919659972,0.532280730215671,0.800127576662807,0.976780377657637,0.973788839592827,0.795988315451005,0.532280730215671
4.3203600300025,0.532280730215671,0.800131347190647,0.976783902708073,0.973783485813438,0.7959782286099,0.532280730215671
4.33036086340528,0.532280730215671,0.80013511514874,0.976787415710201,0.973778144759824,0.795968150767949,0.532280730215671
4.34036169680807,0.532280730215671,0.800138879099099,0.976790915254688,0.973772818206485,0.795958084490151,0.532280730215671
4.35036253021085,0.532280730215671,0.800142638064511,0.976794400329432,0.9737675074782,0.795948031762861,0.532280730215671
4.36036336361363,0.532280730215671,0.800146391523865,0.976797870319613,0.973762213445986,0.795937993983031,0.532280730215671
4.37036419701642,0.532280730215671,0.800150139404025,0.976801325004717,0.973756936526537,0.795927971952046,0.532280730215671
4.3803650304192,0.532280730215671,0.800153882068251,0.976804764552544,0.973751676685211,0.795917965874318,0.532280730215671
4.39036586382199,0.532280730215671,0.800157620301273,0.976808189510178,0.973746433442602,0.795907975360726,0.532280730215671
4.40036669722477,0.532280730215671,0.800161355291127,0.976811600792009,0.973741205884667,0.795897999436948,0.532280730215671
4.41036753062755,0.532280730215671,0.800165088607953,0.976814999664881,0.973735992676346,0.795888036556621,0.532280730215671
4.42036836403034,0.532280730215671,0.80016882217997,0.976818387730535,0.973730792078539,0.795878084619239,0.532280730215671
4.43036919743312,0.532280730215671,0.800172558266929,0.976821766905524,0.973725601968269,0.795868140992593,0.532280730215671
4.4403700308359,0.532280730215671,0.800176299431346,0.976825139398827,0.973720419861805,0.795858202539509,0.532280730215671
4.45037086423869,0.532280730215671,0.800180048507888,0.976828507687434,0.973715242940474,0.795848265648561,0.532280730215671
4.46037169764147,0.532280730215671,0.800183808571283,0.97683187449018,0.973710068078855,0.795838326268388,0.532280730215671
4.47037253104425,0.532280730215671,0.800187582903162,0.976835242740168,0.973704891875009,0.795828379945194,0.532280730215671
4.48037336444704,0.532280730215671,0.800191374958248,0.976838615556085,0.973699710682372,0.795818421862946,0.532280730215671
4.49037419784982,0.532280730215671,0.800195188330296,0.976841996212781,0.973694520642932,0.795808446885798,0.532280730215671
4.5003750312526,0.532280730215671,0.800199026718198,0.976845388111447,0.973689317721288,0.795798449602185,0.532280730215671
4.51037586465539,0.532280730215671,0.800202893892626,0.976848794749722,0.973684097739189,0.795788424370094,0.532280730215671
4.52037669805817,0.532280730215671,0.800206793663589,0.97685221969209,0.97367885641017,0.795778365362948,0.532280730215671
4.53037753146095,0.532280730215671,0.800210729849218,0.976855666540841,0.973673589373896,0.795768266615612,0.532280730215671
4.54037836486374,0.532280730215671,0.800214706246079,0.976859138907913,0.973668292229866,0.795758122070015,0.532280730215671
4.55037919826652,0.532280730215671,0.800218726601249,0.976862640387863,0.973662960570146,0.795747925619916,0.532280730215671
4.56038003166931,0.532280730215671,0.800222794586378,0.976866174532194,0.973657590010836,0.795737671154398,0.532280730215671
4.57038086507209,0.532280730215671,0.800226913773861,0.976869744825239,0.973652176222009,0.795727352599708,0.532280730215671
4.58038169847487,0.532280730215671,0.800231087615266,0.976873354661744,0.9736467149559,0.7957169639591,0.532280730215671
4.59038253187766,0.532280730215671,0.800235319422043,0.976877007326289,0.973641202073176,0.795706499350403,0.532280730215671
4.60038336528044,0.532280730215671,0.800239612348567,0.976880705974623,0.973635633567131,0.795695953041081,0.532280730215671
4.61038419868322,0.532280730215671,0.800243969377475,0.976884453616956,0.973630005585721,0.795685319480623,0.532280730215671
4.62038503208601,0.532280730215671,0.800248393307264,0.976888253103241,0.973624314451365,0.7956745933301,0.532280730215671
4.63038586548879,0.532280730215671,0.800252886742041,0.976892107110429,0.973618556678495,0.795663769488854,0.532280730215671
4.64038669889157,0.532280730215671,0.800257452083356,0.976896018131659,0.973612728988855,0.795652843118246,0.532280730215671
4.65038753229436,0.532280730215671,0.80026209152396,0.976899988467334,0.97360682832458,0.795641809662488,0.532280730215671
4.66038836569714,0.532280730215671,0.800266807043374,0.976904020217993,0.973600851859115,0.795630664866588,0.532280730215671
4.67038919909993,0.532280730215671,0.800271600405108,0.976908115278913,0.973594797006046,0.795619404791483,0.532280730215671
4.68039003250271,0.532280730215671,0.800276473155398,0.976912275336314,0.973588661425942,0.795608025826439,0.532280730215671
4.69039086590549,0.532280730215671,0.800281426623291,0.97691650186509,0.973582443031308,0.795596524698842,0.532280730215671
4.70039169930828,0.532280730215671,0.800286461921959,0.976920796127932,0.973576139989748,0.795584898481499,0.532280730215671
4.71039253271106,0.532280730215671,0.800291579951081,0.976925159175743,0.973569750725479,0.795573144597567,0.532280730215671
4.72039336611384,0.532280730215671,0.800296781400182,0.976929591849243,0.973563273919284,0.795561260823279,0.532280730215671
4.73039419951663,0.532280730215671,0.800302066752805,0.976934094781644,0.973556708507047,0.795549245288576,0.532280730215671
4.74039503291941,0.532280730215671,0.800307436291404,0.976938668402305,0.97355005367696,0.795537096475801,0.532280730215671
4.75039586632219,0.532280730215671,0.800312890102881,0.97694331294127,0.973543308865525,0.795524813216582,0.532280730215671
4.76039669972498,0.532280730215671,0.800318428084664,0.976948028434601,0.973536473752448,0.79551239468704,0.532280730215671
4.77039753312776,0.532280730215671,0.800324049951269,0.97695281473042,0.973529548254521,0.795499840401437,0.532280730215671
4.78039836653054,0.532280730215671,0.800329755241284,0.976957671495599,0.973522532518586,0.795487150204388,0.532280730215671
4.79039919993333,0.532280730215671,0.80033554332472,0.97696259822302,0.973515426913651,0.795474324261729,0.532280730215671
4.80040003333611,0.532280730215671,0.800341413410693,0.976967594239347,0.97350823202225,0.795461363050165,0.532280730215671
4.8104008667389,0.532280730215671,0.800347364555391,0.976972658713258,0.973500948631105,0.795448267345768,0.532280730215671
4.82040170014168,0.532280730215671,0.800353395670319,0.976977790664089,0.973493577721155,0.79543503821142,0.532280730215671
4.83040253354446,0.532280730215671,0.80035950553077,0.97698298897084,0.973486120457015,0.795421676983285,0.532280730215671
4.84040336694725,0.532280730215671,0.800365692784521,0.976988252381512,0.973478578175909,0.795408185256376,0.532280730215671
4.85040420035003,0.532280730215671,0.800371955960736,0.976993579522722,0.973470952376138,0.79539456486929,0.532280730215671
4.86040503375281,0.532280730215671,0.800378293479037,0.97699896890958,0.973463244705128,0.795380817888186,0.532280730215671
4.8704058671556,0.532280730215671,0.800384703658764,0.977004418955776,0.973455456947093,0.79536694659006,0.532280730215671
4.88040670055838,0.532280730215671,0.800391184728358,0.977009927983859,0.973447591010377,0.795352953445385,0.532280730215671
4.89040753396116,0.532280730215671,0.800397734834907,0.977015494235669,0.973439648914491,0.795338841100184,0.532280730215671
4.90040836736395,0.532280730215671,0.800404352053774,0.977021115882883,0.973431632776921,0.795324612357596,0.532280730215671
4.91040920076673,0.532280730215671,0.800411034398337,0.977026791037664,0.973423544799722,0.795310270159004,0.532280730215671
4.92041003416951,0.532280730215671,0.800417779829788,0.97703251776335,0.973415387255964,0.795295817564785,0.532280730215671
4.9304108675723,0.532280730215671,0.800424586266976,0.977038294085173,0.973407162476059,0.795281257734768,0.532280730215671
4.94041170097508,0.532280730215671,0.800431451596259,0.97704411800096,0.973398872834039,0.795266593908455,0.532280730215671
4.95041253437786,0.532280730215671,0.800438373681348,0.977049987491782,0.973390520733812,0.795251829385097,0.532280730215671
4.96041336778065,0.532280730215671,0.800445350373087,0.977055900532505,0.973382108595467,0.795236967503696,0.532280730215671
4.97041420118343,0.532280730215671,0.80045237951917,0.977061855102222,0.973373638841672,0.795222011623022,0.532280730215671
4.98041503458622,0.532280730215671,0.800459458973715,0.977067849194499,0.973365113884225,0.795206965101731,0.532280730215671
4.990415867989,0.532280730215671,0.800466586606697,0.977073880827414,0.973356536110813,0.795191831278671,0.532280730215671
5.00041670139178,0.532280730215671,0.800473760313175,0.977079948053331,0.973347907872054,0.795176613453477,0.532280730215671
5.01041753479457,0.532280730215671,0.800480978022288,0.977086048968371,0.973339231468855,0.79516131486754,0.532280730215671
5.02041836819735,0.532280730215671,0.800488237705975,0.977092181721545,0.973330509140174,0.795145938685466,0.532280730215671
5.03041920160013,0.532280730215671,0.800495537387371,0.977098344523479,0.973321743051239,0.795130487977094,0.532280730215671
5.04042003500292,0.532280730215671,0.800502875148867,0.97710453565472,0.97331293528228,0.795114965700208,0.532280730215671
5.0504208684057,0.532280730215671,0.800510249139755,0.977110753473553,0.973304087817847,0.795099374684008,0.532280730215671
5.06042170180848,0.532280730215671,0.800517657583464,0.977116996423308,0.973295202536761,0.79508371761346,0.532280730215671
5.07042253521127,0.532280730215671,0.800525098784323,0.977123263039104,0.973286281202768,0.795067997014607,0.532280730215671
5.08042336861405,0.532280730215671,0.800532571133827,0.977129551954002,0.97327732545594,0.795052215240925,0.532280730215671
5.09042420201683,0.532280730215671,0.800540073116387,0.977135861904531,0.97326833680488,0.795036374460835,0.532280730215671
5.10042503541962,0.532280730215671,0.800547603314519,0.977142191735562,0.97325931661977,0.795020476646408,0.532280730215671
5.1104258688224,0.532280730215671,0.800555160413467,0.977148540404495,0.973250266126319,0.795004523563374,0.532280730215671
5.12042670222519,0.532280730215671,0.800562743205228,0.977154906984745,0.973241186400624,0.794988516762473,0.532280730215671
5.13042753562797,0.532280730215671,0.80057035059197,0.977161290668508,0.973232078364987,0.794972457572205,0.532280730215671
5.14042836903075,0.532280730215671,0.800577981588826,0.977167690768805,0.973222942784716,0.794956347093033,0.532280730215671
5.15042920243354,0.532280730215671,0.800585635326071,0.977174106720771,0.973213780265903,0.794940186193058,0.532280730215671
5.16043003583632,0.532280730215671,0.800593311050651,0.977180538082231,0.973204591254213,0.794923975505195,0.532280730215671
5.1704308692391,0.532280730215671,0.800601008127102,0.977186984533521,0.973195376034659,0.794907715425851,0.532280730215671
5.18043170264189,0.532280730215671,0.800608726037823,0.977193445876601,0.973186134732375,0.794891406115115,0.532280730215671
5.19043253604467,0.532280730215671,0.80061646438275,0.977199922033459,0.973176867314358,0.794875047498429,0.532280730215671
5.20043336944745,0.532280730215671,0.800624222878412,0.977206413043823,0.973167573592161,0.794858639269729,0.532280730215671
5.21043420285024,0.532280730215671,0.800632001356403,0.977212919062221,0.973158253225504,0.794842180895994,0.532280730215671
5.22043503625302,0.532280730215671,0.800639799761283,0.977219440354403,0.973148905726766,0.794825671623191,0.532280730215671
5.23043586965581,0.532280730215671,0.800647618147922,0.977225977293175,0.973139530466321,0.794809110483508,0.532280730215671
5.24043670305859,0.532280730215671,0.800655456678325,0.977232530353667,0.97313012667865,0.794792496303847,0.532280730215671
5.25043753646137,0.532280730215671,0.800663315617945,0.977239100108089,0.973120693469193,0.794775827715478,0.532280730215671
5.26043836986416,0.532280730215671,0.800671195331532,0.977245687220011,0.973111229821875,0.794759103164768,0.532280730215671
5.27043920326694,0.532280730215671,0.800679096278523,0.977252292438216,0.973101734607238,0.794742320924901,0.532280730215671
5.28044003666972,0.532280730215671,0.800687019008029,0.977258916590175,0.973092206591119,0.794725479108486,0.532280730215671
5.29044087007251,0.532280730215671,0.800694964153419,0.977265560575189,0.973082644443801,0.794708575680948,0.532280730215671
5.30044170347529,0.532280730215671,0.80070293242657,0.977272225357249,0.973073046749577,0.794691608474608,0.532280730215671
5.31044253687807,0.532280730215671,0.800710924611776,0.977278911957663,0.97306341201664,0.794674575203335,0.532280730215671
5.32044337028086,0.532280730215671,0.80071894155938,0.977285621447505,0.973053738687246,0.794657473477664,0.532280730215671
5.33044420368364,0.532280730215671,0.800726984179149,0.977292354939924,0.973044025148072,0.79464030082028,0.532280730215671
5.34044503708642,0.532280730215671,0.800735053433422,0.977299113582369,0.973034269740696,0.79462305468175,0.532280730215671
5.35044587048921,0.532280730215671,0.800743150330075,0.977305898548779,0.973024470772142,0.794605732456411,0.532280730215671
5.36044670389199,0.532280730215671,0.800751275915335,0.977312711031769,0.973014626525418,0.794588331498307,0.532280730215671
5.37044753729477,0.532280730215671,0.800759431266471,0.977319552234878,0.973004735269987,0.79457084913707,0.532280730215671
5.38044837069756,0.532280730215671,0.80076761748441,0.977326423364898,0.972994795272112,0.794553282693666,0.532280730215671
5.39044920410034,0.532280730215671,0.8007758356863,0.977333325624342,0.972984804805017,0.794535629495904,0.532280730215671
5.40045003750313,0.532280730215671,0.800784086998066,0.977340260204074,0.972974762158808,0.794517886893623,0.532280730215671
5.41045087090591,0.532280730215671,0.800792372546994,0.977347228276152,0.972964665650113,0.794500052273486,0.532280730215671
5.42045170430869,0.532280730215671,0.800800693454375,0.977354230986901,0.972954513631382,0.7944821230733,0.532280730215671
5.43045253771148,0.532280730215671,0.800809050828245,0.977361269450269,0.972944304499809,0.794464096795779,0.532280730215671
5.44045337111426,0.532280730215671,0.800817445756269,0.977368344741468,0.972934036705842,0.794445971021722,0.532280730215671
5.45045420451704,0.532280730215671,0.800825879298787,0.977375457890952,0.972923708761234,0.794427743422496,0.532280730215671
5.46045503791983,0.532280730215671,0.800834352482072,0.977382609878747,0.972913319246609,0.794409411771816,0.532280730215671
5.47045587132261,0.532280730215671,0.800842866291827,0.977389801629148,0.97290286681851,0.794390973956747,0.532280730215671
5.48045670472539,0.532280730215671,0.800851421666963,0.977397034005819,0.972892350215902,0.794372427987893,0.532280730215671
5.49045753812818,0.532280730215671,0.800860019493671,0.977404307807303,0.972881768266119,0.794353772008734,0.532280730215671
5.50045837153096,0.532280730215671,0.800868660599852,0.977411623762958,0.972871119890207,0.794335004304077,0.532280730215671
5.51045920493374,0.532280730215671,0.800877345749897,0.977418982529344,0.972860404107687,0.794316123307594,0.532280730215671
5.52046003833653,0.532280730215671,0.800886075639876,0.977426384687055,0.972849620040684,0.79429712760843,0.532280730215671
5.53046087173931,0.532280730215671,0.80089485089314,0.977433830738019,0.972838766917442,0.794278015956849,0.532280730215671
5.5404617051421,0.532280730215671,0.80090367205637,0.977441321103267,0.9728278440752,0.794258787268918,0.532280730215671
5.55046253854488,0.532280730215671,0.800912539596084,0.977448856121175,0.972816850962441,0.794239440630222,0.532280730215671
5.56046337194766,0.532280730215671,0.800921453895635,0.977456436046181,0.97280578714049,0.794219975298586,0.532280730215671
5.57046420535045,0.532280730215671,0.800930415252692,0.977464061047984,0.972794652284491,0.794200390705837,0.532280730215671
5.58046503875323,0.532280730215671,0.800939423877236,0.977471731211204,0.972783446183743,0.794180686458584,0.532280730215671
5.59046587215601,0.532280730215671,0.800948479890066,0.977479446535524,0.972772168741419,0.794160862338039,0.532280730215671
5.6004667055588,0.532280730215671,0.800957583321829,0.977487206936284,0.972760819973668,0.794140918298889,0.532280730215671
5.61046753896158,0.532280730215671,0.800966734112564,0.97749501224553,0.972749400008126,0.794120854467245,0.532280730215671
5.62046837236436,0.532280730215671,0.800975932111775,0.977502862213504,0.972737909081831,0.794100671137677,0.532280730215671
5.63046920576715,0.532280730215671,0.800985177079015,0.977510756510565,0.972726347538579,0.794080368769369,0.532280730215671
5.64047003916993,0.532280730215671,0.800994468684981,0.977518694729513,0.972714715825737,0.794059947981435,0.532280730215671
5.65047087257271,0.532280730215671,0.801003806513108,0.977526676388324,0.972703014490524,0.794039409547401,0.532280730215671
5.6604717059755,0.532280730215671,0.801013190061648,0.977534700933245,0.972691244175805,0.794018754388918,0.532280730215671
5.67047253937828,0.532280730215671,0.801022618746223,0.977542767742259,0.972679405615402,0.793997983568737,0.532280730215671
5.68047337278106,0.532280730215671,0.80103209190283,0.977550876128879,0.972667499628968,0.793977098282981,0.532280730215671
5.69047420618385,0.532280730215671,0.801041608791279,0.977559025346255,0.972655527116453,0.793956099852769,0.532280730215671
5.70047503958663,0.532280730215671,0.801051168599041,0.977567214591568,0.972643489052177,0.793934989715246,0.532280730215671
5.71047587298942,0.532280730215671,0.801060770445489,0.977575443010686,0.972631386478574,0.793913769414053,0.532280730215671
5.7204767063922,0.532280730215671,0.801070413386494,0.977583709703055,0.972619220499606,0.793892440589308,0.532280730215671
5.73047753979498,0.532280730215671,0.801080096419358,0.9775920137268,0.972606992273916,0.793871004967144,0.532280730215671
5.74047837319777,0.532280730215671,0.80108981848805,0.977600354104002,0.972594703007736,0.793849464348872,0.532280730215671
5.75047920660055,0.532280730215671,0.80109957848872,0.977608729826124,0.972582353947599,0.793827820599807,0.532280730215671
5.76048004000333,0.532280730215671,0.801109375275458,0.977617139859565,0.972569946372889,0.793806075637846,0.532280730215671
5.77048087340612,0.532280730215671,0.801119207666252,0.977625583151297,0.972557481588271,0.793784231421839,0.532280730215671
5.7804817068089,0.532280730215671,0.801129074449144,0.977634058634569,0.972544960916041,0.793762289939818,0.532280730215671
5.79048254021168,0.532280730215671,0.801138974388508,0.977642565234634,0.972532385688439,0.793740253197165,0.532280730215671
5.80048337361447,0.532280730215671,0.801148906231454,0.977651101874481,0.972519757239958,0.793718123204756,0.532280730215671
5.81048420701725,0.532280730215671,0.8011588687143,0.977659667480536,0.972507076899703,0.793695901967162,0.532280730215671
5.82048504042004,0.532280730215671,0.801168860569077,0.977668260988301,0.972494345983827,0.793673591470978,0.532280730215671
5.83048587382282,0.532280730215671,0.801178880530047,0.977676881347898,0.972481565788094,0.793651193673311,0.532280730215671
5.8404867072256,0.532280730215671,0.801188927340184,0.977685527529501,0.972468737580601,0.793628710490532,0.532280730215671
5.85048754062839,0.532280730215671,0.801198999757584,0.977694198528611,0.97245586259471,0.793606143787318,0.532280730215671
5.86048837403117,0.532280730215671,0.801209096561776,0.977702893371159,0.97244294202221,0.793583495366065,0.532280730215671
5.87048920743395,0.532280730215671,0.801219216559891,0.977711611118399,0.972429977006766,0.793560766956718,0.532280730215671
5.88049004083674,0.532280730215671,0.801229358592661,0.977720350871576,0.97241696863767,0.793537960207081,0.532280730215671
5.89049087423952,0.532280730215671,0.801239521540207,0.977729111776335,0.972403917943951,0.793515076673658,0.532280730215671
5.9004917076423,0.532280730215671,0.801249704327589,0.977737893026848,0.972390825888855,0.793492117813075,0.532280730215671
5.91049254104509,0.532280730215671,0.801259905930084,0.977746693869645,0.972377693364732,0.793469084974135,0.532280730215671
5.92049337444787,0.532280730215671,0.801270125378163,0.977755513607116,0.972364521188372,0.793445979390537,0.532280730215671
5.93049420785065,0.532280730215671,0.80128036176213,0.977764351600673,0.972351310096789,0.793422802174324,0.532280730215671
5.94049504125344,0.532280730215671,0.801290614236408,0.977773207273558,0.972338060743503,0.793399554310066,0.532280730215671
5.95049587465622,0.532280730215671,0.801300882023433,0.977782080113266,0.97232477369532,0.79337623664984,0.532280730215671
5.96049670805901,0.532280730215671,0.801311164417146,0.97779096967359,0.972311449429637,0.793352849909007,0.532280730215671
5.97049754146179,0.532280730215671,0.801321460786045,0.977799875576265,0.972298088332291,0.793329394662835,0.532280730215671
5.98049837486457,0.532280730215671,0.801331770575792,0.977808797512203,0.97228469069595,0.79330587134396,0.532280730215671
5.99049920826736,0.532280730215671,0.801342093311349,0.977817735242315,0.972271256719064,0.793282280240724,0.532280730215671
6.00050004167014,0.532280730215671,0.801352428598639,0.97782668859792,0.972257786505377,0.793258621496372,0.532280730215671
6.01050087507292,0.532280730215671,0.801362776125704,0.977835657480733,0.972244280064005,0.793234895109131,0.532280730215671
6.02050170847571,0.532280730215671,0.801373135663375,0.977844641862435,0.972230737310071,0.793211100933151,0.532280730215671
6.03050254187849,0.532280730215671,0.801383507065428,0.977853641783832,0.972217158065896,0.793187238680314,0.532280730215671
6.04050337528127,0.532280730215671,0.801393890268234,0.97786265735361,0.972203542062735,0.793163307922882,0.532280730215671
6.05050420868406,0.532280730215671,0.801404285289912,0.97787168874669,0.972189888943044,0.793139308096976,0.532280730215671
6.06050504208684,0.532280730215671,0.801414692228972,0.977880736202197,0.972176198263269,0.793115238506856,0.532280730215671
6.07050587548962,0.532280730215671,0.801425111262477,0.977889800021065,0.972162469497127,0.793091098329965,0.532280730215671
6.08050670889241,0.532280730215671,0.801435542643719,0.977898880563275,0.972148702039359,0.793066886622721,0.532280730215671
6.09050754229519,0.532280730215671,0.801445986699441,0.977907978244771,0.972134895209937,0.793042602326994,0.532280730215671
6.10050837569797,0.532280730215671,0.801456443826601,0.977917093534054,0.972121048258688,0.793018244277239,0.532280730215671
6.11050920910076,0.532280730215671,0.801466914488734,0.977926226948484,0.972107160370309,0.792993811208235,0.532280730215671
6.12051004250354,0.532280730215671,0.801477399211896,0.977935379050318,0.972093230669732,0.792969301763368,0.532280730215671
6.13051087590633,0.532280730215671,0.801487898580256,0.97794455044251,0.972079258227814,0.792944714503417,0.532280730215671
6.14051170930911,0.532280730215671,0.801498413231342,0.977953741764297,0.972065242067307,0.792920047915774,0.532280730215671
6.15051254271189,0.532280730215671,0.80150894385098,0.977962953686599,0.972051181169066,0.792895300424041,0.532280730215671
6.16051337611468,0.532280730215671,0.801519491167968,0.977972186907277,0.972037074478466,0.792870470397938,0.532280730215671
6.17051420951746,0.532280730215671,0.801530055948516,0.97798144214626,0.972022920911973,0.792845556163462,0.532280730215671
6.18051504292024,0.532280730215671,0.801540638990489,0.977990720140595,0.972008719363833,0.79282055601323,0.532280730215671
6.19051587632303,0.532280730215671,0.801551241117494,0.978000021639428,0.971994468712838,0.792795468216932,0.532280730215671
6.20051670972581,0.532280730215671,0.801561863172862,0.978009347398973,0.971980167829119,0.792770291031841,0.532280730215671
6.21051754312859,0.532280730215671,0.801572506013544,0.978018698177483,0.97196581558093,0.792745022713298,0.532280730215671
6.22051837653138,0.532280730215671,0.801583170503989,0.978028074730264,0.971951410841377,0.792719661525121,0.532280730215671
6.23051920993416,0.532280730215671,0.801593857510022,0.978037477804763,0.971936952495051,0.792694205749862,0.532280730215671
6.24052004333694,0.532280730215671,0.801604567892779,0.978046908135753,0.971922439444522,0.792668653698853,0.532280730215671
6.25052087673973,0.532280730215671,0.801615302502731,0.978056366440656,0.97190787061666,0.792643003721986,0.532280730215671
6.26052171014251,0.532280730215671,0.801626062173843,0.978065853415027,0.971893244968742,0.79261725421716,0.532280730215671
6.2705225435453,0.532280730215671,0.801636847717891,0.978075369728218,0.971878561494309,0.792591403639337,0.532280730215671
6.28052337694808,0.532280730215671,0.801647659918998,0.978084916019264,0.971863819228739,0.792565450509172,0.532280730215671
6.29052421035086,0.532280730215671,0.801658499528393,0.978094492892999,0.971849017254505,0.792539393421147,0.532280730215671
6.30052504375365,0.532280730215671,0.801669367259454,0.978104100916435,0.971834154706091,0.792513231051177,0.532280730215671
6.31052587715643,0.532280730215671,0.801680263783046,0.978113740615414,0.971819230774535,0.79248696216364,0.532280730215671
6.32052671055921,0.532280730215671,0.801691189723181,0.978123412471558,0.97180424471158,0.792460585617802,0.532280730215671
6.330527543962,0.532280730215671,0.801702145653042,0.978133116919532,0.971789195833406,0.79243410037359,0.532280730215671
6.34052837736478,0.532280730215671,0.801713132091372,0.978142854344628,0.971774083523932,0.7924075054967,0.532280730215671
6.35052921076756,0.532280730215671,0.801724149499258,0.978152625080684,0.971758907237668,0.792380800163011,0.532280730215671
6.36053004417035,0.532280730215671,0.801735198277329,0.978162429408351,0.971743666502103,0.792353983662278,0.532280730215671
6.37053087757313,0.532280730215671,0.801746278763365,0.978172267553703,0.971728360919629,0.792327055401096,0.532280730215671
6.38053171097591,0.532280730215671,0.801757391230355,0.978182139687212,0.971712990168979,0.792300014905135,0.532280730215671
6.3905325443787,0.532280730215671,0.801768535884974,0.978192045923068,0.971697554006192,0.792272861820615,0.532280730215671
6.40053337778148,0.532280730215671,0.801779712866519,0.97820198631886,0.971682052265099,0.792245595915048,0.532280730215671
6.41053421118426,0.532280730215671,0.801790922246285,0.978211960875615,0.971666484857323,0.792218217077233,0.532280730215671
6.42053504458705,0.532280730215671,0.80180216402738,0.978221969538176,0.971650851771813,0.792190725316517,0.532280730215671
6.43053587798983,0.532280730215671,0.801813438144982,0.978232012195925,0.971635153073911,0.792163120761334,0.532280730215671
6.44053671139262,0.532280730215671,0.80182474446703,0.978242088683849,0.971619388903964,0.792135403657041,0.532280730215671
6.4505375447954,0.532280730215671,0.80183608279533,0.978252198783915,0.971603559475497,0.792107574363067,0.532280730215671
6.46053837819818,0.532280730215671,0.801847452867077,0.978262342226761,0.97158766507296,0.792079633349398,0.532280730215671
6.47053921160097,0.532280730215671,0.80185885435677,0.978272518693692,0.97157170604906,0.792051581192432,0.532280730215671
6.48054004500375,0.532280730215671,0.801870286878509,0.978282727818941,0.971555682821716,0.792023418570226,0.532280730215671
6.49054087840653,0.532280730215671,0.801881749988649,0.978292969192215,0.971539595870638,0.791995146257174,0.532280730215671
6.50054171180932,0.532280730215671,0.8018932431888,0.978303242361469,0.971523445733566,0.791966765118154,0.532280730215671
6.5105425452121,0.532280730215671,0.801904765929134,0.97831354683592,0.97150723300219,0.791938276102174,0.532280730215671
6.52054337861488,0.532280730215671,0.801916317612007,0.978323882089266,0.971490958317781,0.791909680235572,0.532280730215671
6.53054421201767,0.532280730215671,0.801927897595829,0.978334247563087,0.971474622366554,0.791880978614802,0.532280730215671
6.54054504542045,0.532280730215671,0.801939505199194,0.978344642670417,0.971458225874801,0.791852172398855,0.532280730215671
6.55054587882324,0.532280730215671,0.801951139705219,0.978355066799447,0.971441769603817,0.791823262801368,0.532280730215671
6.56054671222602,0.532280730215671,0.801962800366068,0.978365519317363,0.971425254344656,0.79179425108246,0.532280730215671
6.5705475456288,0.532280730215671,0.801974486407647,0.97837599957426,0.971408680912742,0.791765138540352,0.532280730215671
6.58054837903159,0.532280730215671,0.801986197034413,0.97838650690714,0.971392050142376,0.791735926502818,0.532280730215671
6.59054921243437,0.532280730215671,0.801997931434291,0.978397040643952,0.971375362881168,0.791706616318521,0.532280730215671
6.60055004583715,0.532280730215671,0.802009688783662,0.978407600107651,0.97135861998442,0.791677209348279,0.532280730215671
6.61055087923994,0.532280730215671,0.802021468252374,0.978418184620261,0.971341822309505,0.791647706956326,0.532280730215671
6.62055171264272,0.532280730215671,0.80203326900878,0.978428793506907,0.971324970710272,0.791618110501605,0.532280730215671
6.6305525460455,0.532280730215671,0.802045090224731,0.978439426099799,0.9713080660315,0.791588421329149,0.532280730215671
6.64055337944829,0.532280730215671,0.802056931080535,0.978450081742144,0.971291109103446,0.791558640761605,0.532280730215671
6.65055421285107,0.532280730215671,0.802068790769813,0.97846075979196,0.971274100736516,0.791528770090948,0.532280730215671
6.66055504625385,0.532280730215671,0.802080668504257,0.978471459625774,0.971257041716078,0.79149881057043,0.532280730215671
6.67055587965664,0.532280730215671,0.802092563518236,0.978482180642178,0.971239932797467,0.791468763406807,0.532280730215671
6.68055671305942,0.532280730215671,0.802104475073241,0.978492922265228,0.971222774701193,0.791438629752907,0.532280730215671
6.69055754646221,0.532280730215671,0.802116402462124,0.978503683947661,0.971205568108388,0.791408410700562,0.532280730215671
6.70055837986499,0.532280730215671,0.802128345013127,0.978514465173918,0.971188313656519,0.791378107273945,0.532280730215671
6.71055921326777,0.532280730215671,0.80214030209366,0.978525265462951,0.971171011935389,0.791347720423373,0.532280730215671
6.72056004667056,0.532280730215671,0.802152273113817,0.978536084370797,0.971153663483444,0.791317251019582,0.532280730215671
6.73056088007334,0.532280730215671,0.802164257529596,0.978546921492914,0.971136268784416,0.791286699848525,0.532280730215671
6.74056171347612,0.532280730215671,0.802176254845827,0.978557776466253,0.971118828264317,0.791256067606712,0.532280730215671
6.75056254687891,0.532280730215671,0.802188264618765,0.978568648971067,0.971101342288797,0.79122535489713,0.532280730215671
6.76056338028169,0.532280730215671,0.802200286458357,0.978579538732438,0.971083811160885,0.791194562225751,0.532280730215671
6.77056421368447,0.532280730215671,0.802212320030146,0.978590445521524,0.971066235119122,0.791163689998653,0.532280730215671
6.78056504708726,0.532280730215671,0.802224365056833,0.978601369156511,0.971048614336097,0.79113273851977,0.532280730215671
6.79056588049004,0.532280730215671,0.802236421319457,0.978612309503267,0.971030948917393,0.791101707989282,0.532280730215671
6.80056671389282,0.532280730215671,0.802248488658207,0.978623266475707,0.971013238900948,0.791070598502646,0.532280730215671
6.81056754729561,0.532280730215671,0.802260566972864,0.978634240035852,0.97099548425683,0.791039410050273,0.532280730215671
6.82056838069839,0.532280730215671,0.802272656222859,0.978645230193598,0.970977684887426,0.791008142517856,0.532280730215671
6.83056921410117,0.532280730215671,0.802284756426959,0.978656237006187,0.970959840628043,0.790976795687335,0.532280730215671
6.84057004750396,0.532280730215671,0.802296867662587,0.978667260577397,0.970941951247917,0.790945369238489,0.532280730215671
6.85057088090674,0.532280730215671,0.802308990064776,0.978678301056446,0.970924016451613,0.790913862751148,0.532280730215671
6.86057171430953,0.532280730215671,0.80232112382477,0.978689358636632,0.970906035880813,0.790882275708004,0.532280730215671
6.87057254771231,0.532280730215671,0.802333269188283,0.978700433553706,0.970888009116476,0.790850607497993,0.532280730215671
6.88057338111509,0.532280730215671,0.802345426453431,0.978711526084001,0.97086993568135,0.790818857420235,0.532280730215671
6.89057421451788,0.532280730215671,0.802357595968354,0.97872263654233,0.970851815042823,0.790787024688496,0.532280730215671
6.90057504792066,0.532280730215671,0.80236977812854,0.97873376527966,0.970833646616088,0.790755108436136,0.532280730215671
6.91057588132344,0.532280730215671,0.802381973373878,0.978744912680588,0.970815429767607,0.790723107721516,0.532280730215671
6.92057671472623,0.532280730215671,0.802394182185458,0.978756079160634,0.970797163818837,0.790691021533829,0.532280730215671
6.93057754812901,0.532280730215671,0.802406405082146,0.978767265163365,0.970778848050204,0.790658848799293,0.532280730215671
6.94057838153179,0.532280730215671,0.802418642616944,0.978778471157383,0.970760481705297,0.790626588387698,0.532280730215671
6.95057921493458,0.532280730215671,0.80243089537319,0.978789697633179,0.970742063995242,0.790594239119232,0.532280730215671
6.96058004833736,0.532280730215671,0.802443163960582,0.978800945099894,0.970723594103239,0.790561799771554,0.532280730215671
6.97058088174014,0.532280730215671,0.802455449011103,0.978812214081992,0.970705071189229,0.790529269087065,0.532280730215671
6.98058171514293,0.532280730215671,0.802467751174829,0.97882350511588,0.970686494394655,0.79049664578033,0.532280730215671
6.99058254854571,0.532280730215671,0.802480071115688,0.97883481874649,0.970667862847289,0.790463928545601,0.532280730215671
7.0005833819485,0.532280730215671,0.802492409507161,0.978846155523848,0.970649175666096,0.790431116064389,0.532280730215671
7.01058421535128,0.532280730215671,0.802504767027992,0.978857515999649,0.970630431966101,0.790398207013041,0.532280730215671
7.02058504875406,0.532280730215671,0.8025171443579,0.97886890072387,0.970611630863227,0.790365200070271,0.532280730215671
7.03058588215685,0.532280730215671,0.802529542173351,0.978880310241425,0.970592771479075,0.790332093924601,0.532280730215671
7.04058671555963,0.532280730215671,0.802541961143391,0.978891745088899,0.970573852945617,0.790298887281661,0.532280730215671
7.05058754896241,0.532280730215671,0.802554401925589,0.978903205791376,0.970554874409775,0.790265578871304,0.532280730215671
7.0605883823652,0.532280730215671,0.802566865162095,0.978914692859374,0.970535835037845,0.790232167454497,0.532280730215671
7.07058921576798,0.532280730215671,0.802579351475858,0.978926206785915,0.970516734019766,0.79019865182994,0.532280730215671
7.08059004917076,0.532280730215671,0.802591861467009,0.978937748043735,0.970497570573182,0.790165030840384,0.532280730215671
7.09059088257355,0.532280730215671,0.802604395709436,0.978949317082671,0.970478343947281,0.790131303378596,0.532280730215671
7.10059171597633,0.532280730215671,0.802616954747578,0.978960914327209,0.970459053426409,0.790097468392956,0.532280730215671
7.11059254937912,0.532280730215671,0.802629539093447,0.978972540174236,0.970439698333404,0.790063524892637,0.532280730215671
7.1205933827819,0.532280730215671,0.802642149223898,0.978984194990989,0.970420278032664,0.790029471952354,0.532280730215671
7.13059421618468,0.532280730215671,0.802654785578156,0.978995879113218,0.970400791932911,0.789995308716649,0.532280730215671
7.14059504958747,0.532280730215671,0.802667448555629,0.979007592843569,0.970381239489654,0.789961034403695,0.532280730215671
7.15059588299025,0.532280730215671,0.802680138513991,0.979019336450206,0.970361620207322,0.789926648308594,0.532280730215671
7.16059671639303,0.532280730215671,0.80269285576757,0.979031110165649,0.970341933641075,0.789892149806165,0.532280730215671
7.17059754979582,0.532280730215671,0.802705600586031,0.979042914185875,0.970322179398269,0.789857538353197,0.532280730215671
7.1805983831986,0.532280730215671,0.802718373193359,0.97905474866964,0.970302357139585,0.789822813490175,0.532280730215671
7.19059921660138,0.532280730215671,0.802731173767156,0.979066613738055,0.970282466579805,0.789787974842457,0.532280730215671
7.20060005000417,0.532280730215671,0.802744002438242,0.979078509474398,0.970262507488247,0.789753022120917,0.532280730215671
7.21060088340695,0.532280730215671,0.802756859290556,0.979090435924175,0.970242479688849,0.789717955122045,0.532280730215671
7.22060171680973,0.532280730215671,0.802769744361366,0.979102393095407,0.970222383059914,0.789682773727512,0.532280730215671
7.23060255021252,0.532280730215671,0.802782657641775,0.979114380959152,0.970202217533515,0.789647477903216,0.532280730215671
7.2406033836153,0.532280730215671,0.802795599077509,0.979126399450258,0.970181983094575,0.78961206769781,0.532280730215671
7.25060421701808,0.532280730215671,0.802808568569994,0.979138448468324,0.970161679779623,0.789576543240731,0.532280730215671
7.26060505042087,0.532280730215671,0.802821565977698,0.979150527878881,0.970141307675242,0.789540904739756,0.532280730215671
7.27060588382365,0.532280730215671,0.802834591117735,0.97916263751476,0.970120866916222,0.789505152478088,0.532280730215671
7.28060671722644,0.532280730215671,0.802847643767713,0.979174777177658,0.970100357683428,0.789469286811009,0.532280730215671
7.29060755062922,0.532280730215671,0.802860723667807,0.979186946639872,0.970079780201412,0.789433308162127,0.532280730215671
7.300608384032,0.532280730215671,0.802873830523054,0.979199145646208,0.970059134735762,0.789397217019227,0.532280730215671
7.31060921743479,0.532280730215671,0.802886964005842,0.979211373916019,0.970038421590237,0.789361013929777,0.532280730215671
7.32061005083757,0.532280730215671,0.802900123758579,0.979223631145403,0.970017641103681,0.7893246994961,0.532280730215671
7.33061088424035,0.532280730215671,0.802913309396518,0.979235917009498,0.969996793646757,0.789288274370267,0.532280730215671
7.34061171764314,0.532280730215671,0.802926520510734,0.979248231164897,0.969975879618507,0.789251739248723,0.532280730215671
7.35061255104592,0.532280730215671,0.80293975667121,0.97926057325214,0.969954899442778,0.789215094866698,0.532280730215671
7.3606133844487,0.532280730215671,0.802953017430028,0.979272942898288,0.969933853564514,0.789178341992429,0.532280730215671
7.37061421785149,0.532280730215671,0.802966302324642,0.979285339719543,0.969912742445965,0.789141481421232,0.532280730215671
7.38061505125427,0.532280730215671,0.802979610881204,0.979297763323913,0.969891566562811,0.789104513969476,0.532280730215671
7.39061588465705,0.532280730215671,0.802992942617928,0.979310213313891,0.969870326400246,0.789067440468467,0.532280730215671
7.40061671805984,0.532280730215671,0.803006297048469,0.979322689289151,0.969849022449035,0.789030261758314,0.532280730215671
7.41061755146262,0.532280730215671,0.8030196736853,0.979335190849215,0.96982765520157,0.788992978681786,0.532280730215671
7.42061838486541,0.532280730215671,0.803033072043051,0.979347717596111,0.96980622514795,0.788955592078219,0.532280730215671
7.43061921826819,0.532280730215671,0.803046491641812,0.979360269136967,0.969784732772114,0.788918102777495,0.532280730215671
7.44062005167097,0.532280730215671,0.803059932010359,0.979372845086565,0.969763178548036,0.788880511594145,0.532280730215671
7.45062088507376,0.532280730215671,0.8030733926893,0.979385445069801,0.969741562936023,0.788842819321585,0.532280730215671
7.46062171847654,0.532280730215671,0.803086873234106,0.979398068724073,0.969719886379127,0.788805026726559,0.532280730215671
7.47062255187932,0.532280730215671,0.803100373218028,0.979410715701551,0.969698149299688,0.788767134543773,0.532280730215671
7.48062338528211,0.532280730215671,0.803113892234861,0.979423385671341,0.969676352096039,0.788729143470798,0.532280730215671
7.49062421868489,0.532280730215671,0.803127429901562,0.979436078321515,0.969654495139389,0.788691054163239,0.532280730215671
7.50062505208767,0.532280730215671,0.803140985860689,0.979448793361005,0.969632578770896,0.788652867230207,0.532280730215671
7.51062588549046,0.532280730215671,0.803154559782655,0.979461530521341,0.969610603298949,0.788614583230131,0.532280730215671
7.52062671889324,0.532280730215671,0.803168151367784,0.979474289558237,0.96958856899668,0.788576202666913,0.532280730215671
7.53062755229602,0.532280730215671,0.803181760348162,0.979487070253005,0.969566476099714,0.788537725986461,0.532280730215671
7.54062838569881,0.532280730215671,0.803195386489262,0.979499872413792,0.969544324804162,0.788499153573614,0.532280730215671
7.55062921910159,0.532280730215671,0.803209029591343,0.979512695876642,0.96952211526489,0.788460485749478,0.532280730215671
7.56063005250438,0.532280730215671,0.803222689490627,0.979525540506367,0.969499847594042,0.788421722769175,0.532280730215671
7.57063088590716,0.532280730215671,0.803236366060218,0.979538406197232,0.969477521859851,0.788382864820035,0.532280730215671
7.58063171930994,0.532280730215671,0.803250059210795,0.979551292873446,0.969455138085726,0.788343912020217,0.532280730215671
7.59063255271273,0.532280730215671,0.80326376889105,0.979564200489461,0.969432696249629,0.788304864417781,0.532280730215671
7.60063338611551,0.532280730215671,0.803277495087889,0.979577129030079,0.969410196283735,0.788265721990205,0.532280730215671
7.61063421951829,0.532280730215671,0.803291237826387,0.979590078510366,0.969387638074375,0.788226484644343,0.532280730215671
7.62063505292108,0.532280730215671,0.803304997169496,0.979603048975379,0.969365021462276,0.788187152216832,0.532280730215671
7.63063588632386,0.532280730215671,0.803318773217528,0.979616040499706,0.969342346243066,0.788147724474929,0.532280730215671
7.64063671972664,0.532280730215671,0.8033325661074,0.979629053186823,0.969319612168066,0.788108201117777,0.532280730215671
7.65063755312943,0.532280730215671,0.803346376011655,0.979642087168284,0.96929681894534,0.788068581778081,0.532280730215671
7.66063838653221,0.532280730215671,0.803360203137273,0.979655142602737,0.969273966241013,0.788028866024191,0.532280730215671
7.67063921993499,0.532280730215671,0.803374047724271,0.979668219674778,0.969251053680826,0.787989053362567,0.532280730215671
7.68064005333778,0.532280730215671,0.803387910044117,0.979681318593666,0.969228080851938,0.787949143240599,0.532280730215671
7.69064088674056,0.532280730215671,0.803401790397952,0.979694439591883,0.969205047304942,0.787909135049784,0.532280730215671
7.70064172014335,0.532280730215671,0.803415689114658,0.979707582923573,0.96918195255609,0.787869028129215,0.532280730215671
7.71064255354613,0.532280730215671,0.803429606548755,0.979720748862861,0.969158796089714,0.787828821769364,0.532280730215671
7.72064338694891,0.532280730215671,0.803443543078174,0.979733937702061,0.969135577360817,0.787788515216137,0.532280730215671
7.7306442203517,0.532280730215671,0.803457499101902,0.979747149749793,0.96911229579782,0.787748107675164,0.532280730215671
7.74064505375448,0.532280730215671,0.803471475037516,0.979760385329021,0.969088950805451,0.787707598316309,0.532280730215671
7.75064588715726,0.532280730215671,0.803485471318636,0.979773644775017,0.969065541767746,0.787666986278342,0.532280730215671
7.76064672056005,0.532280730215671,0.8034994883923,0.979786928433277,0.969042068051154,0.78762627067378,0.532280730215671
7.77064755396283,0.532280730215671,0.803513526716289,0.97980023665739,0.969018529007715,0.787585450593828,0.532280730215671
7.78064838736561,0.532280730215671,0.803527586756411,0.979813569806891,0.968994923978293,0.787544525113415,0.532280730215671
7.7906492207684,0.532280730215671,0.803541668983773,0.97982692824509,0.968971252295854,0.787503493296271,0.532280730215671
7.80065005417118,0.532280730215671,0.803555773872043,0.97984031233691,0.968947513288742,0.787462354200031,0.532280730215671
7.81065088757396,0.532280730215671,0.803569901894742,0.97985372244674,0.968923706283968,0.787421106881322,0.532280730215671
7.82065172097675,0.532280730215671,0.803584053522554,0.97986715893631,0.968899830610453,0.787379750400803,0.532280730215671
7.83065255437953,0.532280730215671,0.8035982292207,0.97988062216262,0.968875885602242,0.78733828382813,0.532280730215671
7.84065338778232,0.532280730215671,0.803612429446372,0.979894112475907,0.968851870601635,0.787296706246815,0.532280730215671
7.8506542211851,0.532280730215671,0.803626654646249,0.979907630217697,0.968827784962245,0.787255016758941,0.532280730215671
7.86065505458788,0.532280730215671,0.803640905254117,0.979921175718917,0.968803628051945,0.787213214489724,0.532280730215671
7.87065588799067,0.532280730215671,0.803655181688588,0.979934749298109,0.968779399255697,0.787171298591874,0.532280730215671
7.88065672139345,0.532280730215671,0.803669484350955,0.979948351259735,0.968755097978238,0.787129268249742,0.532280730215671
7.89065755479623,0.532280730215671,0.803683813623176,0.979961981892598,0.968730723646625,0.78708712268323,0.532280730215671
7.90065838819902,0.532280730215671,0.803698169866006,0.979975641468368,0.9687062757126,0.787044861151435,0.532280730215671
7.9106592216018,0.532280730215671,0.803712553417291,0.979989330240244,0.968681753654786,0.787002482956015,0.532280730215671
7.92066005500458,0.532280730215671,0.803726964590418,0.980003048441741,0.968657156980682,0.786959987444257,0.532280730215671
7.93066088840737,0.532280730215671,0.803741403672947,0.980016796285616,0.968632485228466,0.786917374011822,0.532280730215671
7.94066172181015,0.532280730215671,0.80375587092542,0.980030573962933,0.968607737968583,0.786874642105176,0.532280730215671
7.95066255521293,0.532280730215671,0.803770366580349,0.98004438164228,0.968582914805115,0.786831791223671,0.532280730215671
7.96066338861572,0.532280730215671,0.803784890841404,0.980058219469126,0.968558015376931,0.786788820921282,0.532280730215671
7.9706642220185,0.532280730215671,0.803799443882779,0.980072087565334,0.968533039358603,0.786745730807995,0.532280730215671
7.98066505542129,0.532280730215671,0.803814025848758,0.980085986028829,0.9685079864611,0.786702520550823,0.532280730215671
7.99066588882407,0.532280730215671,0.803828636853477,0.980099914933405,0.968482856432245,0.786659189874482,0.532280730215671
8.00066672222685,0.532280730215671,0.803843276980862,0.980113874328698,0.968457649056936,0.786615738561686,0.532280730215671
8.01066755562964,0.532280730215671,0.803857946284774,0.980127864240295,0.968432364157144,0.786572166453105,0.532280730215671
8.02066838903242,0.532280730215671,0.803872644789329,0.980141884669995,0.968407001591681,0.786528473446951,0.532280730215671
8.0306692224352,0.532280730215671,0.803887372489398,0.980155935596213,0.968381561255739,0.786484659498236,0.532280730215671
8.04067005583799,0.532280730215671,0.803902129351289,0.980170016974516,0.968356043080219,0.786440724617687,0.532280730215671
8.05067088924077,0.532280730215671,0.803916915313592,0.980184128738297,0.968330447030846,0.786396668870331,0.532280730215671
8.06067172264355,0.532280730215671,0.803931730288182,0.980198270799573,0.968304773107076,0.786352492373778,0.532280730215671
8.07067255604634,0.532280730215671,0.803946574161387,0.9802124430499,0.968279021340821,0.786308195296198,0.532280730215671
8.08067338944912,0.532280730215671,0.80396144679528,0.980226645361403,0.968253191794978,0.78626377785402,0.532280730215671
8.0906742228519,0.532280730215671,0.803976348029121,0.980240877587911,0.968227284561795,0.786219240309374,0.532280730215671
8.10067505625469,0.532280730215671,0.803991277680908,0.980255139566185,0.968201299761073,0.786174582967276,0.532280730215671
8.11067588965747,0.532280730215671,0.804006235549047,0.980269431117232,0.968175237538225,0.786129806172602,0.532280730215671
8.12067672306025,0.532280730215671,0.804021221414114,0.980283752047695,0.968149098062198,0.786084910306853,0.532280730215671
8.13067755646304,0.532280730215671,0.804036235040707,0.980298102151319,0.968122881523281,0.786039895784746,0.532280730215671
8.14067838986582,0.532280730215671,0.804051276179367,0.980312481210462,0.968096588130806,0.785994763050647,0.532280730215671
8.15067922326861,0.532280730215671,0.804066344568566,0.980326888997659,0.968070218110769,0.785949512574871,0.532280730215671
8.16068005667139,0.532280730215671,0.804081439936731,0.980341325277223,0.968043771703368,0.785904144849882,0.532280730215671
8.17068089007417,0.532280730215671,0.804096562004309,0.98035578980687,0.968017249160495,0.785858660386407,0.532280730215671
8.18068172347696,0.532280730215671,0.804111710485852,0.980370282339362,0.967990650743187,0.785813059709493,0.532280730215671
8.19068255687974,0.532280730215671,0.804126885092102,0.980384802624149,0.967963976719053,0.785767343354535,0.532280730215671
8.20068339028252,0.532280730215671,0.804142085532074,0.980399350409012,0.967937227359693,0.785721511863305,0.532280730215671
8.21068422368531,0.532280730215671,0.804157311515118,0.980413925441688,0.967910402938132,0.785675565779988,0.532280730215671
8.22068505708809,0.532280730215671,0.804172562752947,0.980428527471466,0.967883503726276,0.785629505647274,0.532280730215671
8.23068589049088,0.532280730215671,0.80418783896162,0.980443156250753,0.967856529992411,0.785583332002515,0.532280730215671
8.24068672389366,0.532280730215671,0.804203139863467,0.980457811536588,0.967829481998759,0.785537045373968,0.532280730215671
8.25068755729644,0.532280730215671,0.80421846518895,0.98047249309211,0.967802359999106,0.785490646277162,0.532280730215671
8.26068839069922,0.532280730215671,0.804233814678434,0.98048720068796,0.967775164236514,0.785444135211397,0.532280730215671
8.27068922410201,0.532280730215671,0.804249188083877,0.980501934103606,0.967747894941135,0.785397512656397,0.532280730215671
8.28069005750479,0.532280730215671,0.804264585170419,0.980516693128602,0.967720552328135,0.785350779069145,0.532280730215671
8.29069089090757,0.532280730215671,0.804280005717857,0.980531477563756,0.967693136595744,0.785303934880905,0.532280730215671
8.30069172431036,0.532280730215671,0.804295449522014,0.9805462872222,0.967665647923436,0.785256980494461,0.532280730215671
8.31069255771314,0.532280730215671,0.804310916395965,0.980561121930375,0.967638086470262,0.785209916281581,0.532280730215671
8.32069339111593,0.532280730215671,0.804326406171157,0.980575981528909,0.967610452373329,0.785162742580717,0.532280730215671
8.33069422451871,0.532280730215671,0.804341918698376,0.980590865873383,0.967582745746447,0.785115459694959,0.532280730215671
8.34069505792149,0.532280730215671,0.804357453848579,0.980605774834997,0.96755496667894,0.78506806789025,0.532280730215671
8.35069589132428,0.532280730215671,0.804373011513579,0.980620708301113,0.967527115234638,0.785020567393874,0.532280730215671
8.36069672472706,0.532280730215671,0.804388591606592,0.980635666175694,0.96749919145104,0.78497295839322,0.532280730215671
8.37069755812984,0.532280730215671,0.804404194062626,0.980650648379619,0.967471195338669,0.784925241034819,0.532280730215671
8.38069839153263,0.532280730215671,0.804419818838725,0.980665654850879,0.967443126880601,0.784877415423682,0.532280730215671
8.39069922493541,0.532280730215671,0.804435465914064,0.980680685544668,0.967414986032196,0.784829481622911,0.532280730215671
8.4007000583382,0.532280730215671,0.804451135289895,0.980695740433344,0.967386772720996,0.784781439653603,0.532280730215671
8.41070089174098,0.532280730215671,0.804466826989351,0.980710819506286,0.967358486846826,0.784733289495032,0.532280730215671
8.42070172514376,0.532280730215671,0.804482541057103,0.980725922769634,0.967330128282063,0.784685031085114,0.532280730215671
8.43070255854655,0.532280730215671,0.804498277558879,0.980741050245922,0.96730169687209,0.784636664321142,0.532280730215671
8.44070339194933,0.532280730215671,0.804514036580851,0.980756201973606,0.967273192435927,0.78458818906079,0.532280730215671
8.45070422535211,0.532280730215671,0.804529818228892,0.980771378006486,0.967244614767025,0.784539605123371,0.532280730215671
8.4607050587549,0.532280730215671,0.804545622627712,0.980786578413045,0.967215963634225,0.784490912291341,0.532280730215671
8.47070589215768,0.532280730215671,0.804561449919877,0.980801803275677,0.967187238782868,0.784442110312035,0.532280730215671
8.48070672556046,0.532280730215671,0.804577300264719,0.980817052689851,0.967158439936054,0.784393198899629,0.532280730215671
8.49070755896325,0.532280730215671,0.804593173837151,0.980832326763182,0.967129566796036,0.784344177737299,0.532280730215671
8.50070839236603,0.532280730215671,0.804609070826389,0.980847625614436,0.967100619045737,0.784295046479579,0.532280730215671
8.51070922576881,0.532280730215671,0.80462499143459,0.980862949372474,0.967071596350386,0.784245804754878,0.532280730215671
8.5207100591716,0.532280730215671,0.804640935875424,0.98087829817513,0.967042498359256,0.784196452168168,0.532280730215671
8.53071089257438,0.532280730215671,0.804656904372576,0.980893672168049,0.967013324707494,0.784146988303795,0.532280730215671
8.54071172597716,0.532280730215671,0.804672897158207,0.980909071503477,0.966984075018025,0.784097412728417,0.532280730215671
8.55071255937995,0.532280730215671,0.804688914471362,0.980924496339026,0.966954748903533,0.784047724994026,0.532280730215671
8.56071339278273,0.532280730215671,0.80470495655636,0.980939946836405,0.966925345968486,0.783997924641063,0.532280730215671
8.57071422618552,0.532280730215671,0.80472102366115,0.980955423160141,0.966895865811205,0.783948011201577,0.532280730215671
8.5807150595883,0.532280730215671,0.804737116035671,0.980970925476288,0.966866308025955,0.783897984202425,0.532280730215671
8.59071589299108,0.532280730215671,0.804753233930206,0.980986453951142,0.966836672205057,0.783847843168489,0.532280730215671
8.60071672639387,0.532280730215671,0.804769377593749,0.981002008749957,0.966806957940994,0.783797587625881,0.532280730215671
8.61071755979665,0.532280730215671,0.80478554727239,0.98101759003568,0.966777164828506,0.783747217105138,0.532280730215671
8.62071839319943,0.532280730215671,0.804801743207743,0.981033197967714,0.966747292466654,0.78369673114435,0.532280730215671
8.63071922660222,0.532280730215671,0.804817965635402,0.981048832700704,0.966717340460856,0.78364612929225,0.532280730215671
8.640720060005,0.532280730215671,0.804834214783453,0.981064494383371,0.966687308424861,0.783595411111199,0.532280730215671
8.65072089340778,0.532280730215671,0.804850490871049,0.981080183157382,0.966657195982664,0.783544576180087,0.532280730215671
8.66072172681057,0.532280730215671,0.804866794107043,0.981095899156281,0.966627002770352,0.783493624097113,0.532280730215671
8.67072256021335,0.532280730215671,0.804883124688706,0.981111642504471,0.966596728437859,0.783442554482427,0.532280730215671
8.68072339361613,0.532280730215671,0.804899482800519,0.98112741331626,0.96656637265063,0.78339136698063,0.532280730215671
8.69072422701892,0.532280730215671,0.804915868613059,0.98114321169498,0.966535935091183,0.783340061263119,0.532280730215671
8.7007250604217,0.532280730215671,0.804932282281972,0.981159037732175,0.966505415460556,0.783288637030243,0.532280730215671
8.71072589382448,0.532280730215671,0.804948723947054,0.981174891506867,0.966474813479635,0.783237094013292,0.532280730215671
8.72072672722727,0.532280730215671,0.804965193731432,0.981190773084901,0.966444128890363,0.783185431976275,0.532280730215671
8.73072756063005,0.532280730215671,0.804981691740848,0.981206682518379,0.966413361456806,0.783133650717514,0.532280730215671
8.74072839403284,0.532280730215671,0.804998218063057,0.98122261984517,0.966382510966092,0.783081750071009,0.532280730215671
8.75072922743562,0.532280730215671,0.805014772767344,0.981238585088518,0.966351577229205,0.783029729907598,0.532280730215671
8.7607300608384,0.532280730215671,0.805031355904137,0.981254578256731,0.966320560081634,0.7829775901359,0.532280730215671
8.77073089424119,0.532280730215671,0.805047967504754,0.981270599342963,0.966289459383883,0.782925330703026,0.532280730215671
8.78073172764397,0.532280730215671,0.805064607581253,0.981286648325085,0.966258275021826,0.782872951595074,0.532280730215671
8.79073256104675,0.532280730215671,0.805081276126396,0.98130272516564,0.966227006906919,0.782820452837397,0.532280730215671
8.80073339444954,0.532280730215671,0.805097973113732,0.981318829811894,0.966195654976267,0.782767834494647,0.532280730215671
8.81073422785232,0.532280730215671,0.805114698497781,0.981334962195968,0.966164219192547,0.782715096670608,0.532280730215671
8.8207350612551,0.532280730215671,0.805131452214331,0.981351122235049,0.966132699543781,0.782662239507804,0.532280730215671
8.83073589465789,0.532280730215671,0.805148234180838,0.981367309831693,0.966101096042982,0.782609263186904,0.532280730215671
8.84073672806067,0.532280730215671,0.805165044296922,0.981383524874199,0.966069408727658,0.782556167925922,0.532280730215671
8.85073756146346,0.532280730215671,0.80518188244496,0.981399767237054,0.966037637659191,0.782502953979227,0.532280730215671
8.86073839486624,0.532280730215671,0.80519874849077,0.981416036781459,0.966005782922087,0.78244962163636,0.532280730215671
8.87073922826902,0.532280730215671,0.805215642284377,0.98143233335591,0.965973844623114,0.782396171220686,0.532280730215671
8.88074006167181,0.532280730215671,0.805232563660855,0.981448656796847,0.965941822890333,0.782342603087873,0.532280730215671
8.89074089507459,0.532280730215671,0.805249512441246,0.981465006929357,0.965909717872014,0.782288917624222,0.532280730215671
8.90074172847737,0.532280730215671,0.805266488433532,0.981481383567928,0.965877529735476,0.782235115244866,0.532280730215671
8.91074256188016,0.532280730215671,0.805283491433678,0.981497786517244,0.965845258665829,0.78218119639183,0.532280730215671
8.92074339528294,0.532280730215671,0.805300521226716,0.98151421557303,0.965812904864644,0.782127161531992,0.532280730215671
8.93074422868572,0.532280730215671,0.805317577587869,0.981530670522917,0.965780468548557,0.782073011154941,0.532280730215671
8.94074506208851,0.532280730215671,0.805334660283714,0.981547151147347,0.965747949947822,0.782018745770755,0.532280730215671
8.95074589549129,0.532280730215671,0.805351769073372,0.981563657220487,0.965715349304806,0.781964365907715,0.532280730215671
8.96074672889407,0.532280730215671,0.805368903709707,0.981580188511169,0.965682666872459,0.781909872109969,0.532280730215671
8.97074756229686,0.532280730215671,0.805386063940547,0.981596744783832,0.965649902912757,0.781855264935154,0.532280730215671
8.98074839569964,0.532280730215671,0.805403249509896,0.981613325799466,0.965617057695122,0.781800544952013,0.532280730215671
8.99074922910243,0.532280730215671,0.805420460159149,0.98162993131656,0.965584131494848,0.781745712737998,0.532280730215671
9.00075006250521,0.532280730215671,0.805437695628282,0.981646561092027,0.965551124591524,0.781690768876889,0.532280730215671
9.01075089590799,0.532280730215671,0.80545495565704,0.98166321488213,0.965518037267479,0.781635713956442,0.532280730215671
9.02075172931078,0.532280730215671,0.805472239986071,0.981679892443373,0.96548486980625,0.781580548566078,0.532280730215671
9.03075256271356,0.532280730215671,0.805489548358049,0.981696593533373,0.965451622491082,0.781525273294629,0.532280730215671
9.04075339611634,0.532280730215671,0.805506880518734,0.981713317911694,0.965418295603481,0.781469888728155,0.532280730215671
9.05075422951913,0.532280730215671,0.805524236218003,0.981730065340655,0.965384889421812,0.781414395447849,0.532280730215671
9.06075506292191,0.532280730215671,0.805541615210806,0.981746835586082,0.965351404219962,0.781358794028029,0.532280730215671
9.07075589632469,0.532280730215671,0.805559017258083,0.981763628418028,0.965317840266076,0.781303085034251,0.532280730215671
9.08075672972748,0.532280730215671,0.805576442127596,0.98178044361143,0.965284197821367,0.781247269021528,0.532280730215671
9.09075756313026,0.532280730215671,0.805593889594708,0.98179728094673,0.965250477139006,0.781191346532688,0.532280730215671
9.10075839653304,0.532280730215671,0.805611359443073,0.981814140210417,0.965216678463117,0.781135318096869,0.532280730215671
9.11075922993583,0.532280730215671,0.805628851465267,0.981831021195531,0.965182802027845,0.781079184228154,0.532280730215671
9.12076006333861,0.532280730215671,0.805646365463316,0.981847923702093,0.965148848056552,0.781022945424369,0.532280730215671
9.13076089674139,0.532280730215671,0.805663901249163,0.981864847537473,0.965114816761092,0.780966602166028,0.532280730215671
9.14076173014418,0.532280730215671,0.805681458645035,0.981881792516697,0.965080708341216,0.780910154915458,0.532280730215671
9.15076256354696,0.532280730215671,0.805699037483735,0.981898758462682,0.965046522984073,0.780853604116075,0.532280730215671
9.16076339694975,0.532280730215671,0.805716637608833,0.981915745206409,0.965012260863835,0.780796950191846,0.532280730215671
9.17076423035253,0.532280730215671,0.805734258874786,0.981932752587027,0.964977922141428,0.780740193546912,0.532280730215671
9.18076506375531,0.532280730215671,0.805751901146961,0.981949780451886,0.964943506964386,0.780683334565388,0.532280730215671
9.1907658971581,0.532280730215671,0.805769564301579,0.981966828656516,0.964909015466815,0.780626373611336,0.532280730215671
9.20076673056088,0.532280730215671,0.805787248225562,0.981983897064522,0.964874447769471,0.780569311028907,0.532280730215671
9.21076756396366,0.532280730215671,0.805804952816318,0.982000985547434,0.964839803979957,0.780512147142646,0.532280730215671
9.22076839736645,0.532280730215671,0.805822677981427,0.982018093984483,0.964805084193019,0.780454882257969,0.532280730215671
9.23076923076923,0.532280730215671,0.805840423638262,0.982035222262324,0.964770288490958,0.78039751666179,0.532280730215671
9.24077006417201,0.532280730215671,0.805858189713526,0.982052370274692,0.964735416944143,0.780340050623303,0.532280730215671
9.2507708975748,0.532280730215671,0.805875976142734,0.982069537922022,0.964700469611619,0.780282484394917,0.532280730215671
9.26077173097758,0.532280730215671,0.805893782869619,0.982086725110996,0.964665446541819,0.780224818213313,0.532280730215671
9.27077256438037,0.532280730215671,0.805911609845474,0.982103931754062,0.964630347773352,0.780167052300649,0.532280730215671
9.28077339778315,0.532280730215671,0.80592945702845,0.982121157768897,0.964595173335882,0.780109186865873,0.532280730215671
9.29077423118593,0.532280730215671,0.805947324382794,0.982138403077833,0.964559923251084,0.780051222106151,0.532280730215671
9.30077506458872,0.532280730215671,0.805965211878044,0.982155667607253,0.964524597533665,0.779993158208397,0.532280730215671
9.3107758979915,0.532280730215671,0.805983119488186,0.982172951286946,0.964489196192451,0.779934995350892,0.532280730215671
9.32077673139428,0.532280730215671,0.806001047190777,0.982190254049445,0.964453719231529,0.779876733704976,0.532280730215671
9.33077756479707,0.532280730215671,0.806018994966034,0.982207575829339,0.964418166651433,0.779818373436818,0.532280730215671
9.34077839819985,0.532280730215671,0.806036962795919,0.982224916562563,0.964382538450374,0.779759914709227,0.532280730215671
9.35077923160263,0.532280730215671,0.80605495066318,0.982242276185681,0.964346834625498,0.779701357683519,0.532280730215671
9.36078006500542,0.532280730215671,0.806072958550412,0.982259654635166,0.96431105517417,0.779642702521404,0.532280730215671
9.3707808984082,0.532280730215671,0.806090986439094,0.98227705184666,0.964275200095268,0.779583949386896,0.532280730215671
9.38078173181098,0.532280730215671,0.806109034308641,0.982294467754252,0.964239269390494,0.77952509844823,0.532280730215671
9.39078256521377,0.532280730215671,0.806127102135457,0.982311902289755,0.964203263065668,0.77946614987977,0.532280730215671
9.40078339861655,0.532280730215671,0.806145189892008,0.982329355381994,0.964167181132032,0.7794071038639,0.532280730215671
9.41078423201933,0.532280730215671,0.806163297545911,0.982346826956105,0.964131023607515,0.779347960592886,0.532280730215671
9.42078506542212,0.532280730215671,0.806181425059049,0.982364316932864,0.964094790517994,0.779288720270699,0.532280730215671
9.4307858988249,0.532280730215671,0.806199572386723,0.982381825228026,0.964058481898509,0.779229383114781,0.532280730215671
9.44078673222769,0.532280730215671,0.806217739476832,0.982399351751697,0.964022097794443,0.779169949357755,0.532280730215671
9.45078756563047,0.532280730215671,0.806235926269092,0.982416896407739,0.963985638262657,0.77911041924906,0.532280730215671
9.46078839903325,0.532280730215671,0.806254132694312,0.982434459093203,0.96394910337257,0.779050793056506,0.532280730215671
9.47078923243604,0.532280730215671,0.806272358673703,0.9824520396978,0.963912493207185,0.77899107106774,0.532280730215671
9.48079006583882,0.532280730215671,0.806290604118248,0.982469638103415,0.963875807864045,0.778931253591614,0.532280730215671
9.4907908992416,0.532280730215671,0.806308868928128,0.98248725418366,0.963839047456128,0.77887134095945,0.532280730215671
9.50079173264439,0.532280730215671,0.806327152992195,0.982504887803468,0.963802212112659,0.778811333526192,0.532280730215671
9.51079256604717,0.532280730215671,0.806345456187524,0.982522538818741,0.963765301979858,0.778751231671445,0.532280730215671
9.52079339944995,0.532280730215671,0.806363778379005,0.982540207076035,0.963728317221591,0.77869103580039,0.532280730215671
9.53079423285274,0.532280730215671,0.806382119419019,0.982557892412305,0.963691258019954,0.778630746344576,0.532280730215671
9.54079506625552,0.532280730215671,0.806400479147164,0.982575594654689,0.963654124575762,0.778570363762587,0.532280730215671
9.5507958996583,0.532280730215671,0.806418857390055,0.982593313620345,0.96361691710895,0.778509888540573,0.532280730215671
9.56079673306109,0.532280730215671,0.806437253961183,0.982611049116347,0.963579635858892,0.778449321192654,0.532280730215671
9.57079756646387,0.532280730215671,0.806455668660845,0.982628800939613,0.963542281084626,0.778388662261197,0.532280730215671
9.58079839986666,0.532280730215671,0.806474101276135,0.982646568876901,0.963504853064991,0.778327912316948,0.532280730215671
9.59079923326944,0.532280730215671,0.806492551581001,0.982664352704842,0.963467352098681,0.778267071959053,0.532280730215671
9.60080006667222,0.532280730215671,0.806511019336362,0.982682152190025,0.963429778504202,0.778206141814939,0.532280730215671
9.61080090007501,0.532280730215671,0.806529504290283,0.982699967089126,0.963392132619754,0.778145122540069,0.532280730215671
9.62080173347779,0.532280730215671,0.80654800617822,0.982717797149086,0.963354414803025,0.778084014817588,0.532280730215671
9.63080256688057,0.532280730215671,0.806566524723299,0.982735642107327,0.963316625430907,0.778022819357841,0.532280730215671
9.64080340028336,0.532280730215671,0.806585059636671,0.982753501692011,0.96327876489913,0.777961536897785,0.532280730215671
9.65080423368614,0.532280730215671,0.806603610617903,0.982771375622335,0.963240833621833,0.777900168200295,0.532280730215671
9.66080506708892,0.532280730215671,0.806622177355416,0.982789263608871,0.963202832031054,0.777838714053365,0.532280730215671
9.67080590049171,0.532280730215671,0.806640759526967,0.98280716535392,0.963164760576167,0.777777175269229,0.532280730215671
9.68080673389449,0.532280730215671,0.806659356800178,0.982825080551917,0.963126619723249,0.777715552683383,0.532280730215671
9.69080756729728,0.532280730215671,0.806677968833081,0.982843008889848,0.963088409954401,0.777653847153539,0.532280730215671
9.70080840070006,0.532280730215671,0.80669659527471,0.9828609500477,0.963050131767015,0.777592059558503,0.532280730215671
9.71080923410284,0.532280730215671,0.806715235765716,0.982878903698925,0.963011785672999,0.777530190797,0.532280730215671
9.72081006750563,0.532280730215671,0.806733889938993,0.982896869510922,0.962973372197965,0.777468241786441,0.532280730215671
9.73081090090841,0.532280730215671,0.806752557420335,0.982914847145536,0.962934891880384,0.777406213461649,0.532280730215671
9.74081173431119,0.532280730215671,0.806771237829096,0.982932836259568,0.962896345270721,0.777344106773551,0.532280730215671
9.75081256771398,0.532280730215671,0.806789930778861,0.982950836505282,0.962857732930542,0.777281922687845,0.532280730215671
9.76081340111676,0.532280730215671,0.806808635878119,0.982968847530927,0.96281905543162,0.777219662183657,0.532280730215671
9.77081423451954,0.532280730215671,0.806827352730941,0.982986868981251,0.962780313355021,0.777157326252181,0.532280730215671
9.78081506792233,0.532280730215671,0.806846080937639,0.983004900498016,0.962741507290206,0.777094915895332,0.532280730215671
9.79081590132511,0.532280730215671,0.806864820095427,0.9830229417205,0.962702637834121,0.777032432124404,0.532280730215671
9.80081673472789,0.532280730215671,0.806883569799066,0.983040992285996,0.962663705590316,0.776969875958754,0.532280730215671
9.81081756813068,0.532280730215671,0.806902329641482,0.983059051830293,0.96262471116807,0.776907248424514,0.532280730215671
9.82081840153346,0.532280730215671,0.806921099214375,0.983077119988142,0.962585655181549,0.776844550553335,0.532280730215671
9.83081923493624,0.532280730215671,0.806939878108789,0.983095196393701,0.962546538248981,0.77678178338118,0.532280730215671
9.84082006833903,0.532280730215671,0.806958665915662,0.983113280680965,0.962507360991878,0.776718947947176,0.532280730215671
9.85082090174181,0.532280730215671,0.80697746222634,0.98313137248416,0.962468124034291,0.776656045292508,0.532280730215671
9.8608217351446,0.532280730215671,0.806996266633055,0.983149471438127,0.96242882800211,0.776593076459398,0.532280730215671
9.87082256854738,0.532280730215671,0.807015078729365,0.983167577178656,0.962389473522406,0.776530042490144,0.532280730215671
9.88082340195016,0.532280730215671,0.807033898110554,0.983185689342815,0.96235006122284,0.77646694442624,0.532280730215671
9.89082423535295,0.532280730215671,0.807052724373991,0.983203807569222,0.962310591731108,0.776403783307576,0.532280730215671
9.90082506875573,0.532280730215671,0.80707155711944,0.983221931498306,0.962271065674462,0.776340560171725,0.532280730215671
9.91082590215851,0.532280730215671,0.807090395949331,0.983240060772516,0.962231483679275,0.776277276053323,0.532280730215671
9.9208267355613,0.532280730215671,0.807109240468973,0.983258195036504,0.962191846370691,0.776213931983535,0.532280730215671
9.93082756896408,0.532280730215671,0.807128090286732,0.983276333937273,0.962152154372315,0.776150528989623,0.532280730215671
9.94082840236686,0.532280730215671,0.807146945014153,0.983294477124281,0.962112408305989,0.776087068094603,0.532280730215671
9.95082923576965,0.532280730215671,0.807165804266032,0.983312624249516,0.962072608791624,0.776023550317006,0.532280730215671
9.96083006917243,0.532280730215671,0.807184667660446,0.983330774967533,0.962032756447107,0.775959976670735,0.532280730215671
9.97083090257521,0.532280730215671,0.80720353481873,0.983348928935449,0.961992851888271,0.775896348165015,0.532280730215671
9.980831735978,0.532280730215671,0.807222405365407,0.983367085812912,0.961952895728932,0.775832665804448,0.532280730215671
9.99083256938078,0.532280730215671,0.807241278928076,0.983385245262028,0.961912888580994,0.775768930589157,0.532280730215671
10.0008334027836,0.532280730215671,0.807260155137248,0.983403406947255,0.961872831054621,0.775705143515021,0.532280730215671
10.0108342361863,0.532280730215671,0.807279033626149,0.98342157053527,0.961832723758467,0.77564130557401,0.532280730215671
10.0208350695891,0.532280730215671,0.807297913965838,0.98343973564893,0.961792567385136,0.775577417875259,0.532280730215671
10.0308359029919,0.532280730215671,0.807316795202432,0.98345790153716,0.961752363326719,0.775513482517348,0.532280730215671
10.0408367363947,0.532280730215671,0.807335671946682,0.983476064276517,0.961712118906314,0.775449510002878,0.532280730215671
10.0508375697975,0.532280730215671,0.807354534960031,0.983494217097871,0.961671846876803,0.775385518552632,0.532280730215671
10.0608384032003,0.532280730215671,0.807373373666169,0.983512352240535,0.961631561935484,0.775321529126063,0.532280730215671
10.070839236603,0.532280730215671,0.807392177491126,0.983530461931298,0.961591278883851,0.775257562800654,0.532280730215671
10.0808400700058,0.532280730215671,0.807410936016603,0.983548538494334,0.961551012421391,0.775193640479687,0.532280730215671
10.0908409034086,0.532280730215671,0.807429639044558,0.983566574399733,0.961510777051497,0.77512978275848,0.532280730215671
10.1008417368114,0.532280730215671,0.807448276664126,0.983584562313656,0.961470586983649,0.775066009785759,0.532280730215671
10.1108425702142,0.532280730215671,0.807466839316033,0.983602495146632,0.961430456038416,0.775002341129452,0.532280730215671
10.120843403617,0.532280730215671,0.807485317853994,0.98362036609963,0.96139039755601,0.774938795647895,0.532280730215671
10.1308442370198,0.532280730215671,0.807503703602726,0.983638168707651,0.96135042430892,0.774875391367202,0.532280730215671
10.1408450704225,0.532280730215671,0.807521988412227,0.983655896880567,0.961310548419174,0.774812145365533,0.532280730215671
10.1508459038253,0.532280730215671,0.807540164707971,0.983673544940977,0.961270781280752,0.774749073664976,0.532280730215671
10.1608467372281,0.532280730215671,0.807558225536702,0.983691107658836,0.961231133487642,0.774686191131687,0.532280730215671
10.1708475706309,0.532280730215671,0.807576164607545,0.983708580282661,0.961191614767981,0.774623511384926,0.532280730215671
10.1808484040337,0.532280730215671,0.807593976328169,0.983725958567129,0.961152233924724,0.77456104671551,0.532280730215671
10.1908492374365,0.532280730215671,0.80761165583578,0.983743238796887,0.961112998783203,0.774498808014222,0.532280730215671
10.2008500708392,0.532280730215671,0.807629199022747,0.98376041780646,0.961073916145915,0.774436804710572,0.532280730215671
10.210850904242,0.532280730215671,0.807646602556712,0.98377749299612,0.961034991754828,0.774375044722301,0.532280730215671
10.2208517376448,0.532280730215671,0.807663863895066,0.983794462343653,0.960996230261441,0.774313534415909,0.532280730215671
10.2308525710476,0.532280730215671,0.807680981293717,0.983811324411954,0.960957635204765,0.774252278578423,0.532280730215671
10.2408534044504,0.532280730215671,0.807697953810127,0.983828078352431,0.960919208997359,0.774191280400537,0.532280730215671
10.2508542378532,0.532280730215671,0.807714781300621,0.983844723904228,0.960880952919468,0.774130541471173,0.532280730215671
10.2608550712559,0.532280730215671,0.807731464412046,0.983861261389294,0.96084286712127,0.774070061783423,0.532280730215671
10.2708559046587,0.532280730215671,0.807748004567858,0.983877691703382,0.960804950633151,0.774009839751755,0.532280730215671
10.2808567380615,0.532280730215671,0.807764403948821,0.983894016303071,0.960767201383893,0.773949872240252,0.532280730215671
10.2908575714643,0.532280730215671,0.807780665468471,0.983910237188946,0.960729616226566,0.773890154601608,0.532280730215671
10.3008584048671,0.532280730215671,0.807796792743631,0.983926356885097,0.960692190971869,0.773830680726471,0.532280730215671
10.3108592382699,0.532280730215671,0.807812790060197,0.983942378415137,0.960654920428614,0.773771443102682,0.532280730215671
10.3208600716726,0.532280730215671,0.807828662334564,0.98395830527495,0.96061779845095,0.773712432883855,0.532280730215671
10.3308609050754,0.532280730215671,0.807844415070994,0.983974141402422,0.960580817991926,0.77365363996668,0.532280730215671
10.3408617384782,0.532280730215671,0.807860054315349,0.983989891144414,0.960543971162894,0.773595053076261,0.532280730215671
10.350862571881,0.532280730215671,0.807875586605554,0.984005559221277,0.960507249298222,0.773536659858731,0.532280730215671
10.3608634052838,0.532280730215671,0.807891018919262,0.984021150689202,0.96047064302477,0.773478446980364,0.532280730215671
10.3708642386866,0.532280730215671,0.80790635861913,0.984036670900744,0.960434142335508,0.7734204002323,0.532280730215671
10.3808650720893,0.532280730215671,0.807921613396205,0.984052125463825,0.96039773666666,0.773362504640035,0.532280730215671
10.3908659054921,0.532280730215671,0.807936791211865,0.984067520199584,0.960361414977721,0.773304744576729,0.532280730215671
10.4008667388949,0.532280730215671,0.807951900238801,0.984082861099397,0.960325165833684,0.773247103879433,0.532280730215671
10.4108675722977,0.532280730215671,0.80796694880151,0.984098154281418,0.96028897748881,0.773189565967264,0.532280730215671
10.4208684057005,0.532280730215671,0.807981945316777,0.984113405946987,0.960252837971259,0.773132113960607,0.532280730215671
10.4308692391033,0.532280730215671,0.807996898234585,0.984128622337235,0.960216735167928,0.773074730800413,0.532280730215671
10.440870072506,0.532280730215671,0.808011815979922,0.984143809690216,0.960180656908841,0.773017399366669,0.532280730215671
10.4508709059088,0.532280730215671,0.808026706895887,0.984158974198882,0.960144591050445,0.772960102595166,0.532280730215671
10.4608717393116,0.532280730215671,0.808041579188512,0.984174121970195,0.960108525557219,0.772902823591705,0.532280730215671
10.4708725727144,0.532280730215671,0.808056440873678,0.984189258985674,0.960072448581,0.772845545742944,0.532280730215671
10.4808734061172,0.532280730215671,0.808071299726465,0.984204391063626,0.960036348537486,0.77278825282311,0.532280730215671
10.49087423952,0.532280730215671,0.80808616323327,0.984219523823312,0.960000214179402,0.772730929095884,0.532280730215671
10.5008750729227,0.532280730215671,0.808101038546968,0.984234662651267,0.959964034665868,0.772673559410791,0.532280730215671
10.5108759063255,0.532280730215671,0.808115932445387,0.984249812669975,0.959927799627535,0.772616129293538,0.532280730215671
10.5208767397283,0.532280730215671,0.808130851293291,0.984264978709065,0.959891499227118,0.772558625029743,0.532280730215671
10.5308775731311,0.532280730215671,0.808145801008088,0.984280165279175,0.959855124214995,0.772501033741639,0.532280730215671
10.5408784065339,0.532280730215671,0.808160787029386,0.984295376548613,0.959818665979589,0.772443343457341,0.532280730215671
10.5508792399367,0.532280730215671,0.808175814292531,0.984310616322906,0.959782116592303,0.772385543172379,0.532280730215671
10.5608800733394,0.532280730215671,0.808190887206191,0.984325888027295,0.959745468846824,0.772327622903243,0.532280730215671
10.5708809067422,0.532280730215671,0.808206009634054,0.984341194692252,0.959708716292665,0.772269573732778,0.532280730215671
10.580881740145,0.532280730215671,0.808221184880641,0.984356538942004,0.959671853262848,0.772211387847302,0.532280730215671
10.5908825735478,0.532280730215671,0.808236415681219,0.984371922986093,0.959634874895704,0.772153058565412,0.532280730215671
10.6008834069506,0.532280730215671,0.808251704195782,0.984387348613926,0.959597777150777,0.77209458035851,0.532280730215671
10.6108842403534,0.532280730215671,0.808267052007018,0.984402817192285,0.959560556818878,0.7720359488631,0.532280730215671
10.6208850737561,0.532280730215671,0.808282460122172,0.984418329665725,0.959523211526389,0.771977160885009,0.532280730215671
10.6308859071589,0.532280730215671,0.808297928978681,0.984433886559781,0.959485739733912,0.771918214395716,0.532280730215671
10.6408867405617,0.532280730215671,0.808313458453452,0.984449487986889,0.959448140729447,0.77185910852101,0.532280730215671
10.6508875739645,0.532280730215671,0.808329047875599,0.984465133654889,0.959410414616254,0.771799843522276,0.532280730215671
10.6608884073673,0.532280730215671,0.808344696042496,0.984480822878018,0.959372562295649,0.771740420770709,0.532280730215671
10.6708892407701,0.532280730215671,0.808360401238923,0.984496554590214,0.959334585444942,0.771680842714814,0.532280730215671
10.6808900741728,0.532280730215671,0.808376161259117,0.984512327360614,0.959296486490806,0.771621112841589,0.532280730215671
10.6908909075756,0.532280730215671,0.80839197343151,0.984528139411063,0.959258268578348,0.771561235631795,0.532280730215671
10.7008917409784,0.532280730215671,0.808407834645921,0.984543988635485,0.959219935536186,0.771501216509749,0.532280730215671
10.7108925743812,0.532280730215671,0.808423741382982,0.984559872620937,0.959181491837855,0.771441061788114,0.532280730215671
10.720893407784,0.532280730215671,0.808439689745533,0.984575788670165,0.959142942559868,0.771380778608138,0.532280730215671
10.7308942411868,0.532280730215671,0.808455675491778,0.984591733825493,0.959104293336769,0.771320374875856,0.532280730215671
10.7408950745895,0.532280730215671,0.808471694069922,0.984607704893843,0.959065550313537,0.771259859194734,0.532280730215671
10.7508959079923,0.532280730215671,0.80848774065405,0.984623698472721,0.959026720095681,0.771199240795265,0.532280730215671
10.7608967413951,0.532280730215671,0.808503810181016,0.984639710976971,0.958987809697397,0.771138529462042,0.532280730215671
10.7708975747979,0.532280730215671,0.808519897388054,0.984655738666117,0.958948826488151,0.771077735458794,0.532280730215671
10.7808984082007,0.532280730215671,0.808535996850913,0.984671777672104,0.958909778138028,0.771016869451912,0.532280730215671
10.7908992416035,0.532280730215671,0.808552103022222,0.98468782402727,0.958870672562234,0.770955942432968,0.532280730215671
10.8009000750063,0.532280730215671,0.808568210269884,0.984703873692354,0.958831517865095,0.770894965640725,0.532280730215671
10.810900908409,0.532280730215671,0.808584312915236,0.98471992258438,0.958792322283905,0.77083395048313,0.532280730215671
10.8209017418118,0.532280730215671,0.808600405270764,0.984735966604241,0.958753094132977,0.770772908459771,0.532280730215671
10.8309025752146,0.532280730215671,0.808616481677136,0.984752001663816,0.958713841748238,0.770711851085281,0.532280730215671
10.8409034086174,0.532280730215671,0.808632536539341,0.984768023712468,0.958674573432689,0.770650789814115,0.532280730215671
10.8509042420202,0.532280730215671,0.808648564361734,0.984784028762769,0.958635297403066,0.770589735967178,0.532280730215671
10.860905075423,0.532280730215671,0.80866455978178,0.984800012915301,0.958596021738006,0.770528700660692,0.532280730215671
10.8709059088257,0.532280730215671,0.80868051760231,0.984815972382402,0.958556754328009,0.770467694737732,0.532280730215671
10.8809067422285,0.532280730215671,0.808696432822115,0.984831903510734,0.958517502827499,0.770406728702785,0.532280730215671
10.8909075756313,0.532280730215671,0.808712300664716,0.98484780280253,0.958478274609225,0.770345812659723,0.532280730215671
10.9009084090341,0.532280730215671,0.808728116605152,0.984863666935438,0.958439076721281,0.770284956253491,0.532280730215671
10.9109092424369,0.532280730215671,0.808743876394645,0.984879492780841,0.958399915846957,0.77022416861584,0.532280730215671
10.9209100758397,0.532280730215671,0.808759576083027,0.984895277420567,0.958360798267647,0.77016345831538,0.532280730215671
10.9309109092424,0.532280730215671,0.808775212038812,0.984911018161914,0.958321729829006,0.770102833312197,0.532280730215671
10.9409117426452,0.532280730215671,0.808790780966821,0.984926712550918,0.95828271591052,0.770042300917263,0.532280730215671
10.950912576048,0.532280730215671,0.808806279923276,0.9849423583838,0.958243761398655,0.769981867756824,0.532280730215671
10.9609134094508,0.532280730215671,0.808821706328321,0.984957953716562,0.958204870663692,0.769921539741921,0.532280730215671
10.9709142428536,0.532280730215671,0.808837057975887,0.984973496872682,0.958166047540359,0.769861322043169,0.532280730215671
10.9809150762564,0.532280730215671,0.808852333040931,0.984988986448904,0.958127295312342,0.769801219070881,0.532280730215671
10.9909159096591,0.532280730215671,0.808867530083978,0.985004421319099,0.958088616700706,0.769741234460586,0.532280730215671
11.0009167430619,0.532280730215671,0.808882648053019,0.985019800636207,0.958050013856277,0.769681371063963,0.532280730215671
11.0109175764647,0.532280730215671,0.808897686282775,0.985035123832288,0.958011488355957,0.769621630945171,0.532280730215671
11.0209184098675,0.532280730215671,0.808912644491363,0.985050390616694,0.957973041202959,0.76956201538252,0.532280730215671
11.0309192432703,0.532280730215671,0.808927522774443,0.985065600972408,0.957934672830909,0.769502524875389,0.532280730215671
11.0409200766731,0.532280730215671,0.808942321596905,0.985080755150612,0.957896383111721,0.769443159156286,0.532280730215671
11.0509209100758,0.532280730215671,0.8089570417822,0.985095853663543,0.957858171367147,0.769383917207863,0.532280730215671
11.0609217434786,0.532280730215671,0.808971684499422,0.985110897275702,0.957820036383884,0.769324797284725,0.532280730215671
11.0709225768814,0.532280730215671,0.808986251248264,0.985125886993528,0.957781976432059,0.769265796939799,0.532280730215671
11.0809234102842,0.532280730215671,0.80900074384198,0.985140824053598,0.957743989286938,0.769206913055013,0.532280730215671
11.090924243687,0.532280730215671,0.809015164388512,0.985155709909491,0.957706072253656,0.769148141876016,0.532280730215671
11.1009250770898,0.532280730215671,0.809029515269932,0.985170546217404,0.957668222194748,0.769089479050629,0.532280730215671
11.1109259104925,0.532280730215671,0.809043799120378,0.985185334820656,0.957630435560255,0.76903091967071,0.532280730215671
11.1209267438953,0.532280730215671,0.809058018802649,0.98520007773319,0.957592708420158,0.768972458317092,0.532280730215671
11.1309275772981,0.532280730215671,0.809072177383667,0.98521477712222,0.95755503649887,0.768914089107225,0.532280730215671
11.1409284107009,0.532280730215671,0.809086278108968,0.98522943529015,0.957517415211525,0.768855805745153,0.532280730215671
11.1509292441037,0.532280730215671,0.809100324376442,0.985244054655897,0.957479839701775,0.768797601573445,0.532280730215671
11.1609300775065,0.532280730215671,0.809114319709498,0.985258637735773,0.957442304880815,0.768739469626679,0.532280730215671
11.1709309109092,0.532280730215671,0.809128267729865,0.985273187124052,0.957404805467335,0.768681402686087,0.532280730215671
11.180931744312,0.532280730215671,0.809142172130224,0.985287705473371,0.957367336028115,0.768623393334965,0.532280730215671
11.1909325777148,0.532280730215671,0.809156036646846,0.9853021954751,0.957329891018963,0.76856543401444,0.532280730215671
11.2009334111176,0.532280730215671,0.809169865032457,0.985316659839821,0.957292464825716,0.768507517079213,0.532280730215671
11.2109342445204,0.532280730215671,0.809183661029488,0.985331101278041,0.957255051805008,0.768449634852887,0.532280730215671
11.2209350779232,0.532280730215671,0.809197428343889,0.985345522481278,0.957217646324529,0.768391779682508,0.532280730215671
11.2309359113259,0.532280730215671,0.8092111706197,0.985359926103634,0.957180242802519,0.768333943991959,0.532280730215671
11.2409367447287,0.532280730215671,0.809224891414507,0.985374314743979,0.957142835746226,0.768276120333858,0.532280730215671
11.2509375781315,0.532280730215671,0.80923859417596,0.985388690928853,0.957105419789085,0.768218301439629,0.532280730215671
11.2609384115343,0.532280730215671,0.809252282219468,0.985403057096181,0.957067989726397,0.768160480267458,0.532280730215671
11.2709392449371,0.532280730215671,0.809265958707226,0.985417415579912,0.957030540549282,0.768102650047822,0.532280730215671
11.2809400783399,0.532280730215671,0.809279626628662,0.985431768595651,0.956993067476722,0.768044804326347,0.532280730215671
11.2909409117426,0.532280730215671,0.809293288782425,0.985446118227369,0.956955565985494,0.767986937003754,0.532280730215671
11.3009417451454,0.532280730215671,0.809306947759997,0.98546046641526,0.956918031837862,0.76792904237268,0.532280730215671
11.3109425785482,0.532280730215671,0.809320605930995,0.98547481494479,0.956880461106852,0.767871115151191,0.532280730215671
11.320943411951,0.532280730215671,0.809334265430243,0.985489165437003,0.956842850199023,0.76781315051283,0.532280730215671
11.3309442453538,0.532280730215671,0.809347928146648,0.985503519340107,0.956805195874604,0.767755144113071,0.532280730215671
11.3409450787566,0.532280730215671,0.809361595713918,0.985517877922377,0.956767495264943,0.767697092112081,0.532280730215671
11.3509459121593,0.532280730215671,0.809375269503143,0.985532242266385,0.956729745887182,0.767638991193715,0.532280730215671
11.3609467455621,0.532280730215671,0.809388950617251,0.985546613264579,0.956691945656139,0.767580838580691,0.532280730215671
11.3709475789649,0.532280730215671,0.809402639887328,0.985560991616192,0.956654092893369,0.767522632045946,0.532280730215671
11.3809484123677,0.532280730215671,0.809416337870779,0.985575377825487,0.956616186333398,0.767464369920156,0.532280730215671
11.3909492457705,0.532280730215671,0.809430044851326,0.985589772201313,0.956578225127161,0.767406051095474,0.532280730215671
11.4009500791733,0.532280730215671,0.809443760840769,0.985604174857942,0.956540208842668,0.767347675025532,0.532280730215671
11.410950912576,0.532280730215671,0.809457485582484,0.985618585717163,0.956502137462956,0.767289241721789,0.532280730215671
11.4209517459788,0.532280730215671,0.809471218556582,0.985633004511574,0.956464011381404,0.767230751746342,0.532280730215671
11.4309525793816,0.532280730215671,0.809484958986675,0.985647430789046,0.956425831394486,0.767172206201295,0.532280730215671
11.4409534127844,0.532280730215671,0.809498705848148,0.985661863918281,0.956387598692063,0.767113606714858,0.532280730215671
11.4509542461872,0.532280730215671,0.809512457877874,0.985676303095422,0.956349314845338,0.767054955424326,0.532280730215671
11.46095507959,0.532280730215671,0.809526213585258,0.985690747351632,0.956310981792586,0.76699625495611,0.532280730215671
11.4709559129927,0.532280730215671,0.809539971264525,0.985705195561585,0.956272601822808,0.766937508403013,0.532280730215671
11.4809567463955,0.532280730215671,0.809553729008142,0.985719646452793,0.956234177557449,0.766878719298972,0.532280730215671
11.4909575797983,0.532280730215671,0.809567484721261,0.985734098615676,0.956195711930333,0.766819891591451,0.532280730215671
11.5009584132011,0.532280730215671,0.80958123613707,0.985748550514315,0.956157208165988,0.76676102961175,0.532280730215671
11.5109592466039,0.532280730215671,0.809594980832944,0.985763000497788,0.956118669756528,0.766702138043423,0.532280730215671
11.5209600800067,0.532280730215671,0.809608716247266,0.985777446812012,0.95608010043726,0.766643221889081,0.532280730215671
11.5309609134095,0.532280730215671,0.809622439696795,0.985791887612003,0.95604150416121,0.766584286435804,0.532280730215671
11.5409617468122,0.532280730215671,0.809636148394477,0.985806320974466,0.956002885072731,0.766525337219422,0.532280730215671
11.550962580215,0.532280730215671,0.809649839467559,0.985820744910622,0.95596424748041,0.766466379987902,0.532280730215671
11.5609634136178,0.532280730215671,0.809663509975893,0.985835157379204,0.955925595829418,0.76640742066412,0.532280730215671
11.5709642470206,0.532280730215671,0.809677156930303,0.985849556299508,0.955886934673528,0.766348465308233,0.532280730215671
11.5809650804234,0.532280730215671,0.809690777310912,0.985863939564439,0.955848268646963,0.766289520079922,0.532280730215671
11.5909659138262,0.532280730215671,0.809704368085296,0.985878305053453,0.955809602436261,0.766230591200752,0.532280730215671
11.6009667472289,0.532280730215671,0.809717926226361,0.985892650645323,0.955770940752338,0.766171684916861,0.532280730215671
11.6109675806317,0.532280730215671,0.80973144872983,0.98590697423065,0.955732288302928,0.766112807462248,0.532280730215671
11.6209684140345,0.532280730215671,0.809744932631245,0.985921273724034,0.955693649765557,0.766053965022849,0.532280730215671
11.6309692474373,0.532280730215671,0.809758375022372,0.985935547075852,0.955655029761231,0.765995163701645,0.532280730215671
11.6409700808401,0.532280730215671,0.809771773066921,0.985949792283554,0.955616432828978,0.765936409484977,0.532280730215671
11.6509709142429,0.532280730215671,0.809785124015486,0.985964007402434,0.955577863401412,0.765877708210299,0.532280730215671
11.6609717476456,0.532280730215671,0.809798425219641,0.985978190555796,0.955539325781436,0.765819065535514,0.532280730215671
11.6709725810484,0.532280730215671,0.809811674145084,0.985992339944483,0.955500824120238,0.765760486910092,0.532280730215671
11.6809734144512,0.532280730215671,0.809824868383794,0.986006453855696,0.955462362396684,0.765701977548103,0.532280730215671
11.690974247854,0.532280730215671,0.809838005665122,0.98602053067108,0.95542394439823,0.765643542403321,0.532280730215671
11.7009750812568,0.532280730215671,0.809851083865754,0.986034568874023,0.955385573703446,0.765585186146521,0.532280730215671
11.7109759146596,0.532280730215671,0.809864101018526,0.986048567056143,0.955347253666235,0.765526913145066,0.532280730215671
11.7209767480623,0.532280730215671,0.809877055320034,0.986062523922932,0.955308987401842,0.765468727444899,0.532280730215671
11.7309775814651,0.532280730215671,0.809889945137004,0.986076438298538,0.955270777774686,0.765410632755,0.532280730215671
11.7409784148679,0.532280730215671,0.809902769011431,0.986090309129666,0.955232627388094,0.76535263243437,0.532280730215671
11.7509792482707,0.532280730215671,0.809915525664439,0.986104135488593,0.955194538575958,0.765294729481589,0.532280730215671
11.7609800816735,0.532280730215671,0.80992821399888,0.986117916575284,0.95515651339634,0.765236926526973,0.532280730215671
11.7709809150763,0.532280730215671,0.809940833100674,0.986131651718627,0.955118553627042,0.765179225827326,0.532280730215671
11.780981748479,0.532280730215671,0.809953382238898,0.986145340376775,0.955080660763136,0.765121629263298,0.532280730215671
11.7909825818818,0.532280730215671,0.809965860864641,0.986158982136626,0.955042836016435,0.76506413833929,0.532280730215671
11.8009834152846,0.532280730215671,0.809978268608672,0.986172576712451,0.955005080316883,0.765006754185906,0.532280730215671
11.8109842486874,0.532280730215671,0.809990605277932,0.986186123943696,0.95496739431582,0.764949477564854,0.532280730215671
11.8209850820902,0.532280730215671,0.810002870850915,0.986199623791985,0.954929778391076,0.764892308876234,0.532280730215671
11.830985915493,0.532280730215671,0.81001506547198,0.986213076337371,0.954892232653811,0.764835248168132,0.532280730215671
11.8409867488957,0.532280730215671,0.810027189444649,0.986226481773853,0.954854756957055,0.764778295148406,0.532280730215671
11.8509875822985,0.532280730215671,0.81003924322396,0.986239840404223,0.954817350905838,0.764721449198544,0.532280730215671
11.8609884157013,0.532280730215671,0.810051227407939,0.986253152634274,0.954780013868829,0.764664709389474,0.532280730215671
11.8709892491041,0.532280730215671,0.810063142728265,0.986266418966437,0.954742744991368,0.764608074499181,0.532280730215671
11.8809900825069,0.532280730215671,0.810074990040214,0.986279639992876,0.954705543209796,0.764551543031974,0.532280730215671
11.8909909159097,0.532280730215671,0.810086770311946,0.986292816388127,0.95466840726695,0.764495113239255,0.532280730215671
11.9009917493124,0.532280730215671,0.810098484613242,0.986305948901314,0.9546313357287,0.764438783141611,0.532280730215671
11.9109925827152,0.532280730215671,0.810110134103755,0.98631903834802,0.954594327001402,0.764382550552067,0.532280730215671
11.920993416118,0.532280730215671,0.810121720020887,0.986332085601861,0.954557379350136,0.76432641310031,0.532280730215671
11.9309942495208,0.532280730215671,0.810133243667362,0.986345091585844,0.954520490917574,0.764270368257705,0.532280730215671
11.9409950829236,0.532280730215671,0.810144706398594,0.986358057263546,0.954483659743363,0.764214413362931,0.532280730215671
11.9509959163264,0.532280730215671,0.810156109609947,0.986370983630205,0.954446883783859,0.764158545648032,0.532280730215671
11.9609967497291,0.532280730215671,0.81016745472396,0.986383871703767,0.954410160932088,0.764102762264705,0.532280730215671
11.9709975831319,0.532280730215671,0.810178743177636,0.986396722515954,0.954373489037787,0.76404706031066,0.532280730215671
11.9809984165347,0.532280730215671,0.810189976409881,0.986409537103418,0.954336865927382,0.763991436855835,0.532280730215671
11.9909992499375,0.532280730215671,0.810201155849171,0.986422316499037,0.954300289423783,0.763935888968328,0.532280730215671
12.0010000833403,0.532280730215671,0.810212282901523,0.986435061723407,0.954263757365852,0.763880413739849,0.532280730215671
12.0110009167431,0.532280730215671,0.810223358938857,0.986447773776589,0.954227267627414,0.763825008310543,0.532280730215671
12.0210017501458,0.532280730215671,0.810234385553113,0.986460453809326,0.954190817733608,0.763769669371072,0.532280730215671
12.0310025835486,0.532280730215671,0.810245365546062,0.986473103800657,0.954154403328694,0.763714391171035,0.532280730215671
12.0410034169514,0.532280730215671,0.810256295649727,0.986485721640242,0.954118029225884,0.763659179856527,0.532280730215671
12.0510042503542,0.532280730215671,0.810267166171369,0.986498300753763,0.954081710418052,0.763604054822188,0.532280730215671
12.061005083757,0.532280730215671,0.810277965059469,0.986510832912904,0.954045465735843,0.763549040438069,0.532280730215671
12.0710059171598,0.532280730215671,0.810288680152108,0.98652330978704,0.954009314335455,0.763494161474769,0.532280730215671
12.0810067505625,0.532280730215671,0.8102992994565,0.986535723129776,0.953973275280421,0.763439442562253,0.532280730215671
12.0910075839653,0.532280730215671,0.810309811303206,0.986548064883865,0.953937367302569,0.763384907880521,0.532280730215671
12.1010084173681,0.532280730215671,0.810320204507571,0.986560327291499,0.95390160854897,0.763330580832628,0.532280730215671
12.1110092507709,0.532280730215671,0.810330468517374,0.986572502995618,0.953866016347499,0.76327648374235,0.532280730215671
12.1210100841737,0.532280730215671,0.810340593545723,0.986584585131541,0.9538306069927,0.763222637578661,0.532280730215671
12.1310109175765,0.532280730215671,0.810350570688532,0.986596567408469,0.953795395553249,0.763169061708559,0.532280730215671
12.1410117509792,0.532280730215671,0.810360392025973,0.986608444180393,0.953760395702223,0.763115773679773,0.532280730215671
12.151012584382,0.532280730215671,0.810370050707446,0.986620210506099,0.953725619571129,0.763062789034505,0.532280730215671
12.1610134177848,0.532280730215671,0.810379541019824,0.986631862198042,0.953691077628417,0.763010121155024,0.532280730215671
12.1710142511876,0.532280730215671,0.810388858438865,0.986643395860008,0.953656778582882,0.762957781141597,0.532280730215671
12.1810150845904,0.532280730215671,0.810397999663878,0.986654808913572,0.953622729312143,0.762905777722902,0.532280730215671
12.1910159179932,0.532280730215671,0.810406962635886,0.986666099613501,0.953588934816105,0.76285411719872,0.532280730215671
12.2010167513959,0.532280730215671,0.81041574653972,0.986677267052331,0.953555398195033,0.762802803414389,0.532280730215671
12.2110175847987,0.532280730215671,0.810424351790587,0.986688311154483,0.953522120651666,0.762751837766169,0.532280730215671
12.2210184182015,0.532280730215671,0.810432780005876,0.986699232660355,0.953489101516477,0.762701219236373,0.532280730215671
12.2310192516043,0.532280730215671,0.810441033963041,0.986710033100956,0.953456338295042,0.762650944456812,0.532280730215671
12.2410200850071,0.532280730215671,0.810449117544571,0.9867207147637,0.953423826736181,0.76260100779884,0.532280730215671
12.2510209184099,0.532280730215671,0.810457035671168,0.986731280650084,0.953391560919388,0.762551401488036,0.532280730215671
12.2610217518127,0.532280730215671,0.810464794224334,0.98674173442604,0.953359533359877,0.762502115741335,0.532280730215671
12.2710225852154,0.532280730215671,0.810472399959686,0.986752080365791,0.953327735129397,0.762453138924228,0.532280730215671
12.2810234186182,0.532280730215671,0.810479860412356,0.986762323290117,0.953296155990868,0.76240445772549,0.532280730215671
12.291024252021,0.532280730215671,0.810487183795891,0.986772468499956,0.953264784544762,0.762356057346776,0.532280730215671
12.3010250854238,0.532280730215671,0.810494378896104,0.98678252170629,0.953233608385098,0.762307921704331,0.532280730215671
12.3110259188266,0.532280730215671,0.810501454961331,0.986792488957275,0.953202614262871,0.762260033640009,0.532280730215671
12.3210267522294,0.532280730215671,0.810508421590529,0.986802376563597,0.953171788254706,0.762212375138778,0.532280730215671
12.3310275856321,0.532280730215671,0.810515288620642,0.986812191022974,0.953141115934577,0.762164927549921,0.532280730215671
12.3410284190349,0.532280730215671,0.810522066014596,0.986821938944747,0.953110582546421,0.762117671809174,0.532280730215671
12.3510292524377,0.532280730215671,0.810528763751237,0.98683162697545,0.953080173175601,0.76207058865918,0.532280730215671
12.3610300858405,0.532280730215671,0.810535391718436,0.986841261726179,0.953049872917228,0.762023658865685,0.532280730215671
12.3710309192433,0.532280730215671,0.810541959610521,0.986850849702569,0.953019667039478,0.761976863427141,0.532280730215671
12.3810317526461,0.532280730215671,0.810548476831037,0.986860397238081,0.952989541140177,0.761930183775474,0.532280730215671
12.3910325860488,0.532280730215671,0.810554952401816,0.98686991043127,0.952959481295078,0.761883601966017,0.532280730215671
12.4010334194516,0.532280730215671,0.810561394879122,0.986879395087596,0.952929474196416,0.761837100854814,0.532280730215671
12.4110342528544,0.532280730215671,0.81056781227761,0.986888856666287,0.952899507280502,0.761790664261698,0.532280730215671
12.4210350862572,0.532280730215671,0.810574212002621,0.986898300232662,0.952869568843299,0.761744277117829,0.532280730215671
12.43103591966,0.532280730215671,0.8105806007913,0.986907730416268,0.952839648143115,0.761697925596566,0.532280730215671
12.4410367530628,0.532280730215671,0.810586984662836,0.986917151375053,0.95280973548973,0.761651597226818,0.532280730215671
12.4510375864655,0.532280730215671,0.810593368878031,0.986926566765782,0.952779822319447,0.761605280988262,0.532280730215671
12.4610384198683,0.532280730215671,0.810599757908293,0.986935979720761,0.952749901255776,0.761558967388022,0.532280730215671
12.4710392532711,0.532280730215671,0.810606155414011,0.986945392830903,0.952719966155583,0.76151264851866,0.532280730215671
12.4810400866739,0.532280730215671,0.81061256423221,0.986954808135082,0.952690012140757,0.761466318097523,0.532280730215671
12.4910409200767,0.532280730215671,0.810618986373242,0.986964227115637,0.952660035615555,0.7614199714877,0.532280730215671
12.5010417534795,0.532280730215671,0.810625423026222,0.986973650699873,0.952630034269978,0.761373605701038,0.532280730215671
12.5110425868822,0.532280730215671,0.810631874572804,0.986983079267297,0.95260000706962,0.761327219383828,0.532280730215671
12.521043420285,0.532280730215671,0.810638340608862,0.986992512662307,0.952569954232595,0.761280812785931,0.532280730215671
12.5310442536878,0.532280730215671,0.810644819973527,0.987001950212015,0.952539877194219,0.76123438771425,0.532280730215671
12.5410450870906,0.532280730215671,0.810651310785051,0.987011390748817,0.952509778560247,0.761187947471589,0.532280730215671
12.5510459204934,0.532280730215671,0.810657810482845,0.987020832637319,0.952479662049524,0.761141496782023,0.532280730215671
12.5610467538962,0.532280730215671,0.81066431587508,0.987030273805184,0.952449532426996,0.761095041704,0.532280730215671
12.5710475872989,0.532280730215671,0.810670823191159,0.987039711777467,0.952419395428064,0.761048589532469,0.532280730215671
12.5810484207017,0.532280730215671,0.81067732813837,0.987049143713954,0.952389257675318,0.761002148691374,0.532280730215671
12.5910492541045,0.532280730215671,0.810683825962049,0.987058566449054,0.952359126588721,0.760955728617883,0.532280730215671
12.6010500875073,0.532280730215671,0.810690311508496,0.987067976533756,0.952329010290319,0.760909339639772,0.532280730215671
12.6110509209101,0.532280730215671,0.810696779290004,0.987077370279171,0.952298917504572,0.760862992847361,0.532280730215671
12.6210517543129,0.532280730215671,0.810703223551263,0.98708674380121,0.952268857455403,0.760816699961411,0.532280730215671
12.6310525877156,0.532280730215671,0.810709638336483,0.987096093065894,0.952238839761044,0.760770473198376,0.532280730215671
12.6410534211184,0.532280730215671,0.810716017556568,0.98710541393489,0.952208874327732,0.760724325134368,0.532280730215671
12.6510542545212,0.532280730215671,0.810722355055723,0.9871147022108,0.952178971243314,0.760678268569158,0.532280730215671
12.661055087924,0.532280730215671,0.810728644676853,0.987123953681795,0.952149140671731,0.760632316391503,0.532280730215671
12.6710559213268,0.532280730215671,0.810734880325216,0.987133164165214,0.952119392749372,0.760586481447002,0.532280730215671
12.6810567547296,0.532280730215671,0.810741056029766,0.987142329549716,0.952089737484188,0.760540776409664,0.532280730215671
12.6910575881323,0.532280730215671,0.810747166001688,0.987151445835671,0.952060184658443,0.760495213658244,0.532280730215671
12.7010584215351,0.532280730215671,0.810753204689667,0.987160509173445,0.952030743735885,0.760449805158395,0.532280730215671
12.7110592549379,0.532280730215671,0.810759166831472,0.987169515899297,0.952001423774104,0.760404562351542,0.532280730215671
12.7210600883407,0.532280730215671,0.810765047501475,0.987178462568615,0.951972233342721,0.760359496051318,0.532280730215671
12.7310609217435,0.532280730215671,0.810770842153792,0.987187345986267,0.951943180448025,0.760314616348332,0.532280730215671
12.7410617551463,0.532280730215671,0.810776546660753,0.987196163233869,0.951914272464592,0.760269932523898,0.532280730215671
12.751062588549,0.532280730215671,0.810782157346484,0.98720491169379,0.951885516074316,0.760225452973315,0.532280730215671
12.7610634219518,0.532280730215671,0.810787671015419,0.987213589069783,0.951856917213254,0.760181185139109,0.532280730215671
12.7710642553546,0.532280730215671,0.81079308497562,0.987222193404123,0.951828481026556,0.760137135454645,0.532280730215671
12.7810650887574,0.532280730215671,0.810798397056813,0.987230723091205,0.951800211831704,0.760093309298317,0.532280730215671
12.7910659221602,0.532280730215671,0.810803605623137,0.987239176887556,0.951772113090198,0.760049710958495,0.532280730215671
12.801066755563,0.532280730215671,0.810808709580612,0.987247553918279,0.951744187387723,0.760006343609256,0.532280730215671
12.8110675889657,0.532280730215671,0.810813708379403,0.987255853679952,0.951716436422795,0.759963209296878,0.532280730215671
12.8210684223685,0.532280730215671,0.810818602010992,0.987264076040056,0.951688861003757,0.759920308936912,0.532280730215671
12.8310692557713,0.532280730215671,0.810823391000435,0.987272221233024,0.951661461053967,0.759877642321626,0.532280730215671
12.8410700891741,0.532280730215671,0.810828076393888,0.987280289853042,0.951634235624914,0.759835208137468,0.532280730215671
12.8510709225769,0.532280730215671,0.810832659741661,0.987288282843752,0.951607182916948,0.759793003992137,0.532280730215671
12.8610717559797,0.532280730215671,0.810837143077065,0.987296201485032,0.951580300307242,0.759751026450781,0.532280730215671
12.8710725893824,0.532280730215671,0.810841528891381,0.987304047377052,0.951553584384551,0.759709271080735,0.532280730215671
12.8810734227852,0.532280730215671,0.810845820105267,0.987311822421834,0.951527030990258,0.759667732504187,0.532280730215671
12.891074256188,0.532280730215671,0.810850020036987,0.987319528802538,0.951500635265191,0.759626404458073,0.532280730215671
12.9010750895908,0.532280730215671,0.810854132367837,0.987327168960744,0.951474391701613,0.759585279860461,0.532280730215671
12.9110759229936,0.532280730215671,0.810858161105157,0.987334745571978,0.951448294199783,0.759544350882658,0.532280730215671
12.9210767563964,0.532280730215671,0.810862110543368,0.987342261519762,0.951422336128436,0.759503609026211,0.532280730215671
12.9310775897992,0.532280730215671,0.810865985223417,0.987349719868464,0.95139651038854,0.75946304520398,0.532280730215671
12.9410784232019,0.532280730215671,0.810869789891076,0.987357123835235,0.951370809479646,0.759422649824433,0.532280730215671
12.9510792566047,0.532280730215671,0.810873529454495,0.987364476761302,0.951345225568155,0.7593824128783,0.532280730215671
12.9610800900075,0.532280730215671,0.81087720894143,0.987371782082914,0.951319750556842,0.759342324026745,0.532280730215671
12.9710809234103,0.532280730215671,0.810880833456548,0.987379043302196,0.95129437615495,0.759302372690216,0.532280730215671
12.9810817568131,0.532280730215671,0.81088440813918,0.987386263958188,0.95126909394823,0.759262548137142,0.532280730215671
12.9910825902159,0.532280730215671,0.810887938121917,0.987393447598325,0.951243895468275,0.7592228395717,0.532280730215671
13.0010834236186,0.532280730215671,0.810891428490368,0.987400597750588,0.951218772260558,0.759183236219884,0.532280730215671
13.0110842570214,0.532280730215671,0.810894884244435,0.987407717896573,0.951193715950611,0.759143727413165,0.532280730215671
13.0210850904242,0.532280730215671,0.810898310261378,0.987414811445675,0.951168718307791,0.759104302669065,0.532280730215671
13.031085923827,0.532280730215671,0.810901711260959,0.987421881710582,0.951143771306168,0.759064951768027,0.532280730215671
13.0410867572298,0.532280730215671,0.810905091772906,0.987428931884266,0.95111886718206,0.75902566482603,0.532280730215671
13.0510875906326,0.532280730215671,0.810908456106893,0.987435965018612,0.951093998487833,0.758986432362412,0.532280730215671
13.0610884240353,0.532280730215671,0.810911808325244,0.987442984004827,0.951069158141602,0.758947245362499,0.532280730215671
13.0710892574381,0.532280730215671,0.810915152218484,0.987449991555741,0.951044339472525,0.758908095334624,0.532280730215671
13.0810900908409,0.532280730215671,0.810918491283866,0.987456990190094,0.95101953626146,0.758868974361242,0.532280730215671
13.0910909242437,0.532280730215671,0.810921828706961,0.987463982218869,0.950994742776747,0.758829875143873,0.532280730215671
13.1010917576465,0.532280730215671,0.810925167346371,0.987470969733741,0.950969953805003,0.758790791041704,0.532280730215671
13.1110925910493,0.532280730215671,0.810928509721569,0.987477954597653,0.950945164676797,0.758751716103714,0.532280730215671
13.121093424452,0.532280730215671,0.810931858003883,0.987484938437529,0.95092037128717,0.75871264509425,0.532280730215671
13.1310942578548,0.532280730215671,0.810935214010591,0.987491922639127,0.950895570110997,0.758673573512086,0.532280730215671
13.1410950912576,0.532280730215671,0.810938579202062,0.987498908343997,0.950870758213208,0.758634497602973,0.532280730215671
13.1510959246604,0.532280730215671,0.810941954681858,0.987505896448486,0.950845933253986,0.758595414365824,0.532280730215671
13.1610967580632,0.532280730215671,0.810945341199722,0.987512887604759,0.950821093489022,0.758556321552677,0.532280730215671
13.171097591466,0.532280730215671,0.810948739157289,0.987519882223722,0.950796237765026,0.758517217662638,0.532280730215671
13.1810984248687,0.532280730215671,0.810952148616413,0.987526880479795,0.95077136551065,0.758478101930059,0.532280730215671
13.1910992582715,0.532280730215671,0.810955569309928,0.987533882317409,0.950746476723074,0.75843897430723,0.532280730215671
13.2011000916743,0.532280730215671,0.810959000654699,0.987540887459125,0.950721571950487,0.758399835441915,0.532280730215671
13.2111009250771,0.532280730215671,0.810962441766748,0.987547895415257,0.950696652270746,0.758360686650067,0.532280730215671
13.2211017584799,0.532280730215671,0.810965891478292,0.987554905494864,0.950671719266505,0.758321529884115,0.532280730215671
13.2311025918827,0.532280730215671,0.810969348356471,0.987561916817991,0.95064677499712,0.758282367697209,0.532280730215671
13.2411034252854,0.532280730215671,0.810972810723573,0.987568928328996,0.950621821967671,0.758243203203841,0.532280730215671
13.2511042586882,0.532280730215671,0.810976276678546,0.987575938810853,0.950596863095415,0.758204040037275,0.532280730215671
13.261105092091,0.532280730215671,0.810979744119572,0.987582946900257,0.950571901674033,0.758164882304209,0.532280730215671
13.2711059254938,0.532280730215671,0.810983210767511,0.987589951103405,0.950546941336016,0.75812573453714,0.532280730215671
13.2811067588966,0.532280730215671,0.810986674189986,0.9875969498123,0.95052198601353,0.758086601644839,0.532280730215671
13.2911075922994,0.532280730215671,0.810990131825915,0.987603941321437,0.950497039898117,0.758047488861408,0.532280730215671
13.3011084257021,0.532280730215671,0.810993581010274,0.987610923844724,0.950472107399584,0.758008401694347,0.532280730215671
13.3111092591049,0.532280730215671,0.810997018998908,0.987617895532519,0.950447193104404,0.757969345872057,0.532280730215671
13.3211100925077,0.532280730215671,0.811000442993181,0.987624854488618,0.950422301733982,0.757930327291196,0.532280730215671
13.3311109259105,0.532280730215671,0.811003850164306,0.987631798787095,0.950397438103077,0.757891351964312,0.532280730215671
13.3411117593133,0.532280730215671,0.81100723767715,0.987638726488858,0.950372607078725,0.757852425968107,0.532280730215671
13.3511125927161,0.532280730215671,0.811010602713383,0.987645635657804,0.950347813539928,0.757813555392734,0.532280730215671
13.3611134261188,0.532280730215671,0.811013942493796,0.98765252437647,0.950323062338408,0.757774746292466,0.532280730215671
13.3711142595216,0.532280730215671,0.811017254299644,0.987659390761066,0.950298358260676,0.757736004638055,0.532280730215671
13.3811150929244,0.532280730215671,0.811020535492908,0.98766623297582,0.950273705991664,0.757697336271106,0.532280730215671
13.3911159263272,0.532280730215671,0.811023783535332,0.987673049246523,0.95024911008015,0.75765874686072,0.532280730215671
13.40111675973,0.532280730215671,0.811026996006145,0.987679837873211,0.950224574906169,0.757620241862687,0.532280730215671
13.4111175931328,0.532280730215671,0.811030170618377,0.987686597241924,0.950200104650605,0.757581826481432,0.532280730215671
13.4211184265355,0.532280730215671,0.811033305233678,0.987693325835468,0.950175703267114,0.75754350563493,0.532280730215671
13.4311192599383,0.532280730215671,0.811036397875599,0.987700022243134,0.950151374456529,0.757505283922745,0.532280730215671
13.4411200933411,0.532280730215671,0.811039446741256,0.987706685169349,0.950127121643848,0.757467165597351,0.532280730215671
13.4511209267439,0.532280730215671,0.811042450211371,0.987713313441209,0.95010294795792,0.75742915453884,0.532280730215671
13.4611217601467,0.532280730215671,0.811045406858633,0.98771990601488,0.950078856213876,0.757391254233099,0.532280730215671
13.4711225935495,0.532280730215671,0.811048315454397,0.987726461980866,0.950054848898374,0.757353467753523,0.532280730215671
13.4811234269522,0.532280730215671,0.811051174973706,0.987732980568112,0.950030928157678,0.757315797746287,0.532280730215671
13.491124260355,0.532280730215671,0.811053984598652,0.987739461146982,0.950007095788567,0.757278246419184,0.532280730215671
13.5011250937578,0.532280730215671,0.811056743720109,0.987745903231097,0.949983353232076,0.75724081553399,0.532280730215671
13.5111259271606,0.532280730215671,0.81105945193787,0.987752306478064,0.949959701570018,0.75720350640234,0.532280730215671
13.5211267605634,0.532280730215671,0.811062109059237,0.987758670689132,0.949936141524238,0.757166319885003,0.532280730215671
13.5311275939662,0.532280730215671,0.811064715096117,0.987764995807798,0.949912673458522,0.757129256394486,0.532280730215671
13.5411284273689,0.532280730215671,0.811067270260706,0.987771281917409,0.949889297383073,0.757092315900843,0.532280730215671
13.5511292607717,0.532280730215671,0.811069774959815,0.987777529237814,0.949866012961443,0.757055497940545,0.532280730215671
13.5611300941745,0.532280730215671,0.811072229787943,0.987783738121114,0.949842819519802,0.75701880162827,0.532280730215671
13.5711309275773,0.532280730215671,0.811074635519171,0.987789909046565,0.949819716058404,0.756982225671419,0.532280730215671
13.5811317609801,0.532280730215671,0.81107699309798,0.987796042614711,0.949796701265101,0.756945768387195,0.532280730215671
13.5911325943829,0.532280730215671,0.811079303629087,0.987802139540791,0.949773773530759,0.756909427722031,0.532280730215671
13.6011334277856,0.532280730215671,0.811081568366426,0.987808200647518,0.949750930966383,0.756873201273147,0.532280730215671
13.6111342611884,0.532280730215671,0.811083788701344,0.987814226857274,0.949728171421804,0.756837086312043,0.532280730215671
13.6211350945912,0.532280730215671,0.811085966150155,0.987820219183816,0.949705492505724,0.756801079809673,0.532280730215671
13.631135927994,0.532280730215671,0.811088102341151,0.987826178723563,0.949682891606946,0.756765178463082,0.532280730215671
13.6411367613968,0.532280730215671,0.811090199001179,0.987832106646525,0.949660365916601,0.756729378723264,0.532280730215671
13.6511375947996,0.532280730215671,0.811092257941898,0.987838004186982,0.94963791245116,0.756693676824008,0.532280730215671
13.6611384282023,0.532280730215671,0.811094281045831,0.987843872633951,0.949615528076082,0.75665806881149,0.532280730215671
13.6711392616051,0.532280730215671,0.811096270252308,0.987849713321549,0.949593209529867,0.756622550574375,0.532280730215671
13.6811400950079,0.532280730215671,0.811098227543413,0.987855527619299,0.949570953448352,0.756587117874203,0.532280730215671
13.6911409284107,0.532280730215671,0.811100154930042,0.98786131692247,0.949548756389068,0.756551766375834,0.532280730215671
13.7011417618135,0.532280730215671,0.811102054438151,0.987867082642506,0.949526614855473,0.756516491677717,0.532280730215671
13.7111425952163,0.532280730215671,0.811103928095305,0.987872826197612,0.949504525320898,0.756481289341794,0.532280730215671
13.7211434286191,0.532280730215671,0.811105777917601,0.987878549003563,0.949482484252039,0.756446154922826,0.532280730215671
13.7311442620218,0.532280730215671,0.811107605897059,0.987884252464795,0.949460488131855,0.75641108399695,0.532280730215671
13.7411450954246,0.532280730215671,0.811109413989536,0.987889937965825,0.949438533481707,0.756376072189293,0.532280730215671
13.7511459288274,0.532280730215671,0.811111204103267,0.987895606863056,0.949416616882624,0.756341115200473,0.532280730215671
13.7611467622302,0.532280730215671,0.811112978088042,0.987901260477012,0.949394734995566,0.756306208831839,0.532280730215671
13.771147595633,0.532280730215671,0.811114737725131,0.987906900085044,0.949372884580562,0.75627134900931,0.532280730215671
13.7811484290358,0.532280730215671,0.811116484717962,0.987912526914541,0.949351062514648,0.756236531805681,0.532280730215671
13.7911492624385,0.532280730215671,0.811118220683611,0.987918142136679,0.949329265808488,0.756201753461305,0.532280730215671
13.8011500958413,0.532280730215671,0.811119947145137,0.98792374686074,0.949307491621624,0.756167010403043,0.532280730215671
13.8111509292441,0.532280730215671,0.811121665524785,0.987929342129004,0.949285737276283,0.756132299261402,0.532280730215671
13.8211517626469,0.532280730215671,0.811123377138073,0.987934928912265,0.949264000269686,0.756097616885815,0.532280730215671
13.8311525960497,0.532280730215671,0.811125083188779,0.987940508105938,0.949242278284825,0.756062960357994,0.532280730215671
13.8411534294525,0.532280730215671,0.811126784764848,0.987946080526814,0.949220569199686,0.756028327003334,0.532280730215671
13.8511542628552,0.532280730215671,0.811128482835175,0.987951646910415,0.949198871094884,0.755993714400355,0.532280730215671
13.861155096258,0.532280730215671,0.81113017824732,0.987957207908995,0.94917718225973,0.755959120388164,0.532280730215671
13.8711559296608,0.532280730215671,0.811131871726077,0.987962764090143,0.949155501196714,0.755924543071953,0.532280730215671
13.8811567630636,0.532280730215671,0.811133563872934,0.987968315936009,0.949133826624437,0.755889980826563,0.532280730215671
13.8911575964664,0.532280730215671,0.81113525516636,0.987973863843104,0.949112157479011,0.755855432298133,0.532280730215671
13.9011584298692,0.532280730215671,0.81113694596291,0.987979408122702,0.949090492913967,0.755820896403889,0.532280730215671
13.9111592632719,0.532280730215671,0.811138636499118,0.987984949001781,0.949068832298711,0.755786372330139,0.532280730215671
13.9211600966747,0.532280730215671,0.811140326894122,0.987990486624502,0.949047175215594,0.755751859528523,0.532280730215671
13.9311609300775,0.532280730215671,0.811142017153008,0.987996021054203,0.949025521455634,0.755717357710609,0.532280730215671
13.9411617634803,0.532280730215671,0.811143707170795,0.988001552275858,0.949003871012987,0.755682866840914,0.532280730215671
13.9511625968831,0.532280730215671,0.811145396737049,0.988007080198998,0.948982224078213,0.755648387128449,0.532280730215671
13.9611634302859,0.532280730215671,0.811147085541053,0.988012604661035,0.948960581030437,0.755613919016874,0.532280730215671
13.9711642636886,0.532280730215671,0.811148773177484,0.988018125430975,0.948938942428476,0.755579463173391,0.532280730215671
13.9811650970914,0.532280730215671,0.811150459152563,0.98802364221347,0.948917309001024,0.75554502047646,0.532280730215671
13.9911659304942,0.532280730215671,0.811152142890595,0.988029154653182,0.948895681635993,0.755510592002468,0.532280730215671
14.001166763897,0.532280730215671,0.811153823740876,0.988034662339411,0.948874061369087,0.755476179011467,0.532280730215671
14.0111675972998,0.532280730215671,0.811155500984876,0.988040164810966,0.948852449371726,0.755441782932099,0.532280730215671
14.0211684307026,0.532280730215671,0.811157173843675,0.988045661561214,0.9488308469384,0.755407405345825,0.532280730215671
14.0311692641053,0.532280730215671,0.811158841485582,0.988051152043302,0.948809255473559,0.755373047970585,0.532280730215671
14.0411700975081,0.532280730215671,0.811160503033876,0.988056635675477,0.948787676478137,0.755338712644015,0.532280730215671
14.0511709309109,0.532280730215671,0.811162157574632,0.988062111846502,0.948766111535798,0.755304401306329,0.532280730215671
14.0611717643137,0.532280730215671,0.811163804164566,0.988067579921102,0.948744562299016,0.755270115983002,0.532280730215671
14.0711725977165,0.532280730215671,0.811165441838849,0.988073039245417,0.948723030475072,0.755235858767353,0.532280730215671
14.0811734311193,0.532280730215671,0.811167069618851,0.988078489152435,0.948701517812057,0.755201631803162,0.532280730215671
14.091174264522,0.532280730215671,0.811168686519755,0.988083928967349,0.948680026084983,0.755167437267418,0.532280730215671
14.1011750979248,0.532280730215671,0.811170291558002,0.988089358012821,0.948658557082078,0.755133277353309,0.532280730215671
14.1111759313276,0.532280730215671,0.811171883758524,0.988094775614125,0.948637112591351,0.755099154253557,0.532280730215671
14.1211767647304,0.532280730215671,0.811173462161725,0.988100181104125,0.948615694387508,0.755065070144198,0.532280730215671
14.1311775981332,0.532280730215671,0.811175025830168,0.988105573828071,0.948594304219289,0.755031027168891,0.532280730215671
14.141178431536,0.532280730215671,0.811176573854938,0.988110953148191,0.948572943797298,0.75499702742385,0.532280730215671
14.1511792649387,0.532280730215671,0.811178105361651,0.988116318448039,0.948551614782393,0.75496307294348,0.532280730215671
14.1611800983415,0.532280730215671,0.811179619516072,0.988121669136594,0.948530318774697,0.75492916568678,0.532280730215671
14.1711809317443,0.532280730215671,0.81118111552932,0.988127004652088,0.948509057303271,0.754895307524593,0.532280730215671
14.1811817651471,0.532280730215671,0.81118259266265,0.988132324465534,0.948487831816515,0.754861500227746,0.532280730215671
14.1911825985499,0.532280730215671,0.811184050231769,0.988137628083951,0.94846664367334,0.754827745456158,0.532280730215671
14.2011834319527,0.532280730215671,0.811185487610696,0.988142915053277,0.948445494135124,0.754794044748929,0.532280730215671
14.2111842653554,0.532280730215671,0.811186904235128,0.98814818496094,0.948424384358518,0.754760399515475,0.532280730215671
14.2211850987582,0.532280730215671,0.81118829960533,0.988153437438103,0.948403315389099,0.754726811027735,0.532280730215671
14.231185932161,0.532280730215671,0.81118967328852,0.988158672161559,0.948382288155905,0.754693280413447,0.532280730215671
14.2411867655638,0.532280730215671,0.811191024920758,0.988163888855285,0.948361303466863,0.754659808650552,0.532280730215671
14.2511875989666,0.532280730215671,0.81119235420834,0.988169087291644,0.948340362005112,0.754626396562703,0.532280730215671
14.2611884323694,0.532280730215671,0.8111936609287,0.988174267292246,0.948319464326228,0.754593044815881,0.532280730215671
14.2711892657721,0.532280730215671,0.811194944930816,0.988179428728461,0.948298610856346,0.754559753916139,0.532280730215671
14.2811900991749,0.532280730215671,0.811196206135145,0.988184571521598,0.948277801891172,0.754526524208429,0.532280730215671
14.2911909325777,0.532280730215671,0.811197444533099,0.988189695642749,0.948257037595864,0.75449335587651,0.532280730215671
14.3011917659805,0.532280730215671,0.811198660186054,0.988194801112318,0.94823631800577,0.754460248943916,0.532280730215671
14.3111925993833,0.532280730215671,0.811199853223945,0.988199887999231,0.94821564302799,0.754427203275943,0.532280730215671
14.3211934327861,0.532280730215671,0.811201023843428,0.988204956419859,0.948195012443746,0.754394218582619,0.532280730215671
14.3311942661888,0.532280730215671,0.811202172305674,0.988210006536644,0.948174425911508,0.754361294422621,0.532280730215671
14.3411950995916,0.532280730215671,0.811203298933768,0.988215038556467,0.948153882970854,0.754328430208086,0.532280730215671
14.3511959329944,0.532280730215671,0.811204404109788,0.98822005272876,0.948133383047018,0.75429562521027,0.532280730215671
14.3611967663972,0.532280730215671,0.811205488271562,0.988225049343384,0.948112925456073,0.754262878565989,0.532280730215671
14.3711975998,0.532280730215671,0.811206551909126,0.988230028728296,0.948092509410718,0.754230189284804,0.532280730215671
14.3811984332028,0.532280730215671,0.811207595560944,0.988234991247019,0.948072134026603,0.754197556256854,0.532280730215671
14.3911992666056,0.532280730215671,0.811208619809885,0.988239937295938,0.948051798329143,0.754164978261304,0.532280730215671
14.4012001000083,0.532280730215671,0.811209625279013,0.988244867301445,0.948031501260777,0.754132453975323,0.532280730215671
14.4112009334111,0.532280730215671,0.811210612627208,0.988249781716955,0.948011241688599,0.754099981983525,0.532280730215671
14.4212017668139,0.532280730215671,0.811211582544653,0.988254681019809,0.947991018412313,0.754067560787806,0.532280730215671
14.4312026002167,0.532280730215671,0.811212535748229,0.988259565708098,0.947970830172459,0.754035188817497,0.532280730215671
14.4412034336195,0.532280730215671,0.811213472976829,0.988264436297415,0.947950675658838,0.75400286443977,0.532280730215671
14.4512042670223,0.532280730215671,0.811214394986644,0.988269293317575,0.947930553519085,0.753970585970223,0.532280730215671
14.461205100425,0.532280730215671,0.81121530254644,0.988274137309307,0.947910462367336,0.753938351683565,0.532280730215671
14.4712059338278,0.532280730215671,0.811216196432856,0.988278968820954,0.947890400792924,0.753906159824339,0.532280730215671
14.4812067672306,0.532280730215671,0.811217077425768,0.988283788405192,0.947870367369051,0.753874008617601,0.532280730215671
14.4912076006334,0.532280730215671,0.811217946303715,0.988288596615799,0.947850360661376,0.753841896279514,0.532280730215671
14.5012084340362,0.532280730215671,0.811218803839454,0.98829339400448,0.94783037923648,0.753809821027754,0.532280730215671
14.511209267439,0.532280730215671,0.811219650795638,0.988298181117779,0.947810421670135,0.753777781091697,0.532280730215671
14.5212101008417,0.532280730215671,0.811220487920666,0.988302958494092,0.947790486555348,0.75374577472231,0.532280730215671
14.5312109342445,0.532280730215671,0.811221315944703,0.988307726660791,0.947770572510123,0.753713800201689,0.532280730215671
14.5412117676473,0.532280730215671,0.811222135575911,0.988312486131491,0.947750678184898,0.75368185585221,0.532280730215671
14.5512126010501,0.532280730215671,0.811222947496908,0.988317237403456,0.947730802269622,0.753649940045206,0.532280730215671
14.5612134344529,0.532280730215671,0.811223752361458,0.988321980955164,0.947710943500422,0.753618051209165,0.532280730215671
14.5712142678557,0.532280730215671,0.811224550791431,0.988326717244059,0.947691100665846,0.753586187837381,0.532280730215671
14.5812151012584,0.532280730215671,0.811225343374019,0.988331446704467,0.947671272612633,0.753554348495029,0.532280730215671
14.5912159346612,0.532280730215671,0.811226130659246,0.98833616974572,0.947651458250988,0.753522531825629,0.532280730215671
14.601216768064,0.532280730215671,0.81122691315777,0.988340886750471,0.947631656559349,0.75349073655688,0.532280730215671
14.6112176014668,0.532280730215671,0.811227691338973,0.988345598073218,0.947611866588608,0.753458961505824,0.532280730215671
14.6212184348696,0.532280730215671,0.811228465629367,0.988350304039044,0.947592087465792,0.753427205583332,0.532280730215671
14.6312192682724,0.532280730215671,0.811229236411303,0.988355004942563,0.947572318397167,0.753395467797903,0.532280730215671
14.6412201016751,0.532280730215671,0.811230004021997,0.988359701047091,0.94755255867079,0.753363747258754,0.532280730215671
14.6512209350779,0.532280730215671,0.811230768752849,0.988364392584026,0.947532807658464,0.753332043178203,0.532280730215671
14.6612217684807,0.532280730215671,0.811231530849089,0.988369079752458,0.947513064817136,0.753300354873342,0.532280730215671
14.6712226018835,0.532280730215671,0.811232290509704,0.988373762718973,0.947493329689713,0.753268681767015,0.532280730215671
14.6812234352863,0.532280730215671,0.811233047887678,0.988378441617689,0.947473601905313,0.75323702338809,0.532280730215671
14.6912242686891,0.532280730215671,0.811233803090511,0.988383116550482,0.947453881178967,0.753205379371055,0.532280730215671
14.7012251020918,0.532280730215671,0.811234556181014,0.988387787587421,0.947434167310771,0.753173749454959,0.532280730215671
14.7112259354946,0.532280730215671,0.811235307178377,0.988392454767391,0.947414460184519,0.753142133481684,0.532280730215671
14.7212267688974,0.532280730215671,0.811236056059488,0.988397118098902,0.947394759765831,0.753110531393628,0.532280730215671
14.7312276023002,0.532280730215671,0.811236802760489,0.988401777561079,0.947375066099795,0.753078943230779,0.532280730215671
14.741228435703,0.532280730215671,0.81123754717856,0.988406433104803,0.947355379308153,0.753047369127228,0.532280730215671
14.7512292691058,0.532280730215671,0.811238289173917,0.988411084654024,0.947335699586057,0.753015809307171,0.532280730215671
14.7612301025085,0.532280730215671,0.811239028571986,0.988415732107206,0.947316027198428,0.752984264080405,0.532280730215671
14.7712309359113,0.532280730215671,0.811239765165768,0.988420375338901,0.947296362475937,0.752952733837386,0.532280730215671
14.7812317693141,0.532280730215671,0.811240498718346,0.98842501420145,0.947276705810663,0.752921219043873,0.532280730215671
14.7912326027169,0.532280730215671,0.811241228965532,0.988429648526779,0.947257057651438,0.752889720235208,0.532280730215671
14.8012334361197,0.532280730215671,0.811241955618628,0.988434278128287,0.947237418498936,0.752858238010271,0.532280730215671
14.8112342695225,0.532280730215671,0.81124267836728,0.988438902802819,0.947217788900532,0.752826773025161,0.532280730215671
14.8212351029252,0.532280730215671,0.811243396882417,0.988443522332687,0.947198169444966,0.752795325986653,0.532280730215671
14.831235936328,0.532280730215671,0.811244110819225,0.988448136487749,0.947178560756858,0.752763897645456,0.532280730215671
14.8412367697308,0.532280730215671,0.811244819820175,0.98845274502752,0.947158963491114,0.752732488789353,0.532280730215671
14.8512376031336,0.532280730215671,0.811245523518052,0.988457347703297,0.947139378327244,0.752701100236237,0.532280730215671
14.8612384365364,0.532280730215671,0.811246221538984,0.988461944260298,0.947119805963659,0.752669732827116,0.532280730215671
14.8712392699392,0.532280730215671,0.811246913505445,0.988466534439781,0.947100247111948,0.752638387419109,0.532280730215671
14.8812401033419,0.532280730215671,0.81124759903921,0.988471117981152,0.947080702491208,0.752607064878502,0.532280730215671
14.8912409367447,0.532280730215671,0.811248277764257,0.988475694624031,0.947061172822438,0.752575766073887,0.532280730215671
14.9012417701475,0.532280730215671,0.811248949309581,0.988480264110272,0.947041658823042,0.75254449186944,0.532280730215671
14.9112426035503,0.532280730215671,0.811249613311913,0.988484826185924,0.947022161201472,0.75251324311837,0.532280730215671
14.9212434369531,0.532280730215671,0.811250269418334,0.988489380603118,0.94700268065204,0.752482020656584,0.532280730215671
14.9312442703559,0.532280730215671,0.811250917288758,0.988493927121876,0.946983217849941,0.752450825296605,0.532280730215671
14.9412451037586,0.532280730215671,0.811251556598275,0.988498465511825,0.946963773446491,0.752419657821764,0.532280730215671
14.9512459371614,0.532280730215671,0.811252187039349,0.988502995553814,0.94694434806464,0.752388518980719,0.532280730215671
14.9612467705642,0.532280730215671,0.811252808323842,0.988507517041414,0.946924942294745,0.752357409482314,0.532280730215671
14.971247603967,0.532280730215671,0.811253420184879,0.988512029782311,0.946905556690664,0.752326329990809,0.532280730215671
14.9812484373698,0.532280730215671,0.811254022378519,0.988516533599566,0.946886191766159,0.752295281121504,0.532280730215671
14.9912492707726,0.532280730215671,0.811254614685252,0.988521028332755,0.946866847991642,0.752264263436785,0.532280730215671
15.0012501041753,0.532280730215671,0.811255196911286,0.988525513838967,0.946847525791271,0.752233277442594,0.532280730215671
15.0112509375781,0.532280730215671,0.811255768889658,0.988529989993669,0.946828225540419,0.752202323585348,0.532280730215671
15.0212517709809,0.532280730215671,0.811256330481115,0.988534456691433,0.946808947563505,0.752171402249324,0.532280730215671
15.0312526043837,0.532280730215671,0.811256881574817,0.988538913846512,0.946789692132215,0.752140513754494,0.532280730215671
15.0412534377865,0.532280730215671,0.811257422088829,0.988543361393283,0.946770459464105,0.752109658354848,0.532280730215671
15.0512542711893,0.532280730215671,0.8112579519704,0.988547799286544,0.94675124972159,0.752078836237177,0.532280730215671
15.061255104592,0.532280730215671,0.811258471196062,0.988552227501662,0.946732063011321,0.752048047520329,0.532280730215671
15.0712559379948,0.532280730215671,0.811258979771515,0.988556646034593,0.946712899383938,0.752017292254937,0.532280730215671
15.0812567713976,0.532280730215671,0.811259477731329,0.988561054901754,0.946693758834208,0.751986570423597,0.532280730215671
15.0912576048004,0.532280730215671,0.811259965138457,0.988565454139772,0.946674641301526,0.751955881941501,0.532280730215671
15.1012584382032,0.532280730215671,0.811260442083577,0.988569843805089,0.946655546670768,0.751925226657501,0.532280730215671
15.111259271606,0.532280730215671,0.811260908684247,0.988574223973462,0.946636474773505,0.751894604355593,0.532280730215671
15.1212601050088,0.532280730215671,0.811261365083918,0.988578594739327,0.946617425389526,0.751864014756806,0.532280730215671
15.1312609384115,0.532280730215671,0.811261811450778,0.988582956215061,0.946598398248694,0.751833457521469,0.532280730215671
15.1412617718143,0.532280730215671,0.811262247976467,0.988587308530142,0.946579393033082,0.751802932251834,0.532280730215671
15.1512626052171,0.532280730215671,0.811262674874656,0.988591651830203,0.946560409379398,0.751772438495037,0.532280730215671
15.1612634386199,0.532280730215671,0.811263092379512,0.988595986276002,0.946541446881652,0.75174197574637,0.532280730215671
15.1712642720227,0.532280730215671,0.811263500744049,0.988600312042318,0.946522505094063,0.751711543452824,0.532280730215671
15.1812651054255,0.532280730215671,0.811263900238401,0.988604629316765,0.946503583534171,0.751681141016892,0.532280730215671
15.1912659388282,0.532280730215671,0.811264291148007,0.98860893829855,0.946484681686132,0.75165076780059,0.532280730215671
15.201266772231,0.532280730215671,0.811264673771725,0.98861323919718,0.946465799004171,0.751620423129669,0.532280730215671
15.2112676056338,0.532280730215671,0.811265048419913,0.988617532231126,0.94644693491617,0.751590106297985,0.532280730215671
15.2212684390366,0.532280730215671,0.811265415412452,0.988621817626446,0.946428088827359,0.751559816571996,0.532280730215671
15.2312692724394,0.532280730215671,0.811265775076761,0.988626095615397,0.946409260124084,0.751529553195358,0.532280730215671
15.2412701058422,0.532280730215671,0.811266127745785,0.988630366435025,0.946390448177638,0.751499315393575,0.532280730215671
15.2512709392449,0.532280730215671,0.811266473756007,0.988634630325752,0.946371652348109,0.751469102378693,0.532280730215671
15.2612717726477,0.532280730215671,0.811266813445455,0.988638887529969,0.94635287198823,0.751438913353973,0.532280730215671
15.2712726060505,0.532280730215671,0.811267147151758,0.988643138290648,0.946334106447211,0.751408747518554,0.532280730215671
15.2812734394533,0.532280730215671,0.811267475210224,0.988647382849969,0.946315355074516,0.751378604072043,0.532280730215671
15.2912742728561,0.532280730215671,0.811267797951984,0.988651621447983,0.946296617223567,0.751348482219009,0.532280730215671
15.3012751062589,0.532280730215671,0.8112681157022,0.98865585432132,0.946277892255352,0.75131838117337,0.532280730215671
15.3112759396616,0.532280730215671,0.811268428778342,0.988660081701932,0.946259179541921,0.751288300162626,0.532280730215671
15.3212767730644,0.532280730215671,0.811268737488549,0.988664303815909,0.946240478469729,0.751258238431929,0.532280730215671
15.3312776064672,0.532280730215671,0.811269042130094,0.988668520882339,0.946221788442838,0.751228195247946,0.532280730215671
15.34127843987,0.532280730215671,0.811269342987937,0.988672733112246,0.946203108885927,0.751198169902524,0.532280730215671
15.3512792732728,0.532280730215671,0.811269640333401,0.988676940707605,0.946184439247121,0.751168161716102,0.532280730215671
15.3612801066756,0.532280730215671,0.811269934422952,0.988681143860421,0.946165779000604,0.751138170040886,0.532280730215671
15.3712809400783,0.532280730215671,0.811270225497106,0.98868534275191,0.946147127649017,0.751108194263744,0.532280730215671
15.3812817734811,0.532280730215671,0.811270513779467,0.988689537551752,0.946128484725626,0.751078233808817,0.532280730215671
15.3912826068839,0.532280730215671,0.811270799475882,0.98869372841744,0.946109849796234,0.751048288139848,0.532280730215671
15.4012834402867,0.532280730215671,0.811271082773742,0.988697915493721,0.946091222460865,0.751018356762197,0.532280730215671
15.4112842736895,0.532280730215671,0.811271363841412,0.988702098912133,0.946072602355172,0.750988439224545,0.532280730215671
15.4212851070923,0.532280730215671,0.81127164282779,0.988706278790632,0.946053989151603,0.750958535120286,0.532280730215671
15.431285940495,0.532280730215671,0.811271919862017,0.98871045523332,0.946035382560286,0.750928644088604,0.532280730215671
15.4412867738978,0.532280730215671,0.811272195053307,0.988714628330265,0.946016782329669,0.750898765815219,0.532280730215671
15.4512876073006,0.532280730215671,0.811272468490916,0.988718798157418,0.945998188246887,0.750868900032829,0.532280730215671
15.4612884407034,0.532280730215671,0.811272740244244,0.988722964776622,0.945979600137872,0.750839046521229,0.532280730215671
15.4712892741062,0.532280730215671,0.811273010363055,0.988727128235713,0.945961017867211,0.750809205107124,0.532280730215671
15.481290107509,0.532280730215671,0.811273278877834,0.988731288568711,0.945942441337755,0.750779375663642,0.532280730215671
15.4912909409117,0.532280730215671,0.811273545800246,0.98873544579609,0.945923870489982,0.750749558109558,0.532280730215671
15.5012917743145,0.532280730215671,0.811273811123717,0.988739599925141,0.945905305301139,0.750719752408228,0.532280730215671
15.5112926077173,0.532280730215671,0.811274074824123,0.988743750950405,0.94588674578415,0.750689958566268,0.532280730215671
15.5212934411201,0.532280730215671,0.811274336860565,0.988747898854178,0.945868191986321,0.750660176631972,0.532280730215671
15.5312942745229,0.532280730215671,0.811274597176255,0.988752043607093,0.945849643987852,0.750630406693492,0.532280730215671
15.5412951079257,0.532280730215671,0.811274855699473,0.988756185168756,0.945831101900153,0.750600648876799,0.532280730215671
15.5512959413284,0.532280730215671,0.811275112344599,0.988760323488447,0.945812565864007,0.750570903343442,0.532280730215671
15.5612967747312,0.532280730215671,0.811275367013225,0.988764458505869,0.945794036047565,0.750541170288124,0.532280730215671
15.571297608134,0.532280730215671,0.811275619595314,0.98876859015194,0.945775512644219,0.750511449936107,0.532280730215671
15.5812984415368,0.532280730215671,0.811275869970416,0.988772718349635,0.945756995870344,0.75048174254048,0.532280730215671
15.5912992749396,0.532280730215671,0.81127611800892,0.988776843014849,0.945738485962942,0.750452048379306,0.532280730215671
15.6013001083424,0.532280730215671,0.811276363573341,0.988780964057294,0.945719983177202,0.750422367752659,0.532280730215671
15.6113009417451,0.532280730215671,0.811276606519633,0.988785081381417,0.945701487783991,0.750392700979585,0.532280730215671
15.6213017751479,0.532280730215671,0.811276846698505,0.988789194887325,0.945683000067299,0.750363048395017,0.532280730215671
15.6313026085507,0.532280730215671,0.811277083956754,0.988793304471729,0.945664520321647,0.750333410346627,0.532280730215671
15.6413034419535,0.532280730215671,0.811277318138584,0.988797410028873,0.945646048849486,0.750303787191693,0.532280730215671
15.6513042753563,0.532280730215671,0.81127754908692,0.988801511451478,0.945627585958603,0.750274179293951,0.532280730215671
15.6613051087591,0.532280730215671,0.811277776644692,0.988805608631656,0.945609131959539,0.750244587020483,0.532280730215671
15.6713059421618,0.532280730215671,0.811278000656095,0.988809701461817,0.945590687163052,0.750215010738648,0.532280730215671
15.6813067755646,0.532280730215671,0.811278220967814,0.988813789835554,0.945572251877631,0.750185450813081,0.532280730215671
15.6913076089674,0.532280730215671,0.811278437430198,0.988817873648494,0.945553826407082,0.750155907602782,0.532280730215671
15.7013084423702,0.532280730215671,0.81127864989839,0.988821952799124,0.945535411048188,0.750126381458289,0.532280730215671
15.711309275773,0.532280730215671,0.811278858233391,0.988826027189568,0.945517006088482,0.750096872718995,0.532280730215671
15.7213101091758,0.532280730215671,0.811279062303068,0.988830096726337,0.945498611804113,0.750067381710578,0.532280730215671
15.7313109425785,0.532280730215671,0.811279261983091,0.988834161321016,0.945480228457849,0.750037908742589,0.532280730215671
15.7413117759813,0.532280730215671,0.811279457157794,0.988838220890917,0.945461856297201,0.750008454106197,0.532280730215671
15.7513126093841,0.532280730215671,0.811279647720964,0.988842275359666,0.945443495552695,0.749979018072114,0.532280730215671
15.7613134427869,0.532280730215671,0.811279833576539,0.988846324657743,0.945425146436294,0.74994960088869,0.532280730215671
15.7713142761897,0.532280730215671,0.811280014639232,0.988850368722961,0.945406809139981,0.749920202780211,0.532280730215671
15.7813151095925,0.532280730215671,0.811280190835067,0.988854407500883,0.945388483834498,0.749890823945392,0.532280730215671
15.7913159429952,0.532280730215671,0.811280362101821,0.988858440945181,0.945370170668263,0.749861464556068,0.532280730215671
15.801316776398,0.532280730215671,0.81128052838938,0.98886246901793,0.945351869766457,0.74983212475611,0.532280730215671
15.8113176098008,0.532280730215671,0.811280689660008,0.988866491689838,0.945333581230286,0.749802804660535,0.532280730215671
15.8213184432036,0.532280730215671,0.811280845888524,0.988870508940415,0.945315305136421,0.749773504354843,0.532280730215671
15.8313192766064,0.532280730215671,0.811280997062389,0.98887452075808,0.945297041536609,0.749744223894554,0.532280730215671
15.8413201100092,0.532280730215671,0.811281143181708,0.988878527140198,0.945278790457475,0.749714963304978,0.532280730215671
15.851320943412,0.532280730215671,0.811281284259149,0.988882528093066,0.945260551900479,0.749685722581168,0.532280730215671
15.8613217768147,0.532280730215671,0.81128142031977,0.988886523631829,0.945242325842056,0.749656501688097,0.532280730215671
15.8713226102175,0.532280730215671,0.811281551400774,0.988890513780348,0.945224112233917,0.749627300561031,0.532280730215671
15.8813234436203,0.532280730215671,0.811281677551185,0.988894498571002,0.945205911003513,0.749598119106086,0.532280730215671
15.8913242770231,0.532280730215671,0.811281798831449,0.988898478044441,0.945187722054649,0.749568957200982,0.532280730215671
15.9013251104259,0.532280730215671,0.811281915312972,0.988902452249292,0.94516954526825,0.749539814695968,0.532280730215671
15.9113259438287,0.532280730215671,0.811282027077581,0.988906421241808,0.945151380503261,0.749510691414911,0.532280730215671
15.9213267772314,0.532280730215671,0.811282134216943,0.988910385085483,0.945133227597684,0.749481587156546,0.532280730215671
15.9313276106342,0.532280730215671,0.811282236831914,0.988914343850618,0.945115086369721,0.749452501695862,0.532280730215671
15.941328444037,0.532280730215671,0.811282335031852,0.988918297613856,0.945096956619049,0.749423434785634,0.532280730215671
15.9513292774398,0.532280730215671,0.811282428933879,0.988922246457674,0.945078838128171,0.749394386158062,0.532280730215671
15.9613301108426,0.532280730215671,0.811282518662103,0.988926190469862,0.945060730663876,0.749365355526516,0.532280730215671
15.9713309442454,0.532280730215671,0.811282604346826,0.988930129742963,0.945042633978761,0.749336342587383,0.532280730215671
15.9813317776481,0.532280730215671,0.811282686123703,0.988934064373693,0.945024547812825,0.749307347021975,0.532280730215671
15.9913326110509,0.532280730215671,0.811282764132901,0.988937994462359,0.945006471895118,0.749278368498522,0.532280730215671
16.0013334444537,0.532280730215671,0.811282838518232,0.988941920112242,0.944988405945425,0.749249406674192,0.532280730215671
16.0113342778565,0.532280730215671,0.811282909426291,0.988945841428993,0.944970349675986,0.74922046119716,0.532280730215671
16.0213351112593,0.532280730215671,0.811282977005583,0.988949758520015,0.944952302793227,0.749191531708687,0.532280730215671
16.0313359446621,0.532280730215671,0.811283041405659,0.988953671493844,0.944934264999499,0.749162617845216,0.532280730215671
16.0413367780648,0.532280730215671,0.81128310277626,0.98895758045954,0.944916235994816,0.749133719240448,0.532280730215671
16.0513376114676,0.532280730215671,0.811283161266481,0.988961485526088,0.94489821547856,0.749104835527399,0.532280730215671
16.0613384448704,0.532280730215671,0.811283217023956,0.988965386801802,0.944880203151176,0.749075966340425,0.532280730215671
16.0713392782732,0.532280730215671,0.81128327019406,0.988969284393753,0.944862198715814,0.749047111317199,0.532280730215671
16.081340111676,0.532280730215671,0.811283320919154,0.988973178407217,0.944844201879926,0.749018270100624,0.532280730215671
16.0913409450788,0.532280730215671,0.81128336933786,0.98897706894514,0.944826212356804,0.74898944234067,0.532280730215671
16.1013417784815,0.532280730215671,0.811283415584373,0.988980956107637,0.944808229867049,0.748960627696142,0.532280730215671
16.1113426118843,0.532280730215671,0.811283459787817,0.988984839991507,0.944790254139966,0.748931825836344,0.532280730215671
16.1213434452871,0.532280730215671,0.811283502071653,0.988988720689795,0.944772284914866,0.748903036442645,0.532280730215671
16.1313442786899,0.532280730215671,0.811283542553129,0.988992598291378,0.944754321942292,0.748874259209935,0.532280730215671
16.1413451120927,0.532280730215671,0.811283581342783,0.988996472880586,0.944736364985131,0.748845493847963,0.532280730215671
16.1513459454955,0.532280730215671,0.811283618544007,0.989000344536862,0.944718413819636,0.748816740082553,0.532280730215671
16.1613467788982,0.532280730215671,0.811283654252657,0.989004213334468,0.944700468236333,0.74878799765669,0.532280730215671
16.171347612301,0.532280730215671,0.811283688556726,0.989008079342215,0.944682528040819,0.748759266331471,0.532280730215671
16.1813484457038,0.532280730215671,0.811283721536076,0.989011942623251,0.944664593054447,0.748730545886919,0.532280730215671
16.1913492791066,0.532280730215671,0.811283753262221,0.989015803234878,0.944646663114895,0.748701836122657,0.532280730215671
16.2013501125094,0.532280730215671,0.811283783798185,0.989019661228419,0.944628738076611,0.748673136858447,0.532280730215671
16.2113509459122,0.532280730215671,0.811283813198394,0.989023516649118,0.944610817811148,0.748644447934576,0.532280730215671
16.2213517793149,0.532280730215671,0.811283841508653,0.989027369536091,0.944592902207376,0.748615769212107,0.532280730215671
16.2313526127177,0.532280730215671,0.811283868766157,0.989031219922312,0.94457499117158,0.748587100572989,0.532280730215671
16.2413534461205,0.532280730215671,0.811283894999574,0.989035067834639,0.944557084627437,0.748558441920034,0.532280730215671
16.2513542795233,0.532280730215671,0.811283920229169,0.98903891329388,0.944539182515888,0.748529793176745,0.532280730215671
16.2613551129261,0.532280730215671,0.811283944466991,0.989042756314903,0.944521284794894,0.748501154287032,0.532280730215671
16.2713559463289,0.532280730215671,0.811283967717103,0.989046596906767,0.944503391439091,0.748472525214782,0.532280730215671
16.2813567797316,0.532280730215671,0.811283989975857,0.989050435072907,0.94448550243934,0.748443905943328,0.532280730215671
16.2913576131344,0.532280730215671,0.81128401123222,0.989054270811335,0.944467617802183,0.748415296474783,0.532280730215671
16.3013584465372,0.532280730215671,0.811284031468133,0.98905810411488,0.944449737549211,0.748386696829286,0.532280730215671
16.31135927994,0.532280730215671,0.811284050658915,0.989061934971456,0.94443186171634,0.748358107044132,0.532280730215671
16.3213601133428,0.532280730215671,0.811284068773699,0.989065763364354,0.944413990353019,0.748329527172817,0.532280730215671
16.3313609467456,0.532280730215671,0.81128408577589,0.989069589272558,0.944396123521359,0.748300957283998,0.532280730215671
16.3413617801483,0.532280730215671,0.811284101623663,0.989073412671083,0.9443782612952,0.748272397460372,0.532280730215671
16.3513626135511,0.532280730215671,0.811284116270477,0.989077233531325,0.944360403759127,0.748243847797494,0.532280730215671
16.3613634469539,0.532280730215671,0.811284129665608,0.989081051821443,0.94434255100743,0.748215308402539,0.532280730215671
16.3713642803567,0.532280730215671,0.811284141754695,0.989084867506727,0.94432470314303,0.748186779393008,0.532280730215671
16.3813651137595,0.532280730215671,0.811284152480307,0.989088680550006,0.944306860276363,0.748158260895401,0.532280730215671
16.3913659471623,0.532280730215671,0.811284161782504,0.989092490912038,0.944289022524253,0.748129753043859,0.532280730215671
16.401366780565,0.532280730215671,0.811284169599407,0.989096298551918,0.944271190008755,0.748101255978793,0.532280730215671
16.4113676139678,0.532280730215671,0.811284175867772,0.989100103427484,0.944253362855997,0.748072769845488,0.532280730215671
16.4213684473706,0.532280730215671,0.811284180523556,0.989103905495722,0.94423554119502,0.748044294792728,0.532280730215671
16.4313692807734,0.532280730215671,0.811284183502467,0.989107704713166,0.944217725156622,0.748015830971408,0.532280730215671
16.4413701141762,0.532280730215671,0.811284184740516,0.989111501036292,0.944199914872219,0.747987378533179,0.532280730215671
16.451370947579,0.532280730215671,0.81128418417455,0.989115294421903,0.944182110472727,0.747958937629112,0.532280730215671
16.4613717809818,0.532280730215671,0.811284181742755,0.989119084827505,0.944164312087474,0.747930508408401,0.532280730215671
16.4713726143845,0.532280730215671,0.811284177385158,0.989122872211664,0.944146519843142,0.747902091017099,0.532280730215671
16.4813734477873,0.532280730215671,0.811284171044092,0.989126656534357,0.944128733862755,0.747873685596919,0.532280730215671
16.4913742811901,0.532280730215671,0.811284162664634,0.989130437757292,0.944110954264716,0.747845292284081,0.532280730215671
16.5013751145929,0.532280730215671,0.811284152195022,0.989134215844222,0.94409318116189,0.747816911208219,0.532280730215671
16.5113759479957,0.532280730215671,0.811284139587033,0.989137990761228,0.944075414660749,0.74778854249137,0.532280730215671
16.5213767813984,0.532280730215671,0.811284124796338,0.989141762476988,0.94405765486058,0.747760186247024,0.532280730215671
16.5313776148012,0.532280730215671,0.811284107782808,0.989145530963012,0.944039901852756,0.747731842579264,0.532280730215671
16.541378448204,0.532280730215671,0.811284088510801,0.989149296193867,0.944022155720073,0.747703511581976,0.532280730215671
16.5513792816068,0.532280730215671,0.811284066949402,0.989153058147357,0.944004416536173,0.747675193338162,0.532280730215671
16.5613801150096,0.532280730215671,0.811284043072626,0.989156816804697,0.943986684365024,0.747646887919326,0.532280730215671
16.5713809484124,0.532280730215671,0.811284016859586,0.989160572150646,0.943968959260488,0.74761859538496,0.532280730215671
16.5813817818151,0.532280730215671,0.81128398829462,0.989164324173618,0.943951241265966,0.747590315782125,0.532280730215671
16.5913826152179,0.532280730215671,0.811283957367384,0.989168072865764,0.943933530414112,0.747562049145117,0.532280730215671
16.6013834486207,0.532280730215671,0.811283924072905,0.989171818223031,0.94391582672664,0.747533795495231,0.532280730215671
16.6113842820235,0.532280730215671,0.811283888411589,0.989175560245188,0.943898130214198,0.74750555484062,0.532280730215671
16.6213851154263,0.532280730215671,0.811283850389205,0.989179298935828,0.943880440876323,0.747477327176247,0.532280730215671
16.6313859488291,0.532280730215671,0.811283810016823,0.989183034302347,0.943862758701475,0.747449112483922,0.532280730215671
16.6413867822319,0.532280730215671,0.811283767310723,0.989186766355893,0.94384508366714,0.747420910732434,0.532280730215671
16.6513876156346,0.532280730215671,0.811283722292269,0.98919049511129,0.94382741574001,0.747392721877757,0.532280730215671
16.6613884490374,0.532280730215671,0.811283674987748,0.989194220586947,0.943809754876228,0.747364545863358,0.532280730215671
16.6713892824402,0.532280730215671,0.811283625428184,0.989197942804732,0.943792101021705,0.747336382620567,0.532280730215671
16.681390115843,0.532280730215671,0.811283573649122,0.989201661789836,0.943774454112492,0.747308232069022,0.532280730215671
16.6913909492458,0.532280730215671,0.811283519690384,0.989205377570613,0.943756814075218,0.747280094117197,0.532280730215671
16.7013917826486,0.532280730215671,0.811283463595808,0.989209090178397,0.94373918082758,0.747251968662981,0.532280730215671
16.7113926160513,0.532280730215671,0.81128340541295,0.989212799647316,0.94372155427888,0.747223855594326,0.532280730215671
16.7213934494541,0.532280730215671,0.811283345192787,0.989216506014075,0.943703934330617,0.74719575478994,0.532280730215671
16.7313942828569,0.532280730215671,0.811283282989391,0.989220209317737,0.943686320877108,0.747167666120041,0.532280730215671
16.7413951162597,0.532280730215671,0.811283218859585,0.989223909599488,0.943668713806156,0.747139589447137,0.532280730215671
16.7513959496625,0.532280730215671,0.811283152862604,0.989227606902394,0.943651112999741,0.747111524626861,0.532280730215671
16.7613967830653,0.532280730215671,0.811283085059726,0.98923130127115,0.94363351833474,0.747083471508815,0.532280730215671
16.771397616468,0.532280730215671,0.811283015513916,0.989234992751822,0.943615929683662,0.747055429937461,0.532280730215671
16.7813984498708,0.532280730215671,0.811282944289451,0.989238681391585,0.943598346915414,0.747027399753005,0.532280730215671
16.7913992832736,0.532280730215671,0.811282871451553,0.989242367238462,0.94358076989605,0.746999380792316,0.532280730215671
16.8014001166764,0.532280730215671,0.811282797066015,0.989246050341058,0.943563198489549,0.746971372889823,0.532280730215671
16.8114009500792,0.532280730215671,0.811282721198844,0.989249730748297,0.943545632558578,0.74694337587844,0.532280730215671
16.821401783482,0.532280730215671,0.811282643915895,0.989253408509163,0.943528071965254,0.746915389590456,0.532280730215671
16.8314026168847,0.532280730215671,0.811282565282517,0.989257083672445,0.943510516571894,0.746887413858435,0.532280730215671
16.8414034502875,0.532280730215671,0.81128248536322,0.98926075628649,0.943492966241749,0.746859448516081,0.532280730215671
16.8514042836903,0.532280730215671,0.811282404221342,0.98926442639896,0.943475420839717,0.74683149339908,0.532280730215671
16.8614051170931,0.532280730215671,0.811282321918731,0.989268094056598,0.943457880233034,0.746803548345923,0.532280730215671
16.8714059504959,0.532280730215671,0.811282238515455,0.989271759305014,0.943440344291936,0.746775613198689,0.532280730215671
16.8814067838987,0.532280730215671,0.811282154069511,0.989275422188469,0.943422812890284,0.746747687803783,0.532280730215671
16.8914076173014,0.532280730215671,0.811282068636574,0.989279082749681,0.943405285906159,0.746719772012641,0.532280730215671
16.9014084507042,0.532280730215671,0.811281982269746,0.989282741029643,0.943387763222415,0.746691865682382,0.532280730215671
16.911409284107,0.532280730215671,0.811281895019342,0.989286397067457,0.943370244727191,0.746663968676415,0.532280730215671
16.9214101175098,0.532280730215671,0.811281806932696,0.989290050900178,0.943352730314378,0.746636080864988,0.532280730215671
16.9314109509126,0.532280730215671,0.811281718053983,0.989293702562682,0.943335219884036,0.746608202125687,0.532280730215671
16.9414117843154,0.532280730215671,0.811281628424066,0.989297352087546,0.943317713342772,0.746580332343869,0.532280730215671
16.9514126177181,0.532280730215671,0.811281538080384,0.989300999504947,0.943300210604059,0.746552471413049,0.532280730215671
16.9614134511209,0.532280730215671,0.81128144705684,0.98930464484258,0.943282711588506,0.746524619235213,0.532280730215671
16.9714142845237,0.532280730215671,0.811281355383732,0.989308288125588,0.94326521622408,0.746496775721079,0.532280730215671
16.9814151179265,0.532280730215671,0.811281263087701,0.989311929376518,0.943247724446272,0.746468940790291,0.532280730215671
16.9914159513293,0.532280730215671,0.811281170191709,0.989315568615288,0.943230236198211,0.746441114371553,0.532280730215671
17.0014167847321,0.532280730215671,0.81128107671503,0.989319205859175,0.943212751430731,0.746413296402704,0.532280730215671
17.0114176181348,0.532280730215671,0.811280982673286,0.989322841122821,0.94319527010238,0.746385486830728,0.532280730215671
17.0214184515376,0.532280730215671,0.811280888078483,0.989326474418252,0.943177792179383,0.746357685611709,0.532280730215671
17.0314192849404,0.532280730215671,0.811280792939081,0.989330105754919,0.943160317635559,0.746329892710726,0.532280730215671
17.0414201183432,0.532280730215671,0.811280697260085,0.989333735139746,0.943142846452178,0.746302108101693,0.532280730215671
17.051420951746,0.532280730215671,0.811280601043158,0.989337362577205,0.943125378617795,0.746274331767142,0.532280730215671
17.0614217851488,0.532280730215671,0.811280504286745,0.989340988069397,0.943107914128013,0.746246563697962,0.532280730215671
17.0714226185515,0.532280730215671,0.811280406986227,0.989344611616145,0.943090452985231,0.746218803893083,0.532280730215671
17.0814234519543,0.532280730215671,0.811280309134075,0.989348233215107,0.943072995198339,0.746191052359121,0.532280730215671
17.0914242853571,0.532280730215671,0.811280210720042,0.989351852861894,0.943055540782375,0.746163309109974,0.532280730215671
17.1014251187599,0.532280730215671,0.81128011173134,0.989355470550204,0.943038089758167,0.746135574166387,0.532280730215671
17.1114259521627,0.532280730215671,0.811280012152859,0.989359086271958,0.943020642151923,0.746107847555478,0.532280730215671
17.1214267855655,0.532280730215671,0.811279911967373,0.989362700017452,0.943003197994811,0.746080129310234,0.532280730215671
17.1314276189682,0.532280730215671,0.811279811155767,0.989366311775511,0.942985757322511,0.746052419468981,0.532280730215671
17.141428452371,0.532280730215671,0.811279709697265,0.98936992153365,0.942968320174747,0.746024718074833,0.532280730215671
17.1514292857738,0.532280730215671,0.811279607569672,0.989373529278244,0.942950886594802,0.745997025175116,0.532280730215671
17.1614301191766,0.532280730215671,0.811279504749604,0.989377134994693,0.942933456629026,0.74596934082079,0.532280730215671
17.1714309525794,0.532280730215671,0.811279401212742,0.989380738667597,0.942916030326329,0.745941665065847,0.532280730215671
17.1814317859822,0.532280730215671,0.811279296934063,0.989384340280928,0.942898607737674,0.74591399796671,0.532280730215671
17.1914326193849,0.532280730215671,0.811279191888089,0.989387939818205,0.942881188915562,0.74588633958163,0.532280730215671
17.2014334527877,0.532280730215671,0.811279086049122,0.989391537262664,0.942863773913525,0.745858689970086,0.532280730215671
17.2114342861905,0.532280730215671,0.811278979391476,0.989395132597429,0.942846362785621,0.74583104919219,0.532280730215671
17.2214351195933,0.532280730215671,0.811278871889713,0.989398725805679,0.942828955585934,0.745803417308095,0.532280730215671
17.2314359529961,0.532280730215671,0.811278763518855,0.989402316870807,0.942811552368094,0.745775794377429,0.532280730215671
17.2414367863989,0.532280730215671,0.811278654254601,0.989405905776581,0.942794153184801,0.74574818045874,0.532280730215671
17.2514376198016,0.532280730215671,0.811278544073531,0.989409492507291,0.942776758087375,0.745720575608956,0.532280730215671
17.2614384532044,0.532280730215671,0.8112784329533,0.989413077047896,0.942759367125314,0.745692979882878,0.532280730215671
17.2714392866072,0.532280730215671,0.811278320872813,0.989416659384153,0.942741980345892,0.745665393332692,0.532280730215671
17.28144012001,0.532280730215671,0.811278207812395,0.989420239502752,0.942724597793764,0.745637816007514,0.532280730215671
17.2914409534128,0.532280730215671,0.811278093753951,0.989423817391425,0.942707219510605,0.745610247952966,0.532280730215671
17.3014417868156,0.532280730215671,0.811277978681096,0.989427393039062,0.942689845534779,0.74558268921078,0.532280730215671
17.3114426202184,0.532280730215671,0.811277862579289,0.9894309664358,0.942672475901034,0.745555139818447,0.532280730215671
17.3214434536211,0.532280730215671,0.811277745435939,0.989434537573117,0.942655110640231,0.745527599808893,0.532280730215671
17.3314442870239,0.532280730215671,0.811277627240498,0.989438106443901,0.942637749779102,0.745500069210203,0.532280730215671
17.3414451204267,0.532280730215671,0.811277507984541,0.989441673042518,0.942620393340048,0.745472548045372,0.532280730215671
17.3514459538295,0.532280730215671,0.811277387661825,0.989445237364864,0.94260304134096,0.74544503633211,0.532280730215671
17.3614467872323,0.532280730215671,0.811277266268339,0.989448799408404,0.942585693795087,0.745417534082675,0.532280730215671
17.3714476206351,0.532280730215671,0.811277143802328,0.989452359172202,0.942568350710927,0.745390041303755,0.532280730215671
17.3814484540378,0.532280730215671,0.81127702026431,0.989455916656939,0.942551012092162,0.745362557996389,0.532280730215671
17.3914492874406,0.532280730215671,0.811276895657069,0.989459471864922,0.94253367793762,0.745335084155925,0.532280730215671
17.4014501208434,0.532280730215671,0.811276769985646,0.989463024800071,0.942516348241278,0.745307619772019,0.532280730215671
17.4114509542462,0.532280730215671,0.811276643257294,0.989466575467911,0.942499022992288,0.745280164828675,0.532280730215671
17.421451787649,0.532280730215671,0.811276515481439,0.989470123875544,0.942481702175045,0.745252719304322,0.532280730215671
17.4314526210518,0.532280730215671,0.811276386669618,0.989473670031606,0.942464385769282,0.745225283171923,0.532280730215671
17.4414534544545,0.532280730215671,0.811276256835401,0.98947721394623,0.942447073750192,0.745197856399129,0.532280730215671
17.4514542878573,0.532280730215671,0.811276125994307,0.989480755630981,0.942429766088582,0.745170438948453,0.532280730215671
17.4614551212601,0.532280730215671,0.811275994163706,0.9894842950988,0.942412462751053,0.745143030777485,0.532280730215671
17.4714559546629,0.532280730215671,0.811275861362713,0.989487832363924,0.942395163700206,0.745115631839134,0.532280730215671
17.4814567880657,0.532280730215671,0.811275727612066,0.989491367441814,0.942377868894867,0.745088242081893,0.532280730215671
17.4914576214685,0.532280730215671,0.811275592934,0.989494900349061,0.942360578290334,0.745060861450134,0.532280730215671
17.5014584548712,0.532280730215671,0.811275457352114,0.989498431103298,0.942343291838651,0.745033489884422,0.532280730215671
17.511459288274,0.532280730215671,0.811275320891234,0.989501959723103,0.942326009488883,0.745006127321848,0.532280730215671
17.5214601216768,0.532280730215671,0.81127518357726,0.989505486227895,0.942308731187422,0.744978773696381,0.532280730215671
17.5314609550796,0.532280730215671,0.811275045437018,0.989509010637829,0.942291456878296,0.744951428939233,0.532280730215671
17.5414617884824,0.532280730215671,0.81127490649811,0.989512532973686,0.942274186503488,0.744924092979237,0.532280730215671
17.5514626218852,0.532280730215671,0.811274766788754,0.989516053256767,0.942256920003264,0.744896765743233,0.532280730215671
17.5614634552879,0.532280730215671,0.81127462633763,0.989519571508776,0.94223965731651,0.744869447156452,0.532280730215671
17.5714642886907,0.532280730215671,0.811274485173723,0.989523087751709,0.942222398381067,0.744842137142921,0.532280730215671
17.5814651220935,0.532280730215671,0.811274343326163,0.989526602007743,0.942205143134065,0.744814835625854,0.532280730215671
17.5914659554963,0.532280730215671,0.811274200824077,0.989530114299124,0.942187891512261,0.744787542528044,0.532280730215671
17.6014667888991,0.532280730215671,0.811274057696435,0.989533624648057,0.942170643452374,0.744760257772252,0.532280730215671
17.6114676223019,0.532280730215671,0.811273913971908,0.989537133076598,0.942153398891405,0.744732981281588,0.532280730215671
17.6214684557046,0.532280730215671,0.811273769678719,0.989540639606552,0.942136157766955,0.744705712979887,0.532280730215671
17.6314692891074,0.532280730215671,0.81127362484451,0.989544144259369,0.942118920017538,0.744678452792064,0.532280730215671
17.6414701225102,0.532280730215671,0.811273479496215,0.989547647056051,0.94210168558287,0.744651200644462,0.532280730215671
17.651470955913,0.532280730215671,0.811273333659933,0.989551148017058,0.942084454404159,0.744623956465184,0.532280730215671
17.6614717893158,0.532280730215671,0.811273187360821,0.989554647162224,0.942067226424366,0.744596720184404,0.532280730215671
17.6714726227186,0.532280730215671,0.811273040622976,0.989558144510675,0.942050001588459,0.744569491734662,0.532280730215671
17.6814734561213,0.532280730215671,0.81127289346935,0.989561640080753,0.942032779843644,0.74454227105113,0.532280730215671
17.6914742895241,0.532280730215671,0.811272745921653,0.989565133889951,0.942015561139584,0.744515058071872,0.532280730215671
17.7014751229269,0.532280730215671,0.81127259800028,0.989568625954851,0.941998345428585,0.74448785273806,0.532280730215671
17.7114759563297,0.532280730215671,0.811272449724242,0.98957211629107,0.941981132665778,0.744460654994183,0.532280730215671
17.7214767897325,0.532280730215671,0.81127230111111,0.989575604913213,0.941963922809262,0.74443346478822,0.532280730215671
17.7314776231353,0.532280730215671,0.811272152176963,0.989579091834834,0.94194671582024,0.744406282071792,0.532280730215671
17.741478456538,0.532280730215671,0.811272002936357,0.989582577068404,0.941929511663122,0.744379106800283,0.532280730215671
17.7514792899408,0.532280730215671,0.811271853402295,0.989586060625289,0.941912310305612,0.744351938932942,0.532280730215671
17.7614801233436,0.532280730215671,0.811271703586217,0.98958954251573,0.941895111718763,0.744324778432948,0.532280730215671
17.7714809567464,0.532280730215671,0.811271553497986,0.989593022748837,0.941877915877024,0.744297625267459,0.532280730215671
17.7814817901492,0.532280730215671,0.811271403145903,0.989596501332587,0.941860722758248,0.744270479407625,0.532280730215671
17.791482623552,0.532280730215671,0.811271252536715,0.989599978273829,0.941843532343689,0.744243340828581,0.532280730215671
17.8014834569547,0.532280730215671,0.811271101675646,0.989603453578297,0.941826344617975,0.744216209509415,0.532280730215671
17.8114842903575,0.532280730215671,0.811270950566423,0.989606927250628,0.941809159569054,0.744189085433106,0.532280730215671
17.8214851237603,0.532280730215671,0.811270799211328,0.989610399294395,0.941791977188129,0.744161968586445,0.532280730215671
17.8314859571631,0.532280730215671,0.811270647611243,0.989613869712131,0.941774797469568,0.744134858959929,0.532280730215671
17.8414867905659,0.532280730215671,0.811270495765708,0.989617338505371,0.941757620410793,0.74410775654763,0.532280730215671
17.8514876239687,0.532280730215671,0.811270343672995,0.989620805674699,0.941740446012163,0.744080661347059,0.532280730215671
17.8614884573714,0.532280730215671,0.811270191330174,0.989624271219793,0.941723274276821,0.74405357335899,0.532280730215671
17.8714892907742,0.532280730215671,0.811270038733193,0.98962773513948,0.941706105210551,0.744026492587282,0.532280730215671
17.881490124177,0.532280730215671,0.811269885876968,0.989631197431794,0.9416889388216,0.743999419038681,0.532280730215671
17.8914909575798,0.532280730215671,0.811269732755463,0.989634658094039,0.941671775120499,0.743972352722608,0.532280730215671
17.9014917909826,0.532280730215671,0.811269579361793,0.989638117122852,0.941654614119871,0.743945293650931,0.532280730215671
17.9114926243854,0.532280730215671,0.811269425688314,0.989641574514273,0.941637455834233,0.743918241837733,0.532280730215671
17.9214934577881,0.532280730215671,0.811269271726725,0.989645030263812,0.941620300279776,0.743891197299063,0.532280730215671
17.9314942911909,0.532280730215671,0.811269117468168,0.989648484366525,0.941603147474165,0.743864160052691,0.532280730215671
17.9414951245937,0.532280730215671,0.811268962903329,0.989651936817082,0.941585997436307,0.743837130117846,0.532280730215671
17.9514959579965,0.532280730215671,0.811268808022546,0.989655387609847,0.941568850186133,0.743810107514962,0.532280730215671
17.9614967913993,0.532280730215671,0.811268652815907,0.989658836738946,0.941551705744375,0.743783092265406,0.532280730215671
17.9714976248021,0.532280730215671,0.811268497273352,0.989662284198344,0.941534564132337,0.743756084391224,0.532280730215671
17.9814984582049,0.532280730215671,0.811268341384776,0.989665729981915,0.941517425371677,0.743729083914884,0.532280730215671
17.9914992916076,0.532280730215671,0.811268185140124,0.98966917408352,0.941500289484184,0.74370209085901,0.532280730215671
18.0015001250104,0.532280730215671,0.811268028529489,0.989672616497071,0.941483156491564,0.743675105246138,0.532280730215671
18.0115009584132,0.532280730215671,0.811267871543201,0.989676057216599,0.941466026415229,0.743648127098469,0.532280730215671
18.021501791816,0.532280730215671,0.811267714171919,0.989679496236324,0.941448899276094,0.743621156437636,0.532280730215671
18.0315026252188,0.532280730215671,0.811267556406711,0.989682933550715,0.941431775094384,0.743594193284471,0.532280730215671
18.0415034586216,0.532280730215671,0.811267398239137,0.989686369154548,0.941414653889445,0.743567237658792,0.532280730215671
18.0515042920243,0.532280730215671,0.81126723966132,0.989689803042966,0.941397535679569,0.7435402895792,0.532280730215671
18.0615051254271,0.532280730215671,0.811267080666013,0.989693235211525,0.941380420481835,0.743513349062889,0.532280730215671
18.0715059588299,0.532280730215671,0.811266921246666,0.989696665656249,0.941363308311946,0.743486416125464,0.532280730215671
18.0815067922327,0.532280730215671,0.811266761397479,0.989700094373667,0.941346199184102,0.743459490780783,0.532280730215671
18.0915076256355,0.532280730215671,0.811266601113449,0.989703521360858,0.941329093110865,0.743432573040812,0.532280730215671
18.1015084590383,0.532280730215671,0.811266440390419,0.989706946615481,0.94131199010305,0.743405662915492,0.532280730215671
18.111509292441,0.532280730215671,0.811266279225112,0.989710370135806,0.941294890169629,0.743378760412627,0.532280730215671
18.1215101258438,0.532280730215671,0.811266117615155,0.989713791920741,0.941277793317644,0.743351865537785,0.532280730215671
18.1315109592466,0.532280730215671,0.81126595555911,0.989717211969847,0.941260699552143,0.743324978294228,0.532280730215671
18.1415117926494,0.532280730215671,0.811265793056487,0.98972063028336,0.941243608876127,0.743298098682844,0.532280730215671
18.1515126260522,0.532280730215671,0.811265630107747,0.989724046862191,0.941226521290507,0.743271226702102,0.532280730215671
18.161513459455,0.532280730215671,0.811265466714315,0.989727461707943,0.941209436794091,0.743244362348035,0.532280730215671
18.1715142928577,0.532280730215671,0.811265302878561,0.989730874822901,0.941192355383567,0.743217505614223,0.532280730215671
18.1815151262605,0.532280730215671,0.811265138603804,0.989734286210032,0.941175277053515,0.743190656491807,0.532280730215671
18.1915159596633,0.532280730215671,0.811264973894283,0.989737695872976,0.94115820179643,0.743163814969511,0.532280730215671
18.2015167930661,0.532280730215671,0.811264808755144,0.989741103816031,0.941141129602752,0.743136981033685,0.532280730215671
18.2115176264689,0.532280730215671,0.8112646431924,0.989744510044136,0.941124060460917,0.743110154668365,0.532280730215671
18.2215184598717,0.532280730215671,0.811264477212908,0.989747914562849,0.94110699435742,0.743083335855335,0.532280730215671
18.2315192932744,0.532280730215671,0.811264310824318,0.989751317378321,0.941089931276884,0.743056524574224,0.532280730215671
18.2415201266772,0.532280730215671,0.81126414403504,0.989754718497268,0.941072871202152,0.743029720802594,0.532280730215671
18.25152096008,0.532280730215671,0.811263976854191,0.989758117926937,0.941055814114369,0.743002924516059,0.532280730215671
18.2615217934828,0.532280730215671,0.81126380929154,0.989761515675072,0.941038759993102,0.742976135688398,0.532280730215671
18.2715226268856,0.532280730215671,0.811263641357459,0.989764911749872,0.941021708816441,0.742949354291699,0.532280730215671
18.2815234602884,0.532280730215671,0.811263473062861,0.989768306159958,0.941004660561128,0.742922580296489,0.532280730215671
18.2915242936911,0.532280730215671,0.811263304419139,0.989771698914323,0.94098761520268,0.742895813671884,0.532280730215671
18.3015251270939,0.532280730215671,0.811263135438101,0.989775090022291,0.940970572715524,0.742869054385748,0.532280730215671
18.3115259604967,0.532280730215671,0.811262966131913,0.989778479493473,0.94095353307314,0.742842302404855,0.532280730215671
18.3215267938995,0.532280730215671,0.811262796513026,0.989781867337716,0.940936496248195,0.742815557695047,0.532280730215671
18.3315276273023,0.532280730215671,0.811262626594112,0.989785253565059,0.940919462212697,0.742788820221413,0.532280730215671
18.3415284607051,0.532280730215671,0.811262456387995,0.989788638185684,0.940902430938136,0.742762089948448,0.532280730215671
18.3515292941078,0.532280730215671,0.811262285907593,0.989792021209867,0.940885402395633,0.742735366840233,0.532280730215671
18.3615301275106,0.532280730215671,0.811262115165844,0.989795402647933,0.940868376556088,0.742708650860599,0.532280730215671
18.3715309609134,0.532280730215671,0.811261944175645,0.989798782510207,0.940851353390327,0.742681941973302,0.532280730215671
18.3815317943162,0.532280730215671,0.811261772949785,0.989802160806967,0.940834332869246,0.742655240142187,0.532280730215671
18.391532627719,0.532280730215671,0.811261601500891,0.989805537548401,0.940817314963949,0.74262854533135,0.532280730215671
18.4015334611218,0.532280730215671,0.811261429841365,0.989808912744563,0.940800299645888,0.742601857505298,0.532280730215671
18.4115342945245,0.532280730215671,0.811261257983326,0.98981228640533,0.940783286886994,0.742575176629104,0.532280730215671
18.4215351279273,0.532280730215671,0.811261085938559,0.989815658540362,0.940766276659804,0.742548502668548,0.532280730215671
18.4315359613301,0.532280730215671,0.811260913718467,0.989819029159065,0.94074926893758,0.742521835590258,0.532280730215671
18.4415367947329,0.532280730215671,0.811260741334019,0.989822398270556,0.940732263694425,0.742495175361846,0.532280730215671
18.4515376281357,0.532280730215671,0.81126056879571,0.989825765883628,0.940715260905388,0.742468521952024,0.532280730215671
18.4615384615385,0.532280730215671,0.811260396113526,0.989829132006721,0.940698260546559,0.742441875330714,0.532280730215671
18.4715392949412,0.532280730215671,0.811260223296898,0.989832496647895,0.940681262595162,0.742415235469163,0.532280730215671
18.481540128344,0.532280730215671,0.811260050354685,0.989835859814806,0.940664267029631,0.742388602340022,0.532280730215671
18.4915409617468,0.532280730215671,0.811259877295134,0.989839221514683,0.940647273829686,0.742361975917436,0.532280730215671
18.5015417951496,0.532280730215671,0.811259704125871,0.989842581754309,0.94063028297639,0.742335356177113,0.532280730215671
18.5115426285524,0.532280730215671,0.811259530853872,0.989845940540011,0.940613294452202,0.742308743096376,0.532280730215671
18.5215434619552,0.532280730215671,0.811259357485458,0.989849297877642,0.940596308241018,0.742282136654222,0.532280730215671
18.5315442953579,0.532280730215671,0.811259184026282,0.989852653772576,0.940579324328203,0.74225553683135,0.532280730215671
18.5415451287607,0.532280730215671,0.811259010481328,0.989856008229703,0.940562342700613,0.742228943610186,0.532280730215671
18.5515459621635,0.532280730215671,0.811258836854907,0.989859361253426,0.940545363346603,0.742202356974896,0.532280730215671
18.5615467955663,0.532280730215671,0.811258663150664,0.989862712847659,0.940528386256033,0.742175776911393,0.532280730215671
18.5715476289691,0.532280730215671,0.811258489371592,0.989866063015837,0.940511411420259,0.742149203407319,0.532280730215671
18.5815484623719,0.532280730215671,0.811258315520032,0.989869411760918,0.940494438832112,0.742122636452032,0.532280730215671
18.5915492957746,0.532280730215671,0.811258141597705,0.989872759085397,0.940477468485878,0.742096076036565,0.532280730215671
18.6015501291774,0.532280730215671,0.811257967605715,0.989876104991316,0.940460500377257,0.742069522153599,0.532280730215671
18.6115509625802,0.532280730215671,0.811257793544588,0.989879449480277,0.940443534503321,0.742042974797401,0.532280730215671
18.621551795983,0.532280730215671,0.811257619414291,0.989882792553466,0.940426570862467,0.74201643396377,0.532280730215671
18.6315526293858,0.532280730215671,0.811257445214262,0.989886134211668,0.940409609454351,0.741989899649966,0.532280730215671
18.6415534627886,0.532280730215671,0.811257270943446,0.98988947445529,0.940392650279829,0.741963371854638,0.532280730215671
18.6515542961913,0.532280730215671,0.811257096600324,0.989892813284386,0.940375693340884,0.741936850577737,0.532280730215671
18.6615551295941,0.532280730215671,0.811256922182958,0.989896150698682,0.940358738640546,0.741910335820433,0.532280730215671
18.6715559629969,0.532280730215671,0.811256747689022,0.989899486697602,0.940341786182813,0.74188382758501,0.532280730215671
18.6815567963997,0.532280730215671,0.811256573115846,0.989902821280298,0.940324835972562,0.741857325874777,0.532280730215671
18.6915576298025,0.532280730215671,0.811256398460457,0.98990615444568,0.940307888015462,0.741830830693956,0.532280730215671
18.7015584632053,0.532280730215671,0.811256223719624,0.989909486192443,0.940290942317878,0.741804342047577,0.532280730215671
18.7115592966081,0.532280730215671,0.811256048889899,0.989912816519102,0.940273998886776,0.741777859941369,0.532280730215671
18.7215601300108,0.532280730215671,0.811255873967659,0.989916145424021,0.940257057729628,0.741751384381646,0.532280730215671
18.7315609634136,0.532280730215671,0.811255698949151,0.989919472905442,0.940240118854309,0.741724915375196,0.532280730215671
18.7415617968164,0.532280730215671,0.811255523830539,0.989922798961525,0.940223182269006,0.741698452929164,0.532280730215671
18.7515626302192,0.532280730215671,0.811255348607941,0.989926123590369,0.940206247982112,0.741671997050945,0.532280730215671
18.761563463622,0.532280730215671,0.811255173277477,0.98992944679005,0.940189316002135,0.741645547748064,0.532280730215671
18.7715642970248,0.532280730215671,0.811254997835301,0.989932768558648,0.9401723863376,0.741619105028073,0.532280730215671
18.7815651304275,0.532280730215671,0.811254822277651,0.989936088894277,0.940155458996953,0.741592668898439,0.532280730215671
18.7915659638303,0.532280730215671,0.811254646600886,0.989939407795115,0.940138533988476,0.741566239366445,0.532280730215671
18.8015667972331,0.532280730215671,0.811254470801513,0.98994272525943,0.940121611320197,0.741539816439083,0.532280730215671
18.8115676306359,0.532280730215671,0.811254294876231,0.989946041285605,0.940104690999806,0.741513400122965,0.532280730215671
18.8215684640387,0.532280730215671,0.811254118821959,0.989949355872164,0.940087773034576,0.741486990424226,0.532280730215671
18.8315692974415,0.532280730215671,0.811253942635871,0.989952669017796,0.940070857431291,0.741460587348444,0.532280730215671
18.8415701308442,0.532280730215671,0.811253766315415,0.989955980721372,0.940053944196173,0.741434190900554,0.532280730215671
18.851570964247,0.532280730215671,0.811253589858345,0.989959290981972,0.940037033334821,0.741407801084783,0.532280730215671
18.8615717976498,0.532280730215671,0.811253413262744,0.989962599798894,0.940020124852153,0.741381417904575,0.532280730215671
18.8715726310526,0.532280730215671,0.811253236527038,0.989965907171677,0.94000321875235,0.741355041362538,0.532280730215671
18.8815734644554,0.532280730215671,0.811253059650017,0.989969213100109,0.939986315038816,0.741328671460386,0.532280730215671
18.8915742978582,0.532280730215671,0.811252882630847,0.989972517584243,0.939969413714135,0.741302308198898,0.532280730215671
18.9015751312609,0.532280730215671,0.811252705469082,0.989975820624402,0.939952514780037,0.741275951577879,0.532280730215671
18.9115759646637,0.532280730215671,0.811252528164673,0.989979122221193,0.939935618237377,0.74124960159613,0.532280730215671
18.9215767980665,0.532280730215671,0.811252350717969,0.989982422375503,0.939918724086108,0.741223258251426,0.532280730215671
18.9315776314693,0.532280730215671,0.811252173129725,0.989985721088512,0.939901832325274,0.741196921540499,0.532280730215671
18.9415784648721,0.532280730215671,0.811251995401095,0.989989018361688,0.939884942953001,0.741170591459033,0.532280730215671
18.9515792982749,0.532280730215671,0.811251817533635,0.989992314196785,0.939868055966497,0.741144268001667,0.532280730215671
18.9615801316776,0.532280730215671,0.811251639529292,0.989995608595845,0.93985117136206,0.741117951161996,0.532280730215671
18.9715809650804,0.532280730215671,0.811251461390398,0.989998901561191,0.939834289135086,0.741091640932587,0.532280730215671
18.9815817984832,0.532280730215671,0.811251283119656,0.990002193095419,0.939817409280094,0.741065337305007,0.532280730215671
18.991582631886,0.532280730215671,0.811251104720133,0.99000548320139,0.939800531790746,0.741039040269843,0.532280730215671
19.0015834652888,0.532280730215671,0.811250926195238,0.990008771882221,0.939783656659875,0.741012749816738,0.532280730215671
19.0115842986916,0.532280730215671,0.811250747548702,0.990012059141273,0.939766783879525,0.740986465934436,0.532280730215671
19.0215851320943,0.532280730215671,0.81125056878457,0.990015344982136,0.939749913440984,0.740960188610818,0.532280730215671
19.0315859654971,0.532280730215671,0.811250389907168,0.990018629408618,0.939733045334834,0.740933917832962,0.532280730215671
19.0415867988999,0.532280730215671,0.811250210921085,0.990021912424725,0.939716179550995,0.740907653587191,0.532280730215671
19.0515876323027,0.532280730215671,0.811250031831149,0.99002519403465,0.939699316078776,0.740881395859134,0.532280730215671
19.0615884657055,0.532280730215671,0.811249852642401,0.990028474242747,0.939682454906932,0.740855144633792,0.532280730215671
19.0715892991083,0.532280730215671,0.811249673360068,0.990031753053522,0.939665596023719,0.740828899895596,0.532280730215671
19.081590132511,0.532280730215671,0.811249493989541,0.990035030471606,0.939648739416956,0.740802661628487,0.532280730215671
19.0915909659138,0.532280730215671,0.811249314536334,0.990038306501739,0.939631885074085,0.740776429815974,0.532280730215671
19.1015917993166,0.532280730215671,0.811249135006076,0.990041581148752,0.939615032982235,0.740750204441215,0.532280730215671
19.1115926327194,0.532280730215671,0.811248955404462,0.99004485441754,0.939598183128282,0.740723985487089,0.532280730215671
19.1215934661222,0.532280730215671,0.811248775737244,0.990048126313049,0.939581335498921,0.740697772936262,0.532280730215671
19.131594299525,0.532280730215671,0.811248596010186,0.990051396840251,0.939564490080724,0.740671566771273,0.532280730215671
19.1415951329277,0.532280730215671,0.81124841622905,0.990054666004125,0.939547646860206,0.740645366974598,0.532280730215671
19.1515959663305,0.532280730215671,0.81124823639956,0.990057933809639,0.939530805823891,0.740619173528729,0.532280730215671
19.1615967997333,0.532280730215671,0.811248056527379,0.990061200261726,0.939513966958369,0.740592986416239,0.532280730215671
19.1715976331361,0.532280730215671,0.811247876618087,0.990064465365272,0.939497130250364,0.740566805619859,0.532280730215671
19.1815984665389,0.532280730215671,0.811247696677149,0.99006772912509,0.939480295686785,0.740540631122537,0.532280730215671
19.1915992999417,0.532280730215671,0.811247516709898,0.990070991545909,0.939463463254789,0.740514462907507,0.532280730215671
19.2016001333444,0.532280730215671,0.811247336721511,0.990074252632354,0.939446632941831,0.740488300958353,0.532280730215671
19.2116009667472,0.532280730215671,0.811247156716988,0.990077512388932,0.939429804735715,0.740462145259061,0.532280730215671
19.22160180015,0.532280730215671,0.811246976701135,0.990080770820016,0.939412978624646,0.740435995794079,0.532280730215671
19.2316026335528,0.532280730215671,0.811246796678546,0.990084027929832,0.93939615459727,0.740409852548365,0.532280730215671
19.2416034669556,0.532280730215671,0.811246616653583,0.990087283722448,0.939379332642715,0.740383715507432,0.532280730215671
19.2516043003584,0.532280730215671,0.811246436630369,0.990090538201762,0.939362512750631,0.740357584657394,0.532280730215671
19.2616051337611,0.532280730215671,0.811246256612772,0.990093791371493,0.939345694911221,0.740331459985003,0.532280730215671
19.2716059671639,0.532280730215671,0.811246076604396,0.99009704323517,0.939328879115268,0.740305341477676,0.532280730215671
19.2816068005667,0.532280730215671,0.811245896608572,0.99010029379613,0.939312065354163,0.740279229123527,0.532280730215671
19.2916076339695,0.532280730215671,0.811245716628352,0.990103543057506,0.939295253619923,0.740253122911393,0.532280730215671
19.3016084673723,0.532280730215671,0.811245536666505,0.990106791022229,0.939278443905206,0.740227022830846,0.532280730215671
19.3116093007751,0.532280730215671,0.811245356725511,0.990110037693021,0.939261636203325,0.740200928872207,0.532280730215671
19.3216101341778,0.532280730215671,0.811245176807569,0.990113283072395,0.939244830508252,0.740174841026559,0.532280730215671
19.3316109675806,0.532280730215671,0.811244996914585,0.990116527162652,0.939228026814624,0.740148759285741,0.532280730215671
19.3416118009834,0.532280730215671,0.811244817048188,0.990119769965889,0.939211225117739,0.740122683642354,0.532280730215671
19.3516126343862,0.532280730215671,0.811244637209726,0.990123011483994,0.939194425413549,0.740096614089751,0.532280730215671
19.361613467789,0.532280730215671,0.811244457400274,0.990126251718653,0.939177627698657,0.740070550622024,0.532280730215671
19.3716143011918,0.532280730215671,0.811244277620645,0.990129490671356,0.939160831970293,0.740044493233992,0.532280730215671
19.3816151345946,0.532280730215671,0.811244097871396,0.9901327283434,0.939144038226305,0.74001844192118,0.532280730215671
19.3916159679973,0.532280730215671,0.811243918152842,0.990135964735897,0.939127246465135,0.739992396679792,0.532280730215671
19.4016168014001,0.532280730215671,0.811243738465062,0.990139199849785,0.939110456685797,0.739966357506685,0.532280730215671
19.4116176348029,0.532280730215671,0.81124355880792,0.990142433685832,0.939093668887844,0.739940324399342,0.532280730215671
19.4216184682057,0.532280730215671,0.811243379181073,0.990145666244651,0.939076883071347,0.73991429735583,0.532280730215671
19.4316193016085,0.532280730215671,0.81124319958399,0.990148897526704,0.939060099236852,0.739888276374771,0.532280730215671
19.4416201350113,0.532280730215671,0.811243020015968,0.990152127532322,0.939043317385354,0.739862261455293,0.532280730215671
19.451620968414,0.532280730215671,0.811242840476148,0.99015535626171,0.939026537518255,0.739836252596993,0.532280730215671
19.4616218018168,0.532280730215671,0.811242660963528,0.990158583714959,0.939009759637326,0.739810249799896,0.532280730215671
19.4716226352196,0.532280730215671,0.81124248147699,0.990161809892066,0.938992983744669,0.739784253064402,0.532280730215671
19.4816234686224,0.532280730215671,0.811242302015314,0.990165034792937,0.938976209842672,0.739758262391243,0.532280730215671
19.4916243020252,0.532280730215671,0.811242122577191,0.990168258417411,0.93895943793397,0.739732277781431,0.532280730215671
19.501625135428,0.532280730215671,0.811241943161251,0.990171480765262,0.9389426680214,0.739706299236218,0.532280730215671
19.5116259688307,0.532280730215671,0.811241763766075,0.990174701836224,0.938925900107961,0.739680326757037,0.532280730215671
19.5216268022335,0.532280730215671,0.811241584390216,0.990177921629995,0.938909134196766,0.739654360345457,0.532280730215671
19.5316276356363,0.532280730215671,0.811241405032216,0.990181140146255,0.938892370291006,0.739628400003135,0.532280730215671
19.5416284690391,0.532280730215671,0.811241225690624,0.99018435738468,0.9388756083939,0.739602445731771,0.532280730215671
19.5516293024419,0.532280730215671,0.811241046364012,0.990187573344948,0.938858848508661,0.739576497533052,0.532280730215671
19.5616301358447,0.532280730215671,0.811240867050994,0.990190788026761,0.93884209063845,0.739550555408617,0.532280730215671
19.5716309692474,0.532280730215671,0.811240687750242,0.99019400142985,0.938825334786342,0.739524619360003,0.532280730215671
19.5816318026502,0.532280730215671,0.811240508460496,0.990197213553987,0.938808580955286,0.73949868938861,0.532280730215671
19.591632636053,0.532280730215671,0.811240329180585,0.990200424399001,0.938791829148068,0.739472765495656,0.532280730215671
19.6016334694558,0.532280730215671,0.811240149909434,0.990203633964779,0.938775079367281,0.739446847682145,0.532280730215671
19.6116343028586,0.532280730215671,0.811239970646082,0.990206842251286,0.938758331615292,0.73942093594882,0.532280730215671
19.6216351362614,0.532280730215671,0.811239791389689,0.990210049258563,0.938741585894213,0.739395030296145,0.532280730215671
19.6316359696641,0.532280730215671,0.811239612139546,0.990213254986746,0.938724842205873,0.739369130724261,0.532280730215671
19.6416368030669,0.532280730215671,0.811239432895088,0.990216459436063,0.938708100551795,0.739343237232967,0.532280730215671
19.6516376364697,0.532280730215671,0.811239253655897,0.990219662606845,0.938691360933177,0.739317349821694,0.532280730215671
19.6616384698725,0.532280730215671,0.811239074421711,0.990222864499534,0.938674623350869,0.739291468489482,0.532280730215671
19.6716393032753,0.532280730215671,0.811238895192428,0.990226065114682,0.938657887805362,0.739265593234968,0.532280730215671
19.6816401366781,0.532280730215671,0.811238715968114,0.990229264452956,0.93864115429677,0.739239724056358,0.532280730215671
19.6916409700808,0.532280730215671,0.811238536748998,0.990232462515145,0.938624422824823,0.739213860951435,0.532280730215671
19.7016418034836,0.532280730215671,0.811238357535479,0.990235659302155,0.938607693388861,0.739188003917536,0.532280730215671
19.7116426368864,0.532280730215671,0.811238178328127,0.990238854815016,0.938590965987828,0.73916215295155,0.532280730215671
19.7216434702892,0.532280730215671,0.811237999127678,0.990242049054879,0.938574240620268,0.739136308049923,0.532280730215671
19.731644303692,0.532280730215671,0.811237819935035,0.990245242023014,0.938557517284332,0.739110469208653,0.532280730215671
19.7416451370948,0.532280730215671,0.811237640751266,0.990248433720811,0.938540795977782,0.739084636423298,0.532280730215671
19.7516459704975,0.532280730215671,0.811237461577596,0.990251624149776,0.938524076697989,0.739058809688981,0.532280730215671
19.7616468039003,0.532280730215671,0.811237282415403,0.990254813311529,0.938507359441953,0.739032989000407,0.532280730215671
19.7716476373031,0.532280730215671,0.811237103266215,0.9902580012078,0.93849064420631,0.739007174351868,0.532280730215671
19.7816484707059,0.532280730215671,0.811236924131699,0.99026118784042,0.938473930987345,0.738981365737263,0.532280730215671
19.7916493041087,0.532280730215671,0.811236745013653,0.990264373211323,0.938457219781011,0.738955563150121,0.532280730215671
19.8016501375115,0.532280730215671,0.811236565914002,0.990267557322534,0.938440510582946,0.738929766583611,0.532280730215671
19.8116509709142,0.532280730215671,0.811236386834781,0.990270740176166,0.938423803388492,0.738903976030576,0.532280730215671
19.821651804317,0.532280730215671,0.811236207778135,0.990273921774413,0.938407098192717,0.738878191483551,0.532280730215671
19.8316526377198,0.532280730215671,0.811236028746297,0.99027710211954,0.93839039499044,0.738852412934787,0.532280730215671
19.8416534711226,0.532280730215671,0.811235849741589,0.990280281213878,0.938373693776254,0.738826640376289,0.532280730215671
19.8516543045254,0.532280730215671,0.811235670766398,0.990283459059813,0.938356994544551,0.738800873799834,0.532280730215671
19.8616551379282,0.532280730215671,0.811235491823178,0.990286635659784,0.938340297289551,0.738775113197007,0.532280730215671
19.8716559713309,0.532280730215671,0.811235312914425,0.990289811016265,0.938323602005326,0.738749358559231,0.532280730215671
19.8816568047337,0.532280730215671,0.811235134042675,0.990292985131765,0.938306908685829,0.738723609877795,0.532280730215671
19.8916576381365,0.532280730215671,0.811234955210489,0.990296158008817,0.938290217324924,0.738697867143893,0.532280730215671
19.9016584715393,0.532280730215671,0.811234776420436,0.990299329649965,0.938273527916409,0.738672130348646,0.532280730215671
19.9116593049421,0.532280730215671,0.811234597675092,0.990302500057761,0.938256840454053,0.738646399483145,0.532280730215671
19.9216601383449,0.532280730215671,0.811234418977016,0.990305669234753,0.938240154931613,0.738620674538472,0.532280730215671
19.9316609717476,0.532280730215671,0.81123424032875,0.990308837183481,0.938223471342868,0.738594955505735,0.532280730215671
19.9416618051504,0.532280730215671,0.8112340617328,0.99031200390646,0.938206789681648,0.738569242376104,0.532280730215671
19.9516626385532,0.532280730215671,0.81123388319163,0.990315169406184,0.938190109941852,0.73854353514083,0.532280730215671
19.961663471956,0.532280730215671,0.811233704707649,0.990318333685109,0.938173432117481,0.738517833791281,0.532280730215671
19.9716643053588,0.532280730215671,0.811233526283203,0.99032149674565,0.938156756202656,0.738492138318966,0.532280730215671
19.9816651387616,0.532280730215671,0.811233347920568,0.990324658590172,0.93814008219165,0.738466448715565,0.532280730215671
19.9916659721643,0.532280730215671,0.811233169621937,0.990327819220987,0.938123410078895,0.738440764972945,0.532280730215671
20.0016668055671,0.532280730215671,0.811232991389416,0.990330978640345,0.938106739859016,0.73841508708319,0.532280730215671
20.0116676389699,0.532280730215671,0.811232813225016,0.99033413685043,0.938090071526843,0.73838941503862,0.532280730215671
20.0216684723727,0.532280730215671,0.811232635256271,0.990337293941104,0.93807340479345,0.738363748513333,0.532280730215671
20.0316693057755,0.532280730215671,0.811232458628524,0.990340450716446,0.938056737054034,0.738338084583485,0.532280730215671
20.0416701391783,0.532280730215671,0.811232293016913,0.990343613986574,0.938040046200713,0.738312398442094,0.532280730215671
20.0516709725811,0.532280730215671,0.811232155166629,0.990346795712688,0.938023293185559,0.738286646222271,0.532280730215671
20.0616718059838,0.532280730215671,0.811232063916173,0.990350009418172,0.938006433741824,0.738260778193235,0.532280730215671
20.0716726393866,0.532280730215671,0.811232037792198,0.990353268464668,0.937989424009269,0.738234745086322,0.532280730215671
20.0816734727894,0.532280730215671,0.81123209473098,0.990356585853685,0.937972221181026,0.738208498821549,0.532280730215671
20.0916743061922,0.532280730215671,0.811232251958158,0.990359974135249,0.937954783807865,0.738181992851294,0.532280730215671
20.101675139595,0.532280730215671,0.811232525868912,0.990363445316544,0.937937072103145,0.7381551825047,0.532280730215671
20.1116759729977,0.532280730215671,0.811232931917426,0.990367010776836,0.937919048227961,0.738128025309802,0.532280730215671
20.1216768064005,0.532280730215671,0.811233484516413,0.990370681189306,0.937900676554394,0.738100481290951,0.532280730215671
20.1316776398033,0.532280730215671,0.811234196947173,0.990374466450226,0.937881923905449,0.738072513239917,0.532280730215671
20.1416784732061,0.532280730215671,0.811235081280577,0.990378375615829,0.937862759770435,0.738044086959192,0.532280730215671
20.1516793066089,0.532280730215671,0.811236148309236,0.99038241684715,0.93784315649483,0.738015171476405,0.532280730215671
20.1616801400117,0.532280730215671,0.811237407491031,0.990386597363059,0.937823089443944,0.737985739228994,0.532280730215671
20.1716809734144,0.532280730215671,0.81123886690405,0.990390923401571,0.93780253713991,0.737955766218597,0.532280730215671
20.1816818068172,0.532280730215671,0.811240533212899,0.990395400189503,0.937781481371826,0.737925232134905,0.532280730215671
20.19168264022,0.532280730215671,0.811242411646235,0.990400031920436,0.937759907279054,0.737894120448973,0.532280730215671
20.2016834736228,0.532280730215671,0.811244505985337,0.990404821740884,0.937737803407943,0.737862418476268,0.532280730215671
20.2116843070256,0.532280730215671,0.811246818563373,0.990409771744516,0.937715161742423,0.737830117409947,0.532280730215671
20.2216851404284,0.532280730215671,0.811249350275031,0.990414882974191,0.937691977709105,0.737797212325085,0.532280730215671
20.2316859738312,0.532280730215671,0.811252100596068,0.990420155431555,0.937668250157709,0.737763702154783,0.532280730215671
20.2416868072339,0.532280730215671,0.811255067612291,0.990425588093857,0.937643981317759,0.737729589639251,0.532280730215671
20.2516876406367,0.532280730215671,0.811258248057468,0.990431178937636,0.937619176732664,0.737694881249135,0.532280730215671
20.2616884740395,0.532280730215671,0.811261637359556,0.990436924968867,0.937593845172376,0.737659587084485,0.532280730215671
20.2716893074423,0.532280730215671,0.811265229694694,0.990442822259142,0.937567998525944,0.737623720750893,0.532280730215671
20.2816901408451,0.532280730215671,0.811269018048304,0.990448865987425,0.937541651675348,0.737587299214403,0.532280730215671
20.2916909742479,0.532280730215671,0.81127299428267,0.99045505048691,0.937514822352084,0.737550342636919,0.532280730215671
20.3016918076506,0.532280730215671,0.811277149210343,0.990461369296492,0.937487530977986,0.737512874193838,0.532280730215671
20.3116926410534,0.532280730215671,0.811281472672696,0.990467815216337,0.937459800491858,0.737474919875756,0.532280730215671
20.3216934744562,0.532280730215671,0.811285953622972,0.990474380367064,0.93743165616347,0.737436508276046,0.532280730215671
20.331694307859,0.532280730215671,0.811290580213148,0.990481056252011,0.93740312539652,0.73739767036618,0.532280730215671
20.3416951412618,0.532280730215671,0.811295339883962,0.990487833822085,0.937374237522144,0.737358439260654,0.532280730215671
20.3516959746646,0.532280730215671,0.811300219457441,0.99049470354269,0.937345023584571,0.737318849973344,0.532280730215671
20.3616968080673,0.532280730215671,0.811305205231275,0.990501655462235,0.937315516120489,0.737278939167141,0.532280730215671
20.3716976414701,0.532280730215671,0.811310283074421,0.990508679281734,0.937285748933696,0.737238744898652,0.532280730215671
20.3816984748729,0.532280730215671,0.811315438523299,0.990515764425017,0.937255756866548,0.737198306359737,0.532280730215671
20.3916993082757,0.532280730215671,0.811320656877977,0.990522900109097,0.937225575569716,0.737157663617601,0.532280730215671
20.4017001416785,0.532280730215671,0.81132592329777,0.990530075414239,0.937195241271719,0.737116857355122,0.532280730215671
20.4117009750813,0.532280730215671,0.811331222895663,0.990537279353287,0.93716479054966,0.737075928613027,0.532280730215671
20.421701808484,0.532280730215671,0.811336540831014,0.990544500939862,0.937134260102538,0.737034918535478,0.532280730215671
20.4317026418868,0.532280730215671,0.811341862400032,0.990551729255004,0.937103686528486,0.736993868120581,0.532280730215671
20.4417034752896,0.532280730215671,0.811347173123477,0.990558953511893,0.937073106107211,0.73695281797724,0.532280730215671
20.4517043086924,0.532280730215671,0.811352458831139,0.990566163118301,0.937042554588871,0.73691180808971,0.532280730215671
20.4617051420952,0.532280730215671,0.811357705742627,0.990573347736414,0.937012066990572,0.736870877591181,0.532280730215671
20.471705975498,0.532280730215671,0.811362900544023,0.990580497339736,0.936981677401574,0.736830064547554,0.532280730215671
20.4817068089007,0.532280730215671,0.81136803046002,0.990587602266765,0.936951418798283,0.736789405752586,0.532280730215671
20.4917076423035,0.532280730215671,0.811373083321154,0.990594653271179,0.936921322869996,0.736748936535437,0.532280730215671
20.5017084757063,0.532280730215671,0.811378047625803,0.990601641568285,0.936891419856299,0.736708690581594,0.532280730215671
20.5117093091091,0.532280730215671,0.811382912596626,0.990608558877519,0.936861738396962,0.736668699768028,0.532280730215671
20.5217101425119,0.532280730215671,0.811387668231196,0.99061539746079,0.936832305395072,0.736628994013401,0.532280730215671
20.5317109759147,0.532280730215671,0.811392305346567,0.990622150156521,0.936803145894077,0.736589601143964,0.532280730215671
20.5417118093174,0.532280730215671,0.811396815617587,0.990628810409222,0.9367742829693,0.736550546775766,0.532280730215671
20.5517126427202,0.532280730215671,0.811401191608813,0.990635372294517,0.936745737634428,0.73651185421363,0.532280730215671
20.561713476123,0.532280730215671,0.811405426799887,0.990641830539506,0.936717528763334,0.736473544367282,0.532280730215671
20.5717143095258,0.532280730215671,0.811409515604332,0.990648180538449,0.936689673027549,0.736435635684885,0.532280730215671
20.5817151429286,0.532280730215671,0.81141345338171,0.990654418363711,0.936662184849526,0.736398144104136,0.532280730215671
20.5917159763314,0.532280730215671,0.811417236443182,0.990660540772011,0.936635076371816,0.736361083020956,0.532280730215671
20.6017168097341,0.532280730215671,0.811420862050528,0.990666545205982,0.936608357442086,0.736324463275706,0.532280730215671
20.6117176431369,0.532280730215671,0.811424328408718,0.990672429791141,0.936582035613867,0.736288293156717,0.532280730215671
20.6217184765397,0.532280730215671,0.811427634652216,0.990678193328339,0.936556116162783,0.736252578420852,0.532280730215671
20.6317193099425,0.532280730215671,0.81143078082518,0.990683835281838,0.93653060211789,0.736217322330655,0.532280730215671
20.6417201433453,0.532280730215671,0.811433767855819,0.990689355763167,0.936505494307697,0.736182525707573,0.532280730215671
20.6517209767481,0.532280730215671,0.811436597525186,0.990694755510935,0.936480791420292,0.736148187000614,0.532280730215671
20.6617218101508,0.532280730215671,0.811439272430693,0.990700035866816,0.936456490076928,0.736114302369693,0.532280730215671
20.6717226435536,0.532280730215671,0.811441795944757,0.99070519874795,0.936432584918319,0.736080865782836,0.532280730215671
20.6817234769564,0.532280730215671,0.811444172168907,0.990710246615991,0.936409068702819,0.73604786912632,0.532280730215671
20.6917243103592,0.532280730215671,0.811446405883796,0.990715182443119,0.936385932415574,0.736015302326741,0.532280730215671
20.701725143762,0.532280730215671,0.811448502495561,0.990720009675272,0.936363165387661,0.73598315348392,0.532280730215671
20.7117259771648,0.532280730215671,0.81145046797897,0.990724732192946,0.936340755424184,0.735951409013518,0.532280730215671
20.7217268105675,0.532280730215671,0.811452308817872,0.990729354269863,0.93631868894022,0.735920053798137,0.532280730215671
20.7317276439703,0.532280730215671,0.81145403194339,0.990733880529865,0.936296951103487,0.735889071345681,0.532280730215671
20.7417284773731,0.532280730215671,0.811455644670412,0.990738315902354,0.936275525982573,0.735858443953692,0.532280730215671
20.7517293107759,0.532280730215671,0.811457154632844,0.990742665576657,0.936254396699506,0.735828152878355,0.532280730215671
20.7617301441787,0.532280730215671,0.811458569718145,0.990746934955634,0.936233545585515,0.73579817850686,0.532280730215671
20.7717309775815,0.532280730215671,0.811459898001632,0.990751129608907,0.936212954338726,0.735768500531823,0.532280730215671
20.7817318109842,0.532280730215671,0.811461147681053,0.990755255226036,0.936192604182644,0.735739098126437,0.532280730215671
20.791732644387,0.532280730215671,0.811462327011894,0.990759317569982,0.93617247602424,0.735709950119107,0.532280730215671
20.8017334777898,0.532280730215671,0.811463444243869,0.990763322431204,0.936152550610479,0.735681035166297,0.532280730215671
20.8117343111926,0.532280730215671,0.811464507559041,0.990767275582667,0.93613280868224,0.735652331922396,0.532280730215671
20.8217351445954,0.532280730215671,0.811465525011979,0.990771182736112,0.936113231124525,0.735623819205457,0.532280730215671
20.8317359779982,0.532280730215671,0.811466504472325,0.990775049499823,0.936093799111989,0.735595476157698,0.532280730215671
20.8417368114009,0.532280730215671,0.811467453570133,0.990778881338189,0.936074494248854,0.73556728239977,0.532280730215671
20.8517376448037,0.532280730215671,0.811468379644297,0.990782683533296,0.936055298702338,0.73553921817781,0.532280730215671
20.8617384782065,0.532280730215671,0.811469289694361,0.990786461148762,0.936036195328809,0.735511264502445,0.532280730215671
20.8717393116093,0.532280730215671,0.811470190335945,0.990790218996028,0.936017167791951,0.735483403278933,0.532280730215671
20.8817401450121,0.532280730215671,0.811471087760032,0.990793961603272,0.935998200672318,0.735455617427768,0.532280730215671
20.8917409784149,0.532280730215671,0.811471987696267,0.9907976931871,0.935979279567719,0.735427890995134,0.532280730215671
20.9017418118177,0.532280730215671,0.81147289538044,0.990801417627126,0.935960391183975,0.735400209252708,0.532280730215671
20.9117426452204,0.532280730215671,0.81147381552625,0.990805138443572,0.935941523415679,0.735372558786388,0.532280730215671
20.9217434786232,0.532280730215671,0.811474752301404,0.99080885877792,0.935922665416654,0.735344927573639,0.532280730215671
20.931744312026,0.532280730215671,0.811475709308139,0.990812581376699,0.935903807659917,0.735317305049215,0.532280730215671
20.9417451454288,0.532280730215671,0.811476689568121,0.990816308578423,0.935884941987018,0.735289682159131,0.532280730215671
20.9517459788316,0.532280730215671,0.811477695511746,0.990820042303668,0.935866061646706,0.735262051402842,0.532280730215671
20.9617468122344,0.532280730215671,0.811478728971731,0.990823784048293,0.935847161322963,0.735234406863656,0.532280730215671
20.9717476456371,0.532280730215671,0.811479791180976,0.990827534879734,0.935828237152513,0.735206744227508,0.532280730215671
20.9817484790399,0.532280730215671,0.811480882774539,0.990831295436337,0.935809286731973,0.73517906079031,0.532280730215671
20.9917493124427,0.532280730215671,0.811482003795606,0.99083506592962,0.935790309114902,0.735151355454114,0.532280730215671
21.0017501458455,0.532280730215671,0.811483153705313,0.990838846149391,0.935771304799035,0.73512362871247,0.532280730215671
21.0117509792483,0.532280730215671,0.811484331396226,0.990842635471582,0.935752275704077,0.735095882625348,0.532280730215671
21.0217518126511,0.532280730215671,0.811485535209287,0.990846432868695,0.935733225140455,0.735068120784102,0.532280730215671
21.0317526460538,0.532280730215671,0.811486762954033,0.990850236922687,0.935714157769491,0.735040348266989,0.532280730215671
21.0417534794566,0.532280730215671,0.811488011931834,0.990854045840168,0.935695079555495,0.735012571585791,0.532280730215671
21.0517543128594,0.532280730215671,0.811489278961953,0.990857857469725,0.935675997710299,0.734984798624146,0.532280730215671
21.0617551462622,0.532280730215671,0.811490560410135,0.990861669321211,0.935656920630818,0.734957038568217,0.532280730215671
21.071755979665,0.532280730215671,0.811491852219522,0.990865478586812,0.935637857830218,0.73492930183037,0.532280730215671
21.0817568130678,0.532280730215671,0.811493149943582,0.990869282163712,0.935618819863302,0.734901599966536,0.532280730215671
21.0917576464705,0.532280730215671,0.81149444878084,0.990873076678158,0.935599818246753,0.734873945587964,0.532280730215671
21.1017584798733,0.532280730215671,0.811495743611092,0.990876858510733,0.935580865374876,0.734846352268096,0.532280730215671
21.1117593132761,0.532280730215671,0.811497029032876,0.990880623822653,0.935561974431493,0.734818834445277,0.532280730215671
21.1217601466789,0.532280730215671,0.8114982994019,0.990884368582873,0.935543159298645,0.734791407322034,0.532280730215671
21.1317609800817,0.532280730215671,0.811499548870186,0.990888088595822,0.935524434462771,0.734764086761668,0.532280730215671
21.1417618134845,0.532280730215671,0.811500771425641,0.990891779529574,0.935505814919002,0.734736889182866,0.532280730215671
21.1517626468872,0.532280730215671,0.811501960931817,0.990895436944255,0.935487316074243,0.734709831453075,0.532280730215671
21.16176348029,0.532280730215671,0.811503111167598,0.990899056320504,0.935468953649671,0.734682930781323,0.532280730215671
21.1717643136928,0.532280730215671,0.811504215866557,0.990902633087818,0.935450743583275,0.734656204611196,0.532280730215671
21.1817651470956,0.532280730215671,0.811505268755757,0.99090616265258,0.935432701933063,0.734629670514641,0.532280730215671
21.1917659804984,0.532280730215671,0.811506263593768,0.990909640425629,0.935414844781526,0.734603346087229,0.532280730215671
21.2017668139012,0.532280730215671,0.811507194207658,0.990913061849182,0.935397188141928,0.734577248845539,0.532280730215671
21.2117676473039,0.532280730215671,0.811508054528772,0.990916422422981,0.935379747866982,0.734551396127233,0.532280730215671
21.2217684807067,0.532280730215671,0.811508838627084,0.99091971772949,0.935362539560429,0.734525804994397,0.532280730215671
21.2317693141095,0.532280730215671,0.81150954074394,0.990922943458022,0.935345578492032,0.734500492140702,0.532280730215671
21.2417701475123,0.532280730215671,0.811510155323026,0.990926095427673,0.935328879516425,0.734475473802872,0.532280730215671
21.2517709809151,0.532280730215671,0.811510677039392,0.990929169608918,0.935312456996284,0.734450765676932,0.532280730215671
21.2617718143179,0.532280730215671,0.81151110082638,0.990932162143795,0.935296324730196,0.734426382839661,0.532280730215671
21.2717726477206,0.532280730215671,0.811511421900365,0.990935069364553,0.935280495885602,0.734402339675653,0.532280730215671
21.2817734811234,0.532280730215671,0.811511635783133,0.990937887810694,0.935264982937143,0.734378649810307,0.532280730215671
21.2917743145262,0.532280730215671,0.811511738321856,0.990940614244322,0.935249797610685,0.73435532604908,0.532280730215671
21.301775147929,0.532280730215671,0.811511725706553,0.990943245663755,0.935234950833295,0.734332380323244,0.532280730215671
21.3117759813318,0.532280730215671,0.811511594484979,0.990945779315325,0.935220452689352,0.734309823642378,0.532280730215671
21.3217768147346,0.532280730215671,0.811511341574892,0.990948212703345,0.935206312382966,0.734287666053744,0.532280730215671
21.3317776481373,0.532280730215671,0.811510964273681,0.99095054359821,0.93519253820685,0.7342659166087,0.532280730215671
21.3417784815401,0.532280730215671,0.811510460265327,0.990952770042618,0.93517913751768,0.734244583336214,0.532280730215671
21.3517793149429,0.532280730215671,0.811509827624714,0.990954890355905,0.935166116718032,0.734223673223499,0.532280730215671
21.3617801483457,0.532280730215671,0.811509064819303,0.990956903136509,0.935153481244854,0.73420319220379,0.532280730215671
21.3717809817485,0.532280730215671,0.81150817070822,0.990958807262583,0.935141235564441,0.734183145151167,0.532280730215671
21.3817818151513,0.532280730215671,0.811507144538796,0.990960601890776,0.935129383173818,0.734163535882349,0.532280730215671
21.391782648554,0.532280730215671,0.811505985940659,0.990962286453257,0.935117926608415,0.734144367165302,0.532280730215671
21.4017834819568,0.532280730215671,0.811504694917429,0.990963860652998,0.935106867455837,0.734125640734461,0.532280730215671
21.4117843153596,0.532280730215671,0.81150327183615,0.990965324457411,0.935096206375545,0.734107357312367,0.532280730215671
21.4217851487624,0.532280730215671,0.811501717414558,0.990966678090395,0.935085943124202,0.734089516637418,0.532280730215671
21.4317859821652,0.532280730215671,0.81150003270631,0.990967922022891,0.93507607658639,0.734072117497459,0.532280730215671
21.441786815568,0.532280730215671,0.811498219084327,0.990969056962024,0.935066604810398,0.734055157768852,0.532280730215671
21.4517876489707,0.532280730215671,0.811496278222398,0.99097008383894,0.935057525048754,0.734038634460672,0.532280730215671
21.4617884823735,0.532280730215671,0.811494212075193,0.990971003795444,0.9350488338031,0.734022543763632,0.532280730215671
21.4717893157763,0.532280730215671,0.811492022856869,0.990971818169552,0.935040526873069,0.734006881103305,0.532280730215671
21.4817901491791,0.532280730215671,0.81148971301843,0.990972528480069,0.935032599408702,0.733991641197205,0.532280730215671
21.4917909825819,0.532280730215671,0.81148728522404,0.990973136410334,0.935025045966018,0.733976818115279,0.532280730215671
21.5017918159847,0.532280730215671,0.81148474232645,0.990973643791231,0.935017860565277,0.733962405343318,0.532280730215671
21.5117926493874,0.532280730215671,0.811482087341736,0.99097405258362,0.935011036751486,0.733948395848791,0.532280730215671
21.5217934827902,0.532280730215671,0.811479323423548,0.99097436486031,0.93500456765669,0.73393478214864,0.532280730215671
21.531794316193,0.532280730215671,0.811476453837032,0.990974582787693,0.934998446063591,0.733921556378514,0.532280730215671
21.5417951495958,0.532280730215671,0.811473481932636,0.99097470860719,0.934992664470023,0.733908710362933,0.532280730215671
21.5517959829986,0.532280730215671,0.811470411119955,0.990974744616627,0.93498721515384,0.733896235685925,0.532280730215671
21.5617968164014,0.532280730215671,0.811467244841829,0.990974693151665,0.934982090237743,0.733884123761605,0.532280730215671
21.5717976498042,0.532280730215671,0.811463986548822,0.990974556567416,0.93497728175363,0.733872365904257,0.532280730215671
21.5817984832069,0.532280730215671,0.811460639674292,0.990974337220366,0.934972781706017,0.733860953397423,0.532280730215671
21.5917993166097,0.532280730215671,0.811457207610175,0.990974037450707,0.934968582134136,0.733849877561576,0.532280730215671
21.6018001500125,0.532280730215671,0.811453693683649,0.990973659565205,0.934964675172307,0.733839129819946,0.532280730215671
21.6118009834153,0.532280730215671,0.811450101134813,0.990973205820699,0.934961053108209,0.733828701762073,0.532280730215671
21.6218018168181,0.532280730215671,0.811446433095508,0.990972678408325,0.934957708438709,0.73381858520475,0.532280730215671
21.6318026502209,0.532280730215671,0.811442692569406,0.990972079438566,0.934954633922919,0.733808772249959,0.532280730215671
21.6418034836236,0.532280730215671,0.811438882413449,0.990971410927192,0.934951822632186,0.733799255339507,0.532280730215671
21.6518043170264,0.532280730215671,0.811435005320761,0.990970674782189,0.934949267996748,0.733790027306058,0.532280730215671
21.6618051504292,0.532280730215671,0.811431063805098,0.990969872791715,0.934946963848816,0.733781081420303,0.532280730215671
21.671805983832,0.532280730215671,0.811427060186891,0.99096900661316,0.934944904461876,0.733772411434034,0.532280730215671
21.6818068172348,0.532280730215671,0.811422996580973,0.990968077763347,0.934943084586031,0.733764011618944,0.532280730215671
21.6918076506376,0.532280730215671,0.81141887488599,0.990967087609918,0.934941499479246,0.733755876800968,0.532280730215671
21.7018084840403,0.532280730215671,0.811414696775562,0.990966037363927,0.93494014493437,0.733748002390069,0.532280730215671
21.7118093174431,0.532280730215671,0.811410463691178,0.990964928073677,0.934939017301876,0.733740384405352,0.532280730215671
21.7218101508459,0.532280730215671,0.811406176836859,0.990963760619784,0.934938113508236,0.733733019495469,0.532280730215671
21.7318109842487,0.532280730215671,0.81140183717556,0.990962535711508,0.934937431069952,0.733725904954275,0.532280730215671
21.7418118176515,0.532280730215671,0.811397445427301,0.990961253884311,0.93493696810322,0.733719038731761,0.532280730215671
21.7518126510543,0.532280730215671,0.811393002068992,0.990959915498649,0.934936723329282,0.733712419440284,0.532280730215671
21.761813484457,0.532280730215671,0.811388507335922,0.990958520739972,0.934936696075543,0.733706046356187,0.532280730215671
21.7718143178598,0.532280730215671,0.811383961224844,0.990957069619897,0.934936886272523,0.733699919416897,0.532280730215671
21.7818151512626,0.532280730215671,0.81137936349861,0.990955561978525,0.934937294446793,0.73369403921362,0.532280730215671
21.7918159846654,0.532280730215671,0.811374713692277,0.990953997487857,0.934937921710008,0.733688406979817,0.532280730215671
21.8018168180682,0.532280730215671,0.811370011120626,0.990952375656254,0.934938769744237,0.733683024575599,0.532280730215671
21.811817651471,0.532280730215671,0.811365254886974,0.990950695833904,0.934939840783736,0.733677894468269,0.532280730215671
21.8218184848737,0.532280730215671,0.81136044389324,0.990948957219204,0.934941137593412,0.733673019709228,0.532280730215671
21.8318193182765,0.532280730215671,0.811355576851114,0.990947158866037,0.934942663444151,0.733668403907468,0.532280730215671
21.8418201516793,0.532280730215671,0.811350652294278,0.990945299691827,0.934944422085294,0.733664051199921,0.532280730215671
21.8518209850821,0.532280730215671,0.811345668591534,0.990943378486348,0.934946417714471,0.733659966218925,0.532280730215671
21.8618218184849,0.532280730215671,0.811340623960762,0.990941393921166,0.934948654945067,0.733656154057098,0.532280730215671
21.8718226518877,0.532280730215671,0.811335516483579,0.99093934455968,0.934951138771595,0.733652620229891,0.532280730215671
21.8818234852904,0.532280730215671,0.811330344120592,0.990937228867651,0.934953874533238,0.733649370636139,0.532280730215671
21.8918243186932,0.532280730215671,0.811325104727132,0.990935045224149,0.934956867875848,0.733646411516901,0.532280730215671
21.901825152096,0.532280730215671,0.811319796069357,0.990932791932851,0.934960124712677,0.733643749412897,0.532280730215671
21.9118259854988,0.532280730215671,0.811314415840606,0.990930467233585,0.934963651184144,0.733641391120854,0.532280730215671
21.9218268189016,0.532280730215671,0.811308961677898,0.990928069314052,0.934967453616892,0.733639343649078,0.532280730215671
21.9318276523044,0.532280730215671,0.81130343117846,0.990925596321655,0.934971538482448,0.733637614172535,0.532280730215671
21.9418284857071,0.532280730215671,0.811297821916175,0.99092304637533,0.934975912355745,0.73363620998777,0.532280730215671
21.9518293191099,0.532280730215671,0.811292131457855,0.990920417577335,0.934980581873784,0.733635138467945,0.532280730215671
21.9618301525127,0.532280730215671,0.811286357379224,0.990917708024887,0.934985553694705,0.733634407018286,0.532280730215671
21.9718309859155,0.532280730215671,0.811280497280517,0.99091491582161,0.934990834457525,0.733634023032224,0.532280730215671
21.9818318193183,0.532280730215671,0.811274548801608,0.990912039088692,0.934996430742784,0.733633993848503,0.532280730215671
21.9918326527211,0.532280730215671,0.811268509636575,0.990909075975712,0.935002349034344,0.733634326709496,0.532280730215671
22.0018334861238,0.532280730215671,0.811262377547619,0.990906024671049,0.935008595682563,0.733635028720996,0.532280730215671
22.0118343195266,0.532280730215671,0.81125615037825,0.990902883411842,0.93501517686905,0.733636106813689,0.532280730215671
22.0218351529294,0.532280730215671,0.811249826065692,0.990899650493417,0.935022098573209,0.73363756770655,0.532280730215671
22.0318359863322,0.532280730215671,0.811243402652422,0.990896324278155,0.935029366540742,0.733639417872332,0.532280730215671
22.041836819735,0.532280730215671,0.811236878296803,0.990892903203745,0.935036986254279,0.733641663505344,0.532280730215671
22.0518376531378,0.532280730215671,0.811230251282733,0.990889385790778,0.935044962906289,0.733644310491679,0.532280730215671
22.0618384865405,0.532280730215671,0.811223520028303,0.990885770649653,0.935053301374395,0.733647364382029,0.532280730215671
22.0718393199433,0.532280730215671,0.811216683093405,0.990882056486764,0.935062006199207,0.73365083036722,0.532280730215671
22.0818401533461,0.532280730215671,0.811209739186261,0.990878242109939,0.935071081564768,0.733654713256559,0.532280730215671
22.0918409867489,0.532280730215671,0.811202687168872,0.990874326433111,0.935080531281691,0.733659017459086,0.532280730215671
22.1018418201517,0.532280730215671,0.811195526061345,0.990870308480214,0.935090358773033,0.733663746967788,0.532280730215671
22.1118426535545,0.532280730215671,0.811188255045116,0.990866187388281,0.935100567062956,0.733668905346824,0.532280730215671
22.1218434869572,0.532280730215671,0.811180873465068,0.990861962409755,0.935111158768179,0.733674495721772,0.532280730215671
22.13184432036,0.532280730215671,0.811173380830537,0.990857632914003,0.935122136092236,0.733680520772916,0.532280730215671
22.1418451537628,0.532280730215671,0.811165776815242,0.990853198388041,0.935133500822499,0.733686982731537,0.532280730215671
22.1518459871656,0.532280730215671,0.81115806125615,0.990848658436492,0.935145254329956,0.733693883379196,0.532280730215671
22.1618468205684,0.532280730215671,0.81115023415131,0.990844012780777,0.935157397571665,0.733701224049915,0.532280730215671
22.1718476539712,0.532280730215671,0.811142295656688,0.990839261257568,0.935169931095825,0.733709005635227,0.532280730215671
22.1818484873739,0.532280730215671,0.81113424608206,0.990834403816534,0.935182855049369,0.733717228591963,0.532280730215671
22.1918493207767,0.532280730215671,0.811126085885985,0.990829440517396,0.935196169187991,0.733725892952695,0.532280730215671
22.2018501541795,0.532280730215671,0.811117815669937,0.990824371526337,0.935209872888464,0.733734998338703,0.532280730215671
22.2118509875823,0.532280730215671,0.811109436171633,0.990819197111797,0.935223965163146,0.733744543975323,0.532280730215671
22.2218518209851,0.532280730215671,0.811100948257638,0.990813917639697,0.935238444676513,0.73375452870953,0.532280730215671
22.2318526543879,0.532280730215671,0.811092352915289,0.990808533568134,0.935253309763567,0.733764951029594,0.532280730215671
22.2418534877906,0.532280730215671,0.811083651244034,0.990803045441588,0.93526855844997,0.733775809086628,0.532280730215671
22.2518543211934,0.532280730215671,0.811074844446233,0.990797453884706,0.935284188473713,0.73378710071786,0.532280730215671
22.2618551545962,0.532280730215671,0.811065933817516,0.990791759595688,0.935300197308154,0.733798823471418,0.532280730215671
22.271855987999,0.532280730215671,0.811056920736744,0.990785963339356,0.935316582186245,0.733810974632449,0.532280730215671
22.2818568214018,0.532280730215671,0.811047806655696,0.990780065939934,0.935333340125731,0.733823551250352,0.532280730215671
22.2918576548046,0.532280730215671,0.811038593088497,0.990774068273604,0.935350467955175,0.733836550166938,0.532280730215671
22.3018584882074,0.532280730215671,0.811029281600922,0.990767971260903,0.935367962340575,0.733849968045295,0.532280730215671
22.3118593216101,0.532280730215671,0.811019873799614,0.990761775858989,0.935385819812404,0.733863801399149,0.532280730215671
22.3218601550129,0.532280730215671,0.811010371321311,0.990755483053856,0.935404036792872,0.733878046622536,0.532280730215671
22.3318609884157,0.532280730215671,0.811000775822134,0.990749093852538,0.935422609623219,0.733892700019539,0.532280730215671
22.3418618218185,0.532280730215671,0.810991088967028,0.990742609275356,0.935441534590866,0.733907757833935,0.532280730215671
22.3518626552213,0.532280730215671,0.810981312419423,0.990736030348265,0.935460807956231,0.733923216278518,0.532280730215671
22.3618634886241,0.532280730215671,0.810971447831162,0.990729358095335,0.935480425979035,0.73393907156393,0.532280730215671
22.3718643220268,0.532280730215671,0.810961496832767,0.990722593531439,0.935500384943951,0.733955319926807,0.532280730215671
22.3818651554296,0.532280730215671,0.810951461024111,0.990715737655161,0.935520681185414,0.733971957657079,0.532280730215671
22.3918659888324,0.532280730215671,0.810941341965546,0.990708791441996,0.935541311111452,0.733988981124244,0.532280730215671
22.4018668222352,0.532280730215671,0.810931141169514,0.990701755837856,0.935562271226413,0.734006386802465,0.532280730215671
22.411867655638,0.532280730215671,0.810920860092716,0.990694631752944,0.935583558152434,0.734024171294365,0.532280730215671
22.4218684890408,0.532280730215671,0.810910500128872,0.990687420056004,0.935605168649556,0.73404233135337,0.532280730215671
22.4318693224435,0.532280730215671,0.810900062602094,0.99068012156899,0.935627099634376,0.734060863904487,0.532280730215671
22.4418701558463,0.532280730215671,0.810889548760906,0.990672737062187,0.93564934819714,0.734079766063424,0.532280730215671
22.4518709892491,0.532280730215671,0.81087895977295,0.990665267249788,0.935671911617196,0.734099035153947,0.532280730215671
22.4618718226519,0.532280730215671,0.810868296720382,0.990657712785961,0.935694787376756,0.734118668723414,0.532280730215671
22.4718726560547,0.532280730215671,0.810857560595981,0.990650074261421,0.935717973172889,0.734138664556397,0.532280730215671
22.4818734894575,0.532280730215671,0.81084675229997,0.990642352200502,0.93574146692773,0.734159020686377,0.532280730215671
22.4918743228602,0.532280730215671,0.810835872637565,0.990634547058764,0.935765266796863,0.73417973540546,0.532280730215671
22.501875156263,0.532280730215671,0.810824922317246,0.990626659221112,0.935789371175874,0.734200807272085,0.532280730215671
22.5118759896658,0.532280730215671,0.810813901949747,0.990618689000452,0.935813778705058,0.734222235116747,0.532280730215671
22.5218768230686,0.532280730215671,0.810802812047736,0.990610636636853,0.935838488272314,0.734244018045705,0.532280730215671
22.5318776564714,0.532280730215671,0.810791653026214,0.990602502297242,0.935863499014227,0.734266155442742,0.532280730215671
22.5418784898742,0.532280730215671,0.810780425203551,0.990594286075595,0.935888810315401,0.73428864696896,0.532280730215671
22.5518793232769,0.532280730215671,0.810769128803199,0.990585987993619,0.93591442180605,0.734311492560691,0.532280730215671
22.5618801566797,0.532280730215671,0.81075776395601,0.990577608001921,0.935940333357949,0.734334692425583,0.532280730215671
22.5718809900825,0.532280730215671,0.810746330703148,0.990569145981629,0.935966545078771,0.734358247036894,0.532280730215671
22.5818818234853,0.532280730215671,0.81073482899956,0.990560601746449,0.935993057304911,0.734382157126116,0.532280730215671
22.5918826568881,0.532280730215671,0.810723258717961,0.990551975045145,0.936019870592873,0.734406423673987,0.532280730215671
22.6018834902909,0.532280730215671,0.810711619653307,0.990543265564394,0.936046985709309,0.734431047899997,0.532280730215671
22.6118843236936,0.532280730215671,0.810699911527701,0.990534472932015,0.936074403619805,0.734456031250498,0.532280730215671
22.6218851570964,0.532280730215671,0.810688133995697,0.99052559672052,0.936102125476536,0.73448137538552,0.532280730215671
22.6318859904992,0.532280730215671,0.810676286649958,0.990516636450966,0.936130152604871,0.734507082164403,0.532280730215671
22.641886823902,0.532280730215671,0.810664369027212,0.99050759159708,0.936158486489067,0.734533153630397,0.532280730215671
22.6518876573048,0.532280730215671,0.810652380614471,0.990498461589611,0.936187128757155,0.734559591994324,0.532280730215671
22.6618884907076,0.532280730215671,0.810640320855459,0.99048924582089,0.936216081165144,0.734586399617435,0.532280730215671
22.6718893241103,0.532280730215671,0.810628189157203,0.990479943649548,0.936245345580651,0.734613578993619,0.532280730215671
22.6818901575131,0.532280730215671,0.810615984896732,0.990470554405373,0.936274923966105,0.734641132731066,0.532280730215671
22.6918909909159,0.532280730215671,0.810603707427855,0.990461077394254,0.936304818361617,0.734669063533532,0.532280730215671
22.7018918243187,0.532280730215671,0.810591356087943,0.990451511903195,0.936335030867663,0.73469737418135,0.532280730215671
22.7118926577215,0.532280730215671,0.810578930204705,0.990441857205352,0.936365563627675,0.734726067512283,0.532280730215671
22.7218934911243,0.532280730215671,0.810566429102872,0.99043211256506,0.93639641881069,0.734755146402394,0.532280730215671
22.731894324527,0.532280730215671,0.810553852110791,0.990422277242826,0.936427598594131,0.734784613747019,0.532280730215671
22.7418951579298,0.532280730215671,0.810541198566841,0.990412350500245,0.936459105146876,0.734814472442002,0.532280730215671
22.7518959913326,0.532280730215671,0.810528467825676,0.990402331604816,0.936490940612675,0.73484472536527,0.532280730215671
22.7618968247354,0.532280730215671,0.810515659264219,0.990392219834627,0.936523107094065,0.73487537535891,0.532280730215671
22.7718976581382,0.532280730215671,0.810502772287406,0.990382014482873,0.936555606636836,0.734906425211805,0.532280730215671
22.781898491541,0.532280730215671,0.810489806333621,0.990371714862196,0.936588441215167,0.734937877642978,0.532280730215671
22.7918993249437,0.532280730215671,0.810476760879809,0.990361320308811,0.936621612717506,0.734969735285702,0.532280730215671
22.8019001583465,0.532280730215671,0.810463635446233,0.990350830186391,0.936655122933269,0.735002000672487,0.532280730215671
22.8119009917493,0.532280730215671,0.810450429600852,0.990340243889714,0.936688973540441,0.735034676221017,0.532280730215671
22.8219018251521,0.532280730215671,0.810437142963303,0.990329560848017,0.936723166094118,0.735067764221099,0.532280730215671
22.8319026585549,0.532280730215671,0.810423775208465,0.990318780528081,0.936757702016074,0.735101266822715,0.532280730215671
22.8419034919577,0.532280730215671,0.810410326069593,0.990307902436995,0.936792582585374,0.735135186025195,0.532280730215671
22.8519043253604,0.532280730215671,0.810396795341007,0.99029692612462,0.936827808930093,0.7351695236676,0.532280730215671
22.8619051587632,0.532280730215671,0.810383182880341,0.990285851185718,0.936863382020157,0.73520428142031,0.532280730215671
22.871905992166,0.532280730215671,0.810369488610322,0.990274677261755,0.936899302661332,0.735239460777883,0.532280730215671
22.8819068255688,0.532280730215671,0.810355712520106,0.990263404042368,0.936935571490388,0.735275063053182,0.532280730215671
22.8919076589716,0.532280730215671,0.810341854666154,0.990252031266489,0.936972188971423,0.735311089372796,0.532280730215671
22.9019084923744,0.532280730215671,0.810327915172657,0.990240558723137,0.937009155393364,0.735347540673733,0.532280730215671
22.9119093257771,0.532280730215671,0.810313894231511,0.990228986251866,0.937046470868627,0.735384417701421,0.532280730215671
22.9219101591799,0.532280730215671,0.810299792101875,0.990217313742885,0.937084135332916,0.735421721008963,0.532280730215671
22.9319109925827,0.532280730215671,0.810285609109295,0.990205541136853,0.937122148546152,0.735459450957634,0.532280730215671
22.9419118259855,0.532280730215671,0.810271345644424,0.990193668424351,0.937160510094477,0.735497607718607,0.532280730215671
22.9519126593883,0.532280730215671,0.810257002161366,0.990181695645052,0.937199219393322,0.735536191275851,0.532280730215671
22.9619134927911,0.532280730215671,0.810242579175635,0.990169622886592,0.937238275691472,0.735575201430165,0.532280730215671
22.9719143261939,0.532280730215671,0.810228077261787,0.990157450283165,0.93727767807609,0.735614637804285,0.532280730215671
22.9819151595966,0.532280730215671,0.810213497050716,0.990145178013845,0.937317425478645,0.735654499849026,0.532280730215671
22.9919159929994,0.532280730215671,0.810198839226663,0.990132806300663,0.937357516681682,0.735694786850385,0.532280730215671
23.0019168264022,0.532280730215671,0.810184104523955,0.990120335406455,0.93739795032636,0.735735497937529,0.532280730215671
23.011917659805,0.532280730215671,0.810169293723495,0.990107765632494,0.937438724920719,0.735776632091608,0.532280730215671
23.0219184932078,0.532280730215671,0.81015440764905,0.990095097315937,0.937479838848559,0.735818188155314,0.532280730215671
23.0319193266106,0.532280730215671,0.810139447163359,0.990082330827096,0.937521290378899,0.735860164843094,0.532280730215671
23.0419201600133,0.532280730215671,0.810124413164076,0.990069466566567,0.93756307767592,0.735902560751959,0.532280730215671
23.0519209934161,0.532280730215671,0.810109306579607,0.990056504962226,0.937605198809317,0.735945374372772,0.532280730215671
23.0619218268189,0.532280730215671,0.810094128364846,0.990043446466132,0.937647651764972,0.735988604101955,0.532280730215671
23.0719226602217,0.532280730215671,0.81007887949686,0.990030291551344,0.937690434455894,0.736032248253517,0.532280730215671
23.0819234936245,0.532280730215671,0.810063560970546,0.990017040708683,0.937733544733316,0.736076305071312,0.532280730215671
23.0919243270273,0.532280730215671,0.810048173794278,0.990003694443457,0.937776980397888,0.736120772741452,0.532280730215671
23.10192516043,0.532280730215671,0.810032718985598,0.989990253272184,0.937820739210893,0.736165649404774,0.532280730215671
23.1119259938328,0.532280730215671,0.81001719756696,0.989976717719319,0.937864818905393,0.736210933169284,0.532280730215671
23.1219268272356,0.532280730215671,0.810001610561561,0.989963088314009,0.937909217197243,0.736256622122494,0.532280730215671
23.1319276606384,0.532280730215671,0.809985958989282,0.989949365586919,0.937953931795906,0.736302714343589,0.532280730215671
23.1419284940412,0.532280730215671,0.809970243862768,0.989935550067111,0.937998960414987,0.736349207915293,0.532280730215671
23.151929327444,0.532280730215671,0.809954466183672,0.989921642279034,0.938044300782431,0.736396100935438,0.532280730215671
23.1619301608467,0.532280730215671,0.809938626939067,0.989907642739612,0.938089950650331,0.736443391528104,0.532280730215671
23.1719309942495,0.532280730215671,0.809922727098077,0.989893551955468,0.938135907804272,0.736491077854284,0.532280730215671
23.1819318276523,0.532280730215671,0.809906767608709,0.989879370420294,0.938182170072173,0.736539158122032,0.532280730215671
23.1919326610551,0.532280730215671,0.809890749394935,0.989865098612368,0.93822873533257,0.736587630596007,0.532280730215671
23.2019334944579,0.532280730215671,0.809874673354013,0.989850736992254,0.938275601522314,0.736636493606381,0.532280730215671
23.2119343278607,0.532280730215671,0.809858540354068,0.989836286000684,0.938322766643623,0.736685745557073,0.532280730215671
23.2219351612634,0.532280730215671,0.809842351231951,0.989821746056623,0.938370228770472,0.736735384933242,0.532280730215671
23.2319359946662,0.532280730215671,0.809826106791366,0.989807117555551,0.938417986054297,0.736785410308033,0.532280730215671
23.241936828069,0.532280730215671,0.809809807801293,0.989792400867938,0.938466036728972,0.736835820348543,0.532280730215671
23.2519376614718,0.532280730215671,0.809793454994683,0.989777596337948,0.938514379115064,0.736886613820957,0.532280730215671
23.2619384948746,0.532280730215671,0.809777049067457,0.989762704282351,0.938563011623347,0.736937789594889,0.532280730215671
23.2719393282774,0.532280730215671,0.809760590677778,0.989747724989657,0.938611932757562,0.736989346646875,0.532280730215671
23.2819401616801,0.532280730215671,0.809744080445626,0.989732658719476,0.938661141116437,0.737041284063023,0.532280730215671
23.2919409950829,0.532280730215671,0.809727518952638,0.989717505702096,0.938710635394959,0.737093601040838,0.532280730215671
23.3019418284857,0.532280730215671,0.809710906742232,0.989702266138276,0.938760414384919,0.737146296890214,0.532280730215671
23.3119426618885,0.532280730215671,0.809694244320004,0.989686940199257,0.938810476974725,0.737199371033607,0.532280730215671
23.3219434952913,0.532280730215671,0.80967753215437,0.989671528026988,0.938860822148533,0.737252823005414,0.532280730215671
23.3319443286941,0.532280730215671,0.809660770677468,0.989656029734543,0.938911448984685,0.737306652450567,0.532280730215671
23.3419451620968,0.532280730215671,0.809643960286286,0.989640445406749,0.938962356653511,0.737360859122386,0.532280730215671
23.3519459954996,0.532280730215671,0.809627101344017,0.989624775100991,0.939013544414493,0.737415442879712,0.532280730215671
23.3619468289024,0.532280730215671,0.809610194181622,0.9896090188482,0.939065011612868,0.737470403683351,0.532280730215671
23.3719476623052,0.532280730215671,0.809593239099578,0.989593176654006,0.939116757675661,0.737525741591889,0.532280730215671
23.381948495708,0.532280730215671,0.809576236369805,0.989577248500052,0.939168782107224,0.737581456756888,0.532280730215671
23.3919493291108,0.532280730215671,0.809559186237753,0.989561234345444,0.939221084484305,0.737637549417545,0.532280730215671
23.4019501625135,0.532280730215671,0.809542088924618,0.989545134128342,0.939273664450697,0.737694019894833,0.532280730215671
23.4119509959163,0.532280730215671,0.80952494462969,0.989528947767658,0.939326521711512,0.737750868585195,0.532280730215671
23.4219518293191,0.532280730215671,0.809507753532797,0.989512675164863,0.939379656027129,0.737808095953827,0.532280730215671
23.4319526627219,0.532280730215671,0.809490515796826,0.989496316205885,0.939433067206865,0.737865702527616,0.532280730215671
23.4419534961247,0.532280730215671,0.809473231570323,0.989479870763079,0.939486755102417,0.737923688887779,0.532280730215671
23.4519543295275,0.532280730215671,0.809455900990124,0.989463338697254,0.939540719601123,0.737982055662275,0.532280730215671
23.4619551629302,0.532280730215671,0.80943852418401,0.989446719859749,0.939594960619098,0.738040803518021,0.532280730215671
23.471955996333,0.532280730215671,0.809421101273385,0.989430014094541,0.939649478094287,0.738099933152983,0.532280730215671
23.4819568297358,0.532280730215671,0.80940363237592,0.989413221240361,0.939704271979489,0.738159445288209,0.532280730215671
23.4919576631386,0.532280730215671,0.809386117608188,0.989396341132819,0.939759342235399,0.738219340659825,0.532280730215671
23.5019584965414,0.532280730215671,0.809368557088237,0.98937937360651,0.939814688823711,0.738279620011084,0.532280730215671
23.5119593299442,0.532280730215671,0.809350950938116,0.9893623184971,0.93987031170033,0.738340284084498,0.532280730215671
23.5219601633469,0.532280730215671,0.809333299286303,0.989345175643363,0.939926210808739,0.73840133361411,0.532280730215671
23.5319609967497,0.532280730215671,0.809315602270063,0.989327944889173,0.939982386073554,0.738462769317945,0.532280730215671
23.5419618301525,0.532280730215671,0.809297860037679,0.98931062608543,0.94003883739431,0.738524591890713,0.532280730215671
23.5519626635553,0.532280730215671,0.809280072750573,0.989293219091904,0.940095564639529,0.73858680199677,0.532280730215671
23.5619634969581,0.532280730215671,0.809262240585307,0.989275723779007,0.940152567641064,0.738649400263405,0.532280730215671
23.5719643303609,0.532280730215671,0.809244363735412,0.989258140029444,0.940209846188803,0.738712387274488,0.532280730215671
23.5819651637636,0.532280730215671,0.809226442413108,0.989240467739789,0.940267400025711,0.738775763564481,0.532280730215671
23.5919659971664,0.532280730215671,0.80920847685083,0.989222706821922,0.940325228843275,0.738839529612904,0.532280730215671
23.6019668305692,0.532280730215671,0.809190467302612,0.989204857204362,0.940383332277348,0.738903685839224,0.532280730215671
23.611967663972,0.532280730215671,0.809172414045286,0.989186918833465,0.940441709904414,0.738968232598217,0.532280730215671
23.6219684973748,0.532280730215671,0.809154317379519,0.989168891674494,0.940500361238305,0.739033170175838,0.532280730215671
23.6319693307776,0.532280730215671,0.809136177630667,0.989150775712551,0.940559285727362,0.739098498785573,0.532280730215671
23.6419701641803,0.532280730215671,0.809117995149445,0.989132570953376,0.94061848275206,0.739164218565326,0.532280730215671
23.6519709975831,0.532280730215671,0.80909977031243,0.989114277423995,0.940677951623101,0.739230329574847,0.532280730215671
23.6619718309859,0.532280730215671,0.809081503522374,0.989095895173234,0.940737691579969,0.739296831793665,0.532280730215671
23.6719726643887,0.532280730215671,0.809063195208346,0.989077424272087,0.940797701789962,0.739363725119584,0.532280730215671
23.6819734977915,0.532280730215671,0.809044845825704,0.989058864813942,0.940857981347679,0.739431009367693,0.532280730215671
23.6919743311943,0.532280730215671,0.809026455855891,0.989040216914671,0.940918529274964,0.739498684269926,0.532280730215671
23.701975164597,0.532280730215671,0.809008025806072,0.989021480712575,0.940979344521292,0.739566749475119,0.532280730215671
23.7119759979998,0.532280730215671,0.808989556208611,0.989002656368203,0.941040425964601,0.739635204549587,0.532280730215671
23.7219768314026,0.532280730215671,0.808971047620403,0.988983744064033,0.941101772412521,0.739704048978194,0.532280730215671
23.7319776648054,0.532280730215671,0.808952500622057,0.988964744004036,0.941163382604011,0.739773282165887,0.532280730215671
23.7419784982082,0.532280730215671,0.808933915816953,0.988945656413117,0.94122525521138,0.739842903439697,0.532280730215671
23.751979331611,0.532280730215671,0.808915293830164,0.988926481536441,0.941287388842652,0.739912912051148,0.532280730215671
23.7619801650137,0.532280730215671,0.80889663530728,0.988907219638661,0.94134978204427,0.739983307179097,0.532280730215671
23.7719809984165,0.532280730215671,0.808877940913114,0.988887871003038,0.941412433304106,0.740054087932924,0.532280730215671
23.7819818318193,0.532280730215671,0.808859211330325,0.988868435930476,0.94147534105474,0.740125253356075,0.532280730215671
23.7919826652221,0.532280730215671,0.808840447257959,0.98884891473848,0.941538503677005,0.740196802429934,0.532280730215671
23.8019834986249,0.532280730215671,0.808821649409915,0.988829307760033,0.941601919503736,0.740268734077944,0.532280730215671
23.8119843320277,0.532280730215671,0.808802818513363,0.988809615342414,0.941665586823719,0.740341047170006,0.532280730215671
23.8219851654305,0.532280730215671,0.808783955307106,0.988789837845961,0.941729503885794,0.740413740527073,0.532280730215671
23.8319859988332,0.532280730215671,0.808765060539925,0.988769975642789,0.94179366890309,0.740486812925919,0.532280730215671
23.841986832236,0.532280730215671,0.808746134968884,0.988750029115475,0.941858080057349,0.740560263104055,0.532280730215671
23.8519876656388,0.532280730215671,0.808727179357636,0.988729998655712,0.941922735503325,0.740634089764747,0.532280730215671
23.8619884990416,0.532280730215671,0.808708194474732,0.988709884662954,0.94198763337321,0.740708291582101,0.532280730215671
23.8719893324444,0.532280730215671,0.808689181091936,0.988689687543053,0.942052771781063,0.740782867206178,0.532280730215671
23.8819901658472,0.532280730215671,0.808670139982572,0.988669407706892,0.942118148827221,0.740857815268108,0.532280730215671
23.8919909992499,0.532280730215671,0.808651071919899,0.988649045569038,0.942183762602649,0.740933134385169,0.532280730215671
23.9019918326527,0.532280730215671,0.808631977675538,0.988628601546417,0.942249611193206,0.741008823165796,0.532280730215671
23.9119926660555,0.532280730215671,0.808612858017938,0.988608076057005,0.942315692683809,0.741084880214481,0.532280730215671
23.9219934994583,0.532280730215671,0.808593713710927,0.988587469518577,0.942382005162458,0.74116130413655,0.532280730215671
23.9319943328611,0.532280730215671,0.80857454551231,0.988566782347476,0.942448546724107,0.741238093542775,0.532280730215671
23.9419951662639,0.532280730215671,0.808555354172564,0.988546014957461,0.942515315474351,0.741315247053787,0.532280730215671
23.9519959996666,0.532280730215671,0.808536140433609,0.988525167758588,0.942582309532919,0.7413927633043,0.532280730215671
23.9619968330694,0.532280730215671,0.808516905027666,0.988504241156175,0.942649527036944,0.741470640947068,0.532280730215671
23.9719976664722,0.532280730215671,0.808497648676225,0.988483235549827,0.942716966144004,0.741548878656606,0.532280730215671
23.981998499875,0.532280730215671,0.808478372089095,0.988462151332539,0.942784625034915,0.741627475132618,0.532280730215671
23.9919993332778,0.532280730215671,0.808459075963578,0.988440988889878,0.942852501916254,0.741706429103146,0.532280730215671
24.0020001666806,0.532280730215671,0.808439760983733,0.988419748599251,0.94292059502262,0.7417857393274,0.532280730215671
24.0120010000833,0.532280730215671,0.808420427819762,0.988398430829252,0.942988902618618,0.741865404598266,0.532280730215671
24.0220018334861,0.532280730215671,0.808401077127494,0.988377035939107,0.943057423000545,0.741945423744498,0.532280730215671
24.0320026668889,0.532280730215671,0.808381709547995,0.988355564278199,0.943126154497803,0.742025795632556,0.532280730215671
24.0420035002917,0.532280730215671,0.808362325707271,0.988334016185696,0.943195095474005,0.742106519168118,0.532280730215671
24.0520043336945,0.532280730215671,0.808342926216099,0.988312391990259,0.943264244327803,0.74218759329724,0.532280730215671
24.0620051670973,0.532280730215671,0.80832351166995,0.988290692009849,0.943333599493418,0.742269017007171,0.532280730215671
24.0720060005,0.532280730215671,0.80830408264903,0.98826891655162,0.943403159440892,0.742350789326837,0.532280730215671
24.0820068339028,0.532280730215671,0.808284639718409,0.988247065911911,0.943472922676053,0.74243290932698,0.532280730215671
24.0920076673056,0.532280730215671,0.808265183428267,0.988225140376309,0.943542887740216,0.742515376119971,0.532280730215671
24.1020085007084,0.532280730215671,0.808245714314219,0.988203140219814,0.943613053209615,0.742598188859299,0.532280730215671
24.1120093341112,0.532280730215671,0.808226232897736,0.988181065707075,0.943683417694586,0.742681346738755,0.532280730215671
24.122010167514,0.532280730215671,0.808206739686649,0.988158917092705,0.943753979838513,0.742764848991321,0.532280730215671
24.1320110009167,0.532280730215671,0.808187235175734,0.988136694621678,0.94382473831654,0.742848694887766,0.532280730215671
24.1420118343195,0.532280730215671,0.808167719847369,0.98811439852979,0.943895691834083,0.742932883734983,0.532280730215671
24.1520126677223,0.532280730215671,0.808148194172251,0.988092029044184,0.943966839125131,0.743017414874078,0.532280730215671
24.1620135011251,0.532280730215671,0.808128658610182,0.988069586383941,0.944038178950383,0.74310228767822,0.532280730215671
24.1720143345279,0.532280730215671,0.808109113610903,0.98804707076072,0.944109710095212,0.743187501550285,0.532280730215671
24.1820151679307,0.532280730215671,0.808089559614969,0.988024482379455,0.944181431367492,0.743273055920307,0.532280730215671
24.1920160013334,0.532280730215671,0.808069997054669,0.988001821439086,0.944253341595296,0.743358950242768,0.532280730215671
24.2020168347362,0.532280730215671,0.808050426354977,0.987979088133337,0.94432543962449,0.74344518399372,0.532280730215671
24.212017668139,0.532280730215671,0.808030847934518,0.98795628265152,0.944397724316236,0.743531756667803,0.532280730215671
24.2220185015418,0.532280730215671,0.808011262206562,0.987933405179366,0.944470194544436,0.743618667775152,0.532280730215671
24.2320193349446,0.532280730215671,0.807991669580015,0.987910455899876,0.944542849193119,0.743705916838224,0.532280730215671
24.2420201683474,0.532280730215671,0.807972070460422,0.987887434994186,0.944615687153802,0.743793503388571,0.532280730215671
24.2520210017501,0.532280730215671,0.80795246525096,0.987864342642433,0.944688707322839,0.743881426963576,0.532280730215671
24.2620218351529,0.532280730215671,0.807932854353417,0.987841179024635,0.944761908598786,0.743969687103186,0.532280730215671
24.2720226685557,0.532280730215671,0.807913238169158,0.987817944321552,0.944835289879775,0.744058283346646,0.532280730215671
24.2820235019585,0.532280730215671,0.807893617100063,0.987794638715544,0.944908850060955,0.74414721522927,0.532280730215671
24.2920243353613,0.532280730215671,0.807873991549438,0.987771262391417,0.94498258803197,0.744236482279269,0.532280730215671
24.3020251687641,0.532280730215671,0.807854361922882,0.987747815537232,0.945056502674525,0.744326084014646,0.532280730215671
24.3120260021668,0.532280730215671,0.807834728629126,0.987724298345112,0.945130592860043,0.744416019940185,0.532280730215671
24.3220268355696,0.532280730215671,0.807815092080813,0.987700711011993,0.945204857447423,0.744506289544555,0.532280730215671
24.3320276689724,0.532280730215671,0.807795452695236,0.987677053740358,0.94527929528091,0.744596892297528,0.532280730215671
24.3420285023752,0.532280730215671,0.807775810895022,0.98765332673892,0.945353905188109,0.744687827647358,0.532280730215671
24.352029335778,0.532280730215671,0.807756167108753,0.98762953022327,0.94542868597812,0.744779095018296,0.532280730215671
24.3620301691808,0.532280730215671,0.807736521771529,0.987605664416474,0.94550363643984,0.744870693808292,0.532280730215671
24.3720310025835,0.532280730215671,0.80771687532548,0.98758172954962,0.945578755340405,0.744962623386866,0.532280730215671
24.3820318359863,0.532280730215671,0.807697228220191,0.987557725862315,0.94565404142381,0.745054883093175,0.532280730215671
24.3920326693891,0.532280730215671,0.807677580913077,0.987533653603126,0.945729493409689,0.74514747223428,0.532280730215671
24.4020335027919,0.532280730215671,0.80765793386969,0.987509513029971,0.945805109992273,0.745240390083609,0.532280730215671
24.4120343361947,0.532280730215671,0.807638287563951,0.98748530441044,0.945880889839525,0.745333635879651,0.532280730215671
24.4220351695975,0.532280730215671,0.80761864247832,0.987461028022072,0.94595683159245,0.745427208824845,0.532280730215671
24.4320360030002,0.532280730215671,0.807598999103899,0.987436684152566,0.946032933864587,0.745521108084695,0.532280730215671
24.442036836403,0.532280730215671,0.807579357940464,0.987412273099932,0.94610919524168,0.745615332787107,0.532280730215671
24.4520376698058,0.532280730215671,0.807559719496436,0.987387795172585,0.946185614281523,0.74570988202194,0.532280730215671
24.4620385032086,0.532280730215671,0.807540084288788,0.987363250689387,0.946262189513977,0.745804754840769,0.532280730215671
24.4720393366114,0.532280730215671,0.807520452842889,0.987338639979621,0.946338919441162,0.745899950256869,0.532280730215671
24.4820401700142,0.532280730215671,0.807500825692287,0.98731396338292,0.946415802537808,0.745995467245391,0.532280730215671
24.492041003417,0.532280730215671,0.80748120337845,0.987289221249135,0.946492837251764,0.74609130474376,0.532280730215671
24.5020418368197,0.532280730215671,0.807461586450425,0.987264413938156,0.94657002200466,0.74618746165225,0.532280730215671
24.5120426702225,0.532280730215671,0.807441975464482,0.987239541819683,0.946647355192713,0.74628393683475,0.532280730215671
24.5220435036253,0.532280730215671,0.807422370983687,0.987214605272947,0.946724835187661,0.746380729119707,0.532280730215671
24.5320443370281,0.532280730215671,0.80740277357744,0.987189604686395,0.946802460337828,0.746477837301233,0.532280730215671
24.5420451704309,0.532280730215671,0.807383183820981,0.987164540457322,0.946880228969302,0.746575260140363,0.532280730215671
24.5520460038337,0.532280730215671,0.807363602294849,0.987139412991481,0.946958139387217,0.746672996366466,0.532280730215671
24.5620468372364,0.532280730215671,0.807344029584329,0.987114222702645,0.947036189877127,0.746771044678767,0.532280730215671
24.5720476706392,0.532280730215671,0.807324466278853,0.987088970012148,0.947114378706469,0.746869403748006,0.532280730215671
24.582048504042,0.532280730215671,0.807304912971401,0.9870636553484,0.947192704126083,0.746968072218177,0.532280730215671
24.5920493374448,0.532280730215671,0.807285370257865,0.98703827914637,0.947271164371808,0.747067048708381,0.532280730215671
24.6020501708476,0.532280730215671,0.807265838736421,0.987012841847059,0.947349757666108,0.747166331814719,0.532280730215671
24.6120510042504,0.532280730215671,0.807246319006878,0.986987343896962,0.947428482219747,0.747265920112285,0.532280730215671
24.6220518376531,0.532280730215671,0.807226811670034,0.986961785747501,0.94750733623348,0.747365812157157,0.532280730215671
24.6320526710559,0.532280730215671,0.807207317327029,0.986936167854475,0.947586317899757,0.747466006488467,0.532280730215671
24.6420535044587,0.532280730215671,0.807187836578699,0.986910490677489,0.947665425404426,0.747566501630441,0.532280730215671
24.6520543378615,0.532280730215671,0.807168370024951,0.986884754679394,0.94774465692843,0.74766729609447,0.532280730215671
24.6620551712643,0.532280730215671,0.807148918264142,0.986858960325722,0.947824010649476,0.747768388381162,0.532280730215671
24.6720560046671,0.532280730215671,0.807129481892479,0.986833108084142,0.947903484743677,0.747869776982354,0.532280730215671
24.6820568380698,0.532280730215671,0.807110061503432,0.986807198423915,0.947983077387148,0.747971460383106,0.532280730215671
24.6920576714726,0.532280730215671,0.807090657687191,0.986781231815375,0.948062786757552,0.748073437063624,0.532280730215671
24.7020585048754,0.532280730215671,0.80707127103012,0.986755208729415,0.948142611035592,0.748175705501135,0.532280730215671
24.7120593382782,0.532280730215671,0.807051902114268,0.986729129637009,0.948222548406422,0.748278264171681,0.532280730215671
24.722060171681,0.532280730215671,0.807032551516892,0.986702995008745,0.948302597060996,0.748381111551824,0.532280730215671
24.7320610050838,0.532280730215671,0.807013219810031,0.986676805314392,0.948382755197324,0.748484246120266,0.532280730215671
24.7420618384865,0.532280730215671,0.806993907560103,0.986650561022492,0.948463021021644,0.748587666359355,0.532280730215671
24.7520626718893,0.532280730215671,0.806974615327543,0.986624262599981,0.948543392749506,0.748691370756494,0.532280730215671
24.7620635052921,0.532280730215671,0.806955343666486,0.986597910511848,0.948623868606748,0.748795357805424,0.532280730215671
24.7720643386949,0.532280730215671,0.806936093124479,0.98657150522082,0.948704446830372,0.748899626007379,0.532280730215671
24.7820651720977,0.532280730215671,0.806916864242248,0.986545047187089,0.948785125669323,0.74900417387213,0.532280730215671
24.7920660055005,0.532280730215671,0.806897657553494,0.98651853686807,0.948865903385153,0.749108999918878,0.532280730215671
24.8020668389032,0.532280730215671,0.806878473584734,0.986491974718197,0.948946778252578,0.749214102677023,0.532280730215671
24.812067672306,0.532280730215671,0.806859312855187,0.986465361188756,0.949027748559932,0.749319480686794,0.532280730215671
24.8220685057088,0.532280730215671,0.806840175876697,0.986438696727758,0.949108812609502,0.74942513249974,0.532280730215671
24.8320693391116,0.532280730215671,0.806821063153694,0.986411981779842,0.949189968717768,0.749531056679082,0.532280730215671
24.8420701725144,0.532280730215671,0.806801975183201,0.986385216786224,0.949271215215524,0.749637251799931,0.532280730215671
24.8520710059172,0.532280730215671,0.806782912454876,0.986358402184675,0.949352550447903,0.749743716449375,0.532280730215671
24.8620718393199,0.532280730215671,0.806763875451085,0.986331538409536,0.949433972774299,0.749850449226413,0.532280730215671
24.8720726727227,0.532280730215671,0.806744864647017,0.986304625891771,0.949515480568195,0.749957448741793,0.532280730215671
24.8820735061255,0.532280730215671,0.806725880510833,0.986277665059049,0.949597072216885,0.750064713617694,0.532280730215671
24.8920743395283,0.532280730215671,0.806706923503839,0.98625065633586,0.949678746121127,0.750172242487303,0.532280730215671
24.9020751729311,0.532280730215671,0.806687994080694,0.986223600143658,0.949760500694695,0.750280033994283,0.532280730215671
24.9120760063339,0.532280730215671,0.806669092689644,0.98619649690104,0.949842334363862,0.750388086792116,0.532280730215671
24.9220768397366,0.532280730215671,0.806650219772776,0.986169347023942,0.949924245566809,0.750496399543365,0.532280730215671
24.9320776731394,0.532280730215671,0.806631375766303,0.986142150925864,0.950006232752964,0.750604970918824,0.532280730215671
24.9420785065422,0.532280730215671,0.806612561100862,0.986114909018119,0.950088294382291,0.750713799596597,0.532280730215671
24.952079339945,0.532280730215671,0.806593776201821,0.986087621710101,0.950170428924515,0.750822884261096,0.532280730215671
24.9620801733478,0.532280730215671,0.806575021489619,0.986060289409563,0.950252634858311,0.750932223601957,0.532280730215671
24.9720810067506,0.532280730215671,0.806556297380101,0.986032912522926,0.950334910670449,0.751041816312921,0.532280730215671
24.9820818401533,0.532280730215671,0.806537604284872,0.986005491455587,0.950417254854905,0.751151661090641,0.532280730215671
24.9920826735561,0.532280730215671,0.806518942611643,0.98597802661224,0.950499665911961,0.751261756633463,0.532280730215671
25.0020835069589,0.532280730215671,0.8065003127646,0.98595051839721,0.950582142347268,0.751372101640159,0.532280730215671
25.0120843403617,0.532280730215671,0.806481715144758,0.985922967214788,0.950664682670916,0.751482694808659,0.532280730215671
25.0220851737645,0.532280730215671,0.806463150150313,0.985895373469569,0.950747285396495,0.751593534834743,0.532280730215671
25.0320860071673,0.532280730215671,0.806444618177005,0.985867737566794,0.950829949040154,0.75170462041075,0.532280730215671
25.04208684057,0.532280730215671,0.806426119618453,0.985840059912682,0.950912672119682,0.751815950224283,0.532280730215671
25.0520876739728,0.532280730215671,0.8064076548665,0.985812340914766,0.950995453153594,0.751927522956906,0.532280730215671
25.0620885073756,0.532280730215671,0.806389224311527,0.985784580982221,0.951078290660249,0.752039337282917,0.532280730215671
25.0720893407784,0.532280730215671,0.806370828342777,0.985756780526179,0.951161183156992,0.752151391868073,0.532280730215671
25.0820901741812,0.532280730215671,0.806352467348647,0.985728939960035,0.951244129159329,0.752263685368425,0.532280730215671
25.092091007584,0.532280730215671,0.806334141716957,0.985701059699743,0.951327127180147,0.752376216429149,0.532280730215671
25.1020918409867,0.532280730215671,0.806315851835231,0.985673140164098,0.951410175728965,0.752488983683441,0.532280730215671
25.1120926743895,0.532280730215671,0.806297598090918,0.985645181774994,0.951493273311254,0.752601985751481,0.532280730215671
25.1220935077923,0.532280730215671,0.806279380871626,0.985617184957678,0.951576418427787,0.752715221239436,0.532280730215671
25.1320943411951,0.532280730215671,0.806261200565312,0.985589150140969,0.951659609574056,0.752828688738557,0.532280730215671
25.1420951745979,0.532280730215671,0.806243057560459,0.985561077757475,0.951742845239743,0.752942386824319,0.532280730215671
25.1520960080007,0.532280730215671,0.806224952246226,0.985532968243768,0.951826123908258,0.753056314055668,0.532280730215671
25.1620968414035,0.532280730215671,0.806206885012577,0.98550482204056,0.951909444056328,0.753170468974323,0.532280730215671
25.1720976748062,0.532280730215671,0.806188856250376,0.985476639592838,0.951992804153658,0.753284850104168,0.532280730215671
25.182098508209,0.532280730215671,0.806170866351475,0.985448421349984,0.952076202662657,0.753399455950745,0.532280730215671
25.1920993416118,0.532280730215671,0.806152915708752,0.98542016776587,0.952159638038225,0.753514285000796,0.532280730215671
25.2021001750146,0.532280730215671,0.806135004716152,0.985391879298933,0.952243108727608,0.753629335721937,0.532280730215671
25.2121010084174,0.532280730215671,0.806117133768681,0.985363556412218,0.952326613170318,0.75374460656238,0.532280730215671
25.2221018418202,0.532280730215671,0.806099303262389,0.985335199573405,0.952410149798117,0.753860095950768,0.532280730215671
25.2321026752229,0.532280730215671,0.806081513594326,0.985306809254809,0.952493717035065,0.753975802296089,0.532280730215671
25.2421035086257,0.532280730215671,0.806063765162474,0.985278385933361,0.952577313297629,0.754091723987664,0.532280730215671
25.2521043420285,0.532280730215671,0.806046058365664,0.985249930090561,0.952660936994845,0.754207859395241,0.532280730215671
25.2621051754313,0.532280730215671,0.806028393603461,0.985221442212411,0.952744586528555,0.754324206869141,0.532280730215671
25.2721060088341,0.532280730215671,0.806010771276043,0.985192922789335,0.952828260293674,0.754440764740511,0.532280730215671
25.2821068422369,0.532280730215671,0.805993191784049,0.985164372316065,0.952911956678533,0.75455753132163,0.532280730215671
25.2921076756396,0.532280730215671,0.805975655528424,0.985135791291524,0.952995674065248,0.754674504906291,0.532280730215671
25.3021085090424,0.532280730215671,0.805958162910235,0.985107180218677,0.953079410830154,0.754791683770259,0.532280730215671
25.3121093424452,0.532280730215671,0.805940714330486,0.98507853960438,0.953163165344263,0.754909066171772,0.532280730215671
25.322110175848,0.532280730215671,0.805923310189909,0.985049869959197,0.953246935973771,0.755026650352123,0.532280730215671
25.3321110092508,0.532280730215671,0.805905950888751,0.985021171797222,0.953330721080596,0.755144434536271,0.532280730215671
25.3421118426536,0.532280730215671,0.805888636826554,0.984992445635877,0.953414519022935,0.755262416933516,0.532280730215671
25.3521126760563,0.532280730215671,0.805871368401922,0.984963691995702,0.953498328155864,0.755380595738203,0.532280730215671
25.3621135094591,0.532280730215671,0.805854146012282,0.984934911400136,0.953582146831943,0.75549896913047,0.532280730215671
25.3721143428619,0.532280730215671,0.80583697005365,0.984906104375294,0.953665973401844,0.755617535277022,0.532280730215671
25.3821151762647,0.532280730215671,0.805819840920382,0.984877271449733,0.95374980621499,0.755736292331931,0.532280730215671
25.3921160096675,0.532280730215671,0.805802759004931,0.984848413154216,0.953833643620201,0.755855238437451,0.532280730215671
25.4021168430703,0.532280730215671,0.805785724697608,0.984819530021477,0.953917483966347,0.755974371724851,0.532280730215671
25.412117676473,0.532280730215671,0.805768738386336,0.984790622585977,0.954001325602995,0.756093690315249,0.532280730215671
25.4221185098758,0.532280730215671,0.805751800456416,0.984761691383667,0.954085166881053,0.756213192320449,0.532280730215671
25.4321193432786,0.532280730215671,0.805734911290291,0.984732736951749,0.954169006153407,0.756332875843778,0.532280730215671
25.4421201766814,0.532280730215671,0.805718071267324,0.984703759828444,0.954252841775544,0.756452738980906,0.532280730215671
25.4521210100842,0.532280730215671,0.805701280763579,0.984674760552761,0.954336672106166,0.75657277982066,0.532280730215671
25.462121843487,0.532280730215671,0.805684540151612,0.984645739664276,0.954420495507767,0.756692996445806,0.532280730215671
25.4721226768897,0.532280730215671,0.805667849800268,0.984616697702909,0.954504310347212,0.756813386933819,0.532280730215671
25.4821235102925,0.532280730215671,0.805651210074499,0.984587635208726,0.954588114996269,0.756933949357616,0.532280730215671
25.4921243436953,0.532280730215671,0.805634621335181,0.984558552721732,0.954671907832131,0.757054681786265,0.532280730215671
25.5021251770981,0.532280730215671,0.805618083938956,0.984529450781685,0.95475568723789,0.757175582285643,0.532280730215671
25.5121260105009,0.532280730215671,0.805601598238081,0.984500329927924,0.954839451602995,0.757296648919069,0.532280730215671
25.5221268439037,0.532280730215671,0.805585164580285,0.984471190699198,0.954923199323668,0.757417879747884,0.532280730215671
25.5321276773064,0.532280730215671,0.805568783308653,0.984442033633517,0.955006928803286,0.757539272831991,0.532280730215671
25.5421285107092,0.532280730215671,0.80555245476152,0.984412859268014,0.955090638452716,0.757660826230342,0.532280730215671
25.552129344112,0.532280730215671,0.805536179272374,0.984383668138819,0.955174326690636,0.757782538001383,0.532280730215671
25.5621301775148,0.532280730215671,0.805519957169783,0.984354460780949,0.955257991943794,0.757904406203436,0.532280730215671
25.5721310109176,0.532280730215671,0.805503788777328,0.984325237728211,0.955341632647236,0.758026428895035,0.532280730215671
25.5821318443204,0.532280730215671,0.805487674413562,0.984295999513124,0.9554252472445,0.758148604135216,0.532280730215671
25.5921326777231,0.532280730215671,0.805471614391977,0.984266746666847,0.955508834187759,0.758270929983734,0.532280730215671
25.6021335111259,0.532280730215671,0.805455609020982,0.984237479719132,0.955592391937943,0.758393404501247,0.532280730215671
25.6121343445287,0.532280730215671,0.805439658603912,0.984208199198285,0.955675918964799,0.758516025749426,0.532280730215671
25.6221351779315,0.532280730215671,0.805423763439028,0.984178905631141,0.955759413746938,0.758638791791039,0.532280730215671
25.6321360113343,0.532280730215671,0.805407923819544,0.984149599543057,0.95584287477183,0.758761700689949,0.532280730215671
25.6421368447371,0.532280730215671,0.805392140033673,0.984120281457914,0.955926300535768,0.758884750511098,0.532280730215671
25.6521376781398,0.532280730215671,0.80537641236467,0.984090951898139,0.956009689543803,0.759007939320408,0.532280730215671
25.6621385115426,0.532280730215671,0.805360741090893,0.984061611384729,0.95609304030964,0.759131265184667,0.532280730215671
25.6721393449454,0.532280730215671,0.805345126485882,0.984032260437299,0.956176351355509,0.759254726171342,0.532280730215671
25.6821401783482,0.532280730215671,0.805329568818434,0.984002899574127,0.956259621212014,0.759378320348377,0.532280730215671
25.692141011751,0.532280730215671,0.8053140683527,0.983973529312226,0.956342848417936,0.759502045783924,0.532280730215671
25.7021418451538,0.532280730215671,0.805298625348282,0.983944150167411,0.956426031520042,0.759625900546066,0.532280730215671
25.7121426785565,0.532280730215671,0.80528324006034,0.983914762654383,0.956509169072842,0.759749882702483,0.532280730215671
25.7221435119593,0.532280730215671,0.805267912739702,0.983885367286816,0.956592259638356,0.759873990320105,0.532280730215671
25.7321443453621,0.532280730215671,0.805252643632991,0.983855964577456,0.956675301785846,0.759998221464729,0.532280730215671
25.7421451787649,0.532280730215671,0.805237432982736,0.983826555038222,0.956758294091536,0.760122574200613,0.532280730215671
25.7521460121677,0.532280730215671,0.805222281027507,0.98379713918031,0.956841235138334,0.760247046590061,0.532280730215671
25.7621468455705,0.532280730215671,0.805207188002035,0.98376771751431,0.956924123515528,0.760371636692978,0.532280730215671
25.7721476789732,0.532280730215671,0.805192154137348,0.983738290550316,0.957006957818491,0.760496342566421,0.532280730215671
25.782148512376,0.532280730215671,0.805177179660897,0.983708858798039,0.957089736648374,0.760621162264142,0.532280730215671
25.7921493457788,0.532280730215671,0.805162264796684,0.983679422766932,0.957172458611801,0.760746093836123,0.532280730215671
25.8021501791816,0.532280730215671,0.805147409765393,0.983649982966299,0.957255122320564,0.760871135328106,0.532280730215671
25.8121510125844,0.532280730215671,0.805132614784512,0.983620539905415,0.957337726391324,0.76099628478114,0.532280730215671
25.8221518459872,0.532280730215671,0.805117880068456,0.98359109409364,0.957420269445315,0.76112154023111,0.532280730215671
25.8321526793899,0.532280730215671,0.805103205828683,0.983561646040529,0.957502750108062,0.7612468997083,0.532280730215671
25.8421535127927,0.532280730215671,0.80508859227381,0.983532196255942,0.957585167009102,0.761372361236946,0.532280730215671
25.8521543461955,0.532280730215671,0.805074039609722,0.983502745250146,0.95766751878172,0.761497922834821,0.532280730215671
25.8621551795983,0.532280730215671,0.805059548039668,0.983473293533916,0.957749804062702,0.761623582512823,0.532280730215671
25.8721560130011,0.532280730215671,0.80504511776436,0.983443841618625,0.957832021492099,0.761749338274597,0.532280730215671
25.8821568464039,0.532280730215671,0.805030748982061,0.983414390016333,0.957914169713009,0.761875188116169,0.532280730215671
25.8921576798067,0.532280730215671,0.805016441888665,0.983384939239868,0.957996247371381,0.76200113002561,0.532280730215671
25.9021585132094,0.532280730215671,0.805002196677769,0.983355489802894,0.958078253115833,0.762127161982727,0.532280730215671
25.9121593466122,0.532280730215671,0.804988013540738,0.983326042219979,0.958160185597491,0.762253281958782,0.532280730215671
25.922160180015,0.532280730215671,0.80497389266676,0.983296597006651,0.958242043469856,0.762379487916235,0.532280730215671
25.9321610134178,0.532280730215671,0.804959834242896,0.983267154679443,0.958323825388684,0.762505777808535,0.532280730215671
25.9421618468206,0.532280730215671,0.804945838454109,0.983237715755937,0.958405530011892,0.76263214957993,0.532280730215671
25.9521626802234,0.532280730215671,0.804931905483311,0.983208280754786,0.958487155999488,0.762758601165303,0.532280730215671
25.9621635136261,0.532280730215671,0.804918035511361,0.983178850195741,0.958568702013524,0.762885130490071,0.532280730215671
25.9721643470289,0.532280730215671,0.804904228717099,0.983149424599661,0.958650166718065,0.763011735470084,0.532280730215671
25.9821651804317,0.532280730215671,0.80489048527733,0.98312000448851,0.958731548779192,0.763138414011587,0.532280730215671
25.9921660138345,0.532280730215671,0.804876805366831,0.983090590385358,0.958812846865018,0.763265164011196,0.532280730215671
26.0021668472373,0.532280730215671,0.804863189158332,0.983061182814358,0.958894059645729,0.763391983355917,0.532280730215671
26.0121676806401,0.532280730215671,0.804849636822496,0.983031782300724,0.958975185793647,0.763518869923205,0.532280730215671
26.0221685140428,0.532280730215671,0.804836148527886,0.983002389370697,0.959056223983311,0.76364582158104,0.532280730215671
26.0321693474456,0.532280730215671,0.804822724440934,0.982973004551503,0.959137172891583,0.763772836188047,0.532280730215671
26.0421701808484,0.532280730215671,0.80480936472589,0.982943628371302,0.959218031197762,0.763899911593646,0.532280730215671
26.0521710142512,0.532280730215671,0.804796069544782,0.982914261359131,0.959298797583732,0.764027045638222,0.532280730215671
26.062171847654,0.532280730215671,0.80478283905735,0.98288490404484,0.959379470734108,0.76415423615333,0.532280730215671
26.0721726810568,0.532280730215671,0.804769673420986,0.982855556959017,0.959460049336412,0.764281480961932,0.532280730215671
26.0821735144595,0.532280730215671,0.804756572790677,0.982826220632916,0.959540532081253,0.76440877787864,0.532280730215671
26.0921743478623,0.532280730215671,0.804743537318921,0.982796895598368,0.959620917662528,0.764536124710004,0.532280730215671
26.1021751812651,0.532280730215671,0.804730567155662,0.982767582387695,0.959701204777626,0.764663519254804,0.532280730215671
26.1121760146679,0.532280730215671,0.804717662448212,0.982738281533618,0.959781392127645,0.764790959304365,0.532280730215671
26.1221768480707,0.532280730215671,0.804704823341161,0.982708993569154,0.959861478417622,0.764918442642893,0.532280730215671
26.1321776814735,0.532280730215671,0.804692049976309,0.982679719027525,0.959941462356757,0.765045967047819,0.532280730215671
26.1421785148762,0.532280730215671,0.804679342492572,0.982650458442046,0.960021342658659,0.765173530290158,0.532280730215671
26.152179348279,0.532280730215671,0.804666701025903,0.982621212346024,0.960101118041581,0.765301130134878,0.532280730215671
26.1621801816818,0.532280730215671,0.804654125709205,0.982591981272648,0.960180787228663,0.765428764341271,0.532280730215671
26.1721810150846,0.532280730215671,0.80464161667225,0.982562765754888,0.960260348948181,0.76555643066334,0.532280730215671
26.1821818484874,0.532280730215671,0.80462917404159,0.982533566325376,0.960339801933781,0.765684126850176,0.532280730215671
26.1921826818902,0.532280730215671,0.80461679794048,0.982504383516308,0.960419144924724,0.765811850646348,0.532280730215671
26.2021835152929,0.532280730215671,0.8046044884888,0.982475217859331,0.960498376666129,0.76593959979228,0.532280730215671
26.2121843486957,0.532280730215671,0.804592245802971,0.982446069885441,0.960577495909193,0.766067372024638,0.532280730215671
26.2221851820985,0.532280730215671,0.804580069995888,0.982416940124876,0.960656501411426,0.766195165076695,0.532280730215671
26.2321860155013,0.532280730215671,0.80456796117684,0.982387829107017,0.960735391936867,0.766322976678702,0.532280730215671
26.2421868489041,0.532280730215671,0.804555919451456,0.982358737360289,0.960814166256295,0.766450804558245,0.532280730215671
26.2521876823069,0.532280730215671,0.80454394492163,0.982329665412066,0.960892823147432,0.766578646440596,0.532280730215671
26.2621885157096,0.532280730215671,0.804532037685465,0.982300613788579,0.960971361395133,0.766706500049042,0.532280730215671
26.2721893491124,0.532280730215671,0.804520197837226,0.98227158301483,0.961049779791566,0.766834363105204,0.532280730215671
26.2821901825152,0.532280730215671,0.804508425467282,0.982242573614508,0.961128077136382,0.76696223332935,0.532280730215671
26.292191015918,0.532280730215671,0.804496720662069,0.982213586109915,0.961206252236871,0.767090108440677,0.532280730215671
26.3021918493208,0.532280730215671,0.804485083504046,0.982184621021887,0.961284303908107,0.767217986157586,0.532280730215671
26.3121926827236,0.532280730215671,0.804473514071668,0.982155678869731,0.961362230973078,0.767345864197938,0.532280730215671
26.3221935161263,0.532280730215671,0.804462012439353,0.982126760171161,0.961440032262803,0.767473740279288,0.532280730215671
26.3321943495291,0.532280730215671,0.804450578677471,0.982097865442243,0.961517706616436,0.767601612119097,0.532280730215671
26.3421951829319,0.532280730215671,0.804439212852314,0.982068995197343,0.961595252881354,0.76772947743493,0.532280730215671
26.3521960163347,0.532280730215671,0.804427915026095,0.98204014994908,0.961672669913236,0.767857333944638,0.532280730215671
26.3621968497375,0.532280730215671,0.804416685256948,0.982011330208293,0.961749956576122,0.767985179366503,0.532280730215671
26.3721976831403,0.532280730215671,0.804405523598912,0.981982536483997,0.961827111742462,0.768113011419379,0.532280730215671
26.382198516543,0.532280730215671,0.804394430101957,0.981953769283366,0.961904134293152,0.768240827822806,0.532280730215671
26.3921993499458,0.532280730215671,0.804383404811989,0.981925029111702,0.961981023117556,0.76836862629711,0.532280730215671
26.4022001833486,0.532280730215671,0.804372447770861,0.981896316472423,0.962057777113509,0.768496404563468,0.532280730215671
26.4122010167514,0.532280730215671,0.804361559016398,0.98186763186705,0.962134395187326,0.76862416034398,0.532280730215671
26.4222018501542,0.532280730215671,0.804350738582433,0.981838975795198,0.962210876253774,0.768751891361693,0.532280730215671
26.432202683557,0.532280730215671,0.804339986498825,0.981810348754579,0.962287219236053,0.768879595340631,0.532280730215671
26.4422035169597,0.532280730215671,0.8043293027915,0.981781751240998,0.962363423065761,0.769007270005805,0.532280730215671
26.4522043503625,0.532280730215671,0.804318687482489,0.981753183748367,0.962439486682843,0.769134913083192,0.532280730215671
26.4622051837653,0.532280730215671,0.804308140589974,0.981724646768711,0.962515409035536,0.769262522299716,0.532280730215671
26.4722060171681,0.532280730215671,0.804297662128327,0.981696140792187,0.962591189080312,0.769390095383211,0.532280730215671
26.4822068505709,0.532280730215671,0.804287252108161,0.981667666307098,0.962666825781799,0.769517630062368,0.532280730215671
26.4922076839737,0.532280730215671,0.804276910536385,0.981639223799916,0.96274231811271,0.769645124066675,0.532280730215671
26.5022085173764,0.532280730215671,0.80426663741625,0.981610813755306,0.962817665053755,0.769772575126346,0.532280730215671
26.5122093507792,0.532280730215671,0.804256432747411,0.981582436656155,0.962892865593559,0.769899980972245,0.532280730215671
26.522210184182,0.532280730215671,0.804246296525975,0.981554092983591,0.962967918728563,0.7700273393358,0.532280730215671
26.5322110175848,0.532280730215671,0.804236228744565,0.981525783217024,0.963042823462937,0.770154647948906,0.532280730215671
26.5422118509876,0.532280730215671,0.804226229392373,0.98149750783417,0.963117578808477,0.770281904543835,0.532280730215671
26.5522126843904,0.532280730215671,0.804216298455225,0.981469267311082,0.963192183784509,0.770409106853135,0.532280730215671
26.5622135177932,0.532280730215671,0.804206435915631,0.981441062122186,0.963266637417792,0.770536252609539,0.532280730215671
26.5722143511959,0.532280730215671,0.804196641752847,0.98141289274031,0.963340938742417,0.770663339545853,0.532280730215671
26.5822151845987,0.532280730215671,0.804186915942931,0.981384759636716,0.963415086799711,0.770790365394866,0.532280730215671
26.5922160180015,0.532280730215671,0.8041772584588,0.981356663281131,0.963489080638141,0.770917327889256,0.532280730215671
26.6022168514043,0.532280730215671,0.804167669270287,0.981328604141779,0.963562919313222,0.771044224761491,0.532280730215671
26.6122176848071,0.532280730215671,0.804158148344187,0.981300582685408,0.963636601887431,0.771171053743753,0.532280730215671
26.6222185182099,0.532280730215671,0.804148695644316,0.981272599377316,0.963710127430113,0.771297812567841,0.532280730215671
26.6322193516126,0.532280730215671,0.804139311131559,0.981244654681379,0.963783495017407,0.771424498965118,0.532280730215671
26.6422201850154,0.532280730215671,0.804129994763918,0.981216749060072,0.963856703732171,0.771551110666431,0.532280730215671
26.6522210184182,0.532280730215671,0.804120746496549,0.98118888297449,0.963929752663905,0.771677645402057,0.532280730215671
26.662221851821,0.532280730215671,0.804111566281817,0.981161056884368,0.964002640908694,0.771804100901668,0.532280730215671
26.6722226852238,0.532280730215671,0.804102454069327,0.981133271248095,0.964075367569148,0.771930474894278,0.532280730215671
26.6822235186266,0.532280730215671,0.80409340980596,0.981105526522726,0.964147931754346,0.772056765108235,0.532280730215671
26.6922243520293,0.532280730215671,0.804084433435913,0.981077823163991,0.964220332579799,0.772182969271193,0.532280730215671
26.7022251854321,0.532280730215671,0.804075524900725,0.981050161626303,0.964292569167411,0.772309085110131,0.532280730215671
26.7122260188349,0.532280730215671,0.804066684139306,0.98102254236276,0.964364640645444,0.772435110351346,0.532280730215671
26.7222268522377,0.532280730215671,0.804057911087964,0.980994965825145,0.964436546148503,0.77256104272049,0.532280730215671
26.7322276856405,0.532280730215671,0.804049205680418,0.980967432463919,0.964508284817518,0.772686879942605,0.532280730215671
26.7422285190433,0.532280730215671,0.804040567847824,0.980939942728219,0.964579855799736,0.772812619742178,0.532280730215671
26.752229352446,0.532280730215671,0.804031997518793,0.980912497065843,0.964651258248721,0.772938259843203,0.532280730215671
26.7622301858488,0.532280730215671,0.804023494619394,0.980885095923237,0.964722491324364,0.773063797969261,0.532280730215671
26.7722310192516,0.532280730215671,0.804015059073165,0.980857739745477,0.964793554192893,0.77318923184361,0.532280730215671
26.7822318526544,0.532280730215671,0.804006690801132,0.980830428976252,0.964864446026898,0.773314559189291,0.532280730215671
26.7922326860572,0.532280730215671,0.803998389721791,0.980803164057833,0.964935166005357,0.773439777729246,0.532280730215671
26.80223351946,0.532280730215671,0.803990155751128,0.980775945431052,0.96500571331367,0.773564885186446,0.532280730215671
26.8122343528627,0.532280730215671,0.80398198880261,0.980748773535271,0.965076087143702,0.773689879284026,0.532280730215671
26.8222351862655,0.532280730215671,0.803973888787179,0.980721648808346,0.965146286693821,0.773814757745446,0.532280730215671
26.8322360196683,0.532280730215671,0.803965855613254,0.980694571686596,0.965216311168959,0.77393951829465,0.532280730215671
26.8422368530711,0.532280730215671,0.803957889186714,0.980667542604764,0.96528615978066,0.774064158656235,0.532280730215671
26.8522376864739,0.532280730215671,0.803949989410899,0.980640561995975,0.965355831747146,0.774188676555635,0.532280730215671
26.8622385198767,0.532280730215671,0.803942156186587,0.980613630291696,0.965425326293375,0.774313069719312,0.532280730215671
26.8722393532794,0.532280730215671,0.803934389411993,0.980586747921692,0.965494642651111,0.774437335874951,0.532280730215671
26.8822401866822,0.532280730215671,0.803926688982752,0.980559915313982,0.965563780058997,0.774561472751662,0.532280730215671
26.892241020085,0.532280730215671,0.803919054791902,0.98053313289479,0.965632737762622,0.774685478080205,0.532280730215671
26.9022418534878,0.532280730215671,0.803911486729873,0.980506401088498,0.9657015150146,0.774809349593182,0.532280730215671
26.9122426868906,0.532280730215671,0.803903984684467,0.980479720317595,0.965770111074644,0.774933085025282,0.532280730215671
26.9222435202934,0.532280730215671,0.80389654854085,0.980453091002635,0.965838525209641,0.775056682113484,0.532280730215671
26.9322443536961,0.532280730215671,0.803889178181531,0.980426513562178,0.965906756693733,0.7751801385973,0.532280730215671
26.9422451870989,0.532280730215671,0.803881873486347,0.980399988412747,0.965974804808389,0.775303452218992,0.532280730215671
26.9522460205017,0.532280730215671,0.80387463433245,0.980373515968774,0.966042668842486,0.775426620723806,0.532280730215671
26.9622468539045,0.532280730215671,0.803867460594293,0.980347096642551,0.966110348092382,0.775549641860202,0.532280730215671
26.9722476873073,0.532280730215671,0.803860352143613,0.980320730844182,0.966177841861987,0.77567251338008,0.532280730215671
26.9822485207101,0.532280730215671,0.803853308849425,0.980294418981533,0.966245149462841,0.775795233039012,0.532280730215671
26.9922493541128,0.532280730215671,0.803846330578001,0.980268161460186,0.966312270214177,0.775917798596462,0.532280730215671
27.0022501875156,0.532280730215671,0.803839417192872,0.980241958683392,0.96637920344299,0.776040207816015,0.532280730215671
27.0122510209184,0.532280730215671,0.803832568554808,0.980215811052023,0.966445948484102,0.776162458465588,0.532280730215671
27.0222518543212,0.532280730215671,0.803825784521822,0.980189718964532,0.966512504680221,0.776284548317651,0.532280730215671
27.032252687724,0.532280730215671,0.803819064949151,0.980163682816909,0.966578871381997,0.776406475149434,0.532280730215671
27.0422535211268,0.532280730215671,0.803812409689264,0.980137703002636,0.966645047948073,0.776528236743133,0.532280730215671
27.0522543545295,0.532280730215671,0.80380581859186,0.980111779912658,0.966711033745139,0.776649830886112,0.532280730215671
27.0622551879323,0.532280730215671,0.803799291503861,0.980085913935336,0.966776828147965,0.776771255371086,0.532280730215671
27.0722560213351,0.532280730215671,0.803792828269421,0.980060105456419,0.966842430539453,0.776892507996319,0.532280730215671
27.0822568547379,0.532280730215671,0.80378642872993,0.980034354859007,0.966907840310662,0.777013586565798,0.532280730215671
27.0922576881407,0.532280730215671,0.803780092724014,0.980008662523523,0.966973056860843,0.777134488889401,0.532280730215671
27.1022585215435,0.532280730215671,0.803773820087557,0.979983028827684,0.967038079597463,0.777255212783076,0.532280730215671
27.1122593549462,0.532280730215671,0.8037676106537,0.979957454146473,0.967102907936222,0.777375756068978,0.532280730215671
27.122260188349,0.532280730215671,0.803761464252858,0.97993193885212,0.967167541301071,0.777496116575638,0.532280730215671
27.1322610217518,0.532280730215671,0.80375538071274,0.979906483314073,0.967231979124222,0.777616292138095,0.532280730215671
27.1422618551546,0.532280730215671,0.803749359858366,0.979881087898987,0.967296220846155,0.77773628059803,0.532280730215671
27.1522626885574,0.532280730215671,0.803743401512078,0.979855752970702,0.967360265915615,0.777856079803897,0.532280730215671
27.1622635219602,0.532280730215671,0.803737505493574,0.979830478890228,0.967424113789611,0.777975687611042,0.532280730215671
27.1722643553629,0.532280730215671,0.803731671619924,0.979805266015737,0.967487763933405,0.778095101881811,0.532280730215671
27.1822651887657,0.532280730215671,0.8037258997056,0.979780114702546,0.967551215820505,0.778214320485669,0.532280730215671
27.1922660221685,0.532280730215671,0.803720189562503,0.979755025303113,0.967614468932642,0.778333341299271,0.532280730215671
27.2022668555713,0.532280730215671,0.80371454099999,0.97972999816703,0.967677522759754,0.778452162206588,0.532280730215671
27.2122676889741,0.532280730215671,0.803708953824907,0.979705033641017,0.967740376799959,0.778570781098965,0.532280730215671
27.2222685223769,0.532280730215671,0.803703427841622,0.97968013206892,0.967803030559528,0.778689195875214,0.532280730215671
27.2322693557796,0.532280730215671,0.80369796285206,0.979655293791708,0.967865483552854,0.778807404441687,0.532280730215671
27.2422701891824,0.532280730215671,0.803692558655734,0.979630519147475,0.967927735302422,0.778925404712346,0.532280730215671
27.2522710225852,0.532280730215671,0.803687215049789,0.979605808471441,0.967989785338766,0.779043194608819,0.532280730215671
27.262271855988,0.532280730215671,0.803681931829032,0.979581162095956,0.968051633200434,0.779160772060473,0.532280730215671
27.2722726893908,0.532280730215671,0.803676708785974,0.979556580350499,0.96811327843395,0.77927813500447,0.532280730215671
27.2822735227936,0.532280730215671,0.803671545710869,0.979532063561689,0.968174720593766,0.779395281385804,0.532280730215671
27.2922743561964,0.532280730215671,0.803666442391751,0.979507612053286,0.968235959242221,0.77951220915738,0.532280730215671
27.3022751895991,0.532280730215671,0.803661398614481,0.9794832261462,0.968296993949495,0.779628916280034,0.532280730215671
27.3122760230019,0.532280730215671,0.803656414162782,0.979458906158497,0.968357824293566,0.779745400722606,0.532280730215671
27.3222768564047,0.532280730215671,0.80365148881828,0.979434652405407,0.968418449860159,0.779861660461966,0.532280730215671
27.3322776898075,0.532280730215671,0.803646622360546,0.979410465199327,0.968478870242701,0.779977693483072,0.532280730215671
27.3422785232103,0.532280730215671,0.803641814567136,0.979386344849836,0.968539085042275,0.780093497779014,0.532280730215671
27.352279356613,0.532280730215671,0.803637065213639,0.979362291663697,0.968599093867573,0.780209071351055,0.532280730215671
27.3622801900158,0.532280730215671,0.803632374073705,0.979338305944867,0.968658896334848,0.78032441220868,0.532280730215671
27.3722810234186,0.532280730215671,0.803627740919094,0.979314387994501,0.968718492067873,0.780439518369646,0.532280730215671
27.3822818568214,0.532280730215671,0.803623165519711,0.979290538110965,0.968777880697891,0.780554387860033,0.532280730215671
27.3922826902242,0.532280730215671,0.803618647643649,0.979266756589836,0.968837061863577,0.780669018714285,0.532280730215671
27.402283523627,0.532280730215671,0.803614187057224,0.979243043723908,0.968896035210991,0.780783408975274,0.532280730215671
27.4122843570298,0.532280730215671,0.80360978352501,0.979219399803204,0.968954800393544,0.780897556694358,0.532280730215671
27.4222851904325,0.532280730215671,0.803605436809889,0.979195825114972,0.969013357071952,0.781011459931434,0.532280730215671
27.4322860238353,0.532280730215671,0.803601146673064,0.979172319943691,0.969071704914205,0.781125116755001,0.532280730215671
27.4422868572381,0.532280730215671,0.803596912874114,0.979148884571077,0.969129843595531,0.781238525242234,0.532280730215671
27.4522876906409,0.532280730215671,0.803592735171019,0.979125519276077,0.96918777279836,0.781351683479049,0.532280730215671
27.4622885240437,0.532280730215671,0.803588613320193,0.979102224334879,0.969245492212299,0.781464589560177,0.532280730215671
27.4722893574465,0.532280730215671,0.803584547076514,0.979079000020903,0.9693030015341,0.781577241589244,0.532280730215671
27.4822901908492,0.532280730215671,0.803580536193358,0.979055846604802,0.969360300467633,0.781689637678857,0.532280730215671
27.492291024252,0.532280730215671,0.803576580422625,0.979032764354461,0.969417388723869,0.781801775950691,0.532280730215671
27.5022918576548,0.532280730215671,0.803572679514767,0.97900975353499,0.969474266020848,0.781913654535569,0.532280730215671
27.5122926910576,0.532280730215671,0.803568833218821,0.978986814408719,0.969530932083672,0.782025271573575,0.532280730215671
27.5222935244604,0.532280730215671,0.803565041282422,0.978963947235195,0.969587386644477,0.782136625214149,0.532280730215671
27.5322943578632,0.532280730215671,0.803561303451839,0.978941152271169,0.969643629442428,0.782247713616184,0.532280730215671
27.5422951912659,0.532280730215671,0.803557619471991,0.978918429770592,0.9696996602237,0.782358534948144,0.532280730215671
27.5522960246687,0.532280730215671,0.803553989086477,0.978895779984603,0.969755478741473,0.782469087388176,0.532280730215671
27.5622968580715,0.532280730215671,0.803550412037586,0.978873203161516,0.969811084755921,0.782579369124229,0.532280730215671
27.5722976914743,0.532280730215671,0.803546888066326,0.978850699546814,0.969866478034206,0.782689378354165,0.532280730215671
27.5822985248771,0.532280730215671,0.803543416912443,0.97882826938313,0.969921658350477,0.782799113285901,0.532280730215671
27.5922993582799,0.532280730215671,0.803539998314429,0.978805912910235,0.969976625485861,0.782908572137523,0.532280730215671
27.6023001916826,0.532280730215671,0.803536632009555,0.978783630365027,0.97003137922847,0.783017753137424,0.532280730215671
27.6123010250854,0.532280730215671,0.803533317733872,0.978761421981511,0.970085919373396,0.783126654524438,0.532280730215671
27.6223018584882,0.532280730215671,0.803530055222242,0.978739287990785,0.970140245722713,0.783235274547978,0.532280730215671
27.632302691891,0.532280730215671,0.803526844208341,0.978717228621022,0.970194358085487,0.783343611468178,0.532280730215671
27.6423035252938,0.532280730215671,0.803523684424677,0.978695244097455,0.97024825627777,0.783451663556028,0.532280730215671
27.6523043586966,0.532280730215671,0.803520575602606,0.978673334642356,0.97030194012261,0.783559429093527,0.532280730215671
27.6623051920993,0.532280730215671,0.803517517472348,0.978651500475022,0.970355409450059,0.783666906373822,0.532280730215671
27.6723060255021,0.532280730215671,0.803514509762994,0.978629741811753,0.970408664097173,0.783774093701358,0.532280730215671
27.6823068589049,0.532280730215671,0.803511552202523,0.978608058865834,0.970461703908024,0.783880989392022,0.532280730215671
27.6923076923077,0.532280730215671,0.803508644517817,0.97858645184752,0.9705145287337,0.783987591773298,0.532280730215671
27.7023085257105,0.532280730215671,0.803505786434669,0.97856492096401,0.970567138432321,0.784093899184404,0.532280730215671
27.7123093591133,0.532280730215671,0.803502977677801,0.978543466419437,0.970619532869035,0.784199909976457,0.532280730215671
27.722310192516,0.532280730215671,0.80350021797087,0.978522088414841,0.970671711916033,0.784305622512606,0.532280730215671
27.7323110259188,0.532280730215671,0.803497507036492,0.978500787148158,0.970723675452546,0.784411035168181,0.532280730215671
27.7423118593216,0.532280730215671,0.803494844596244,0.978479562814197,0.970775423364859,0.784516146330854,0.532280730215671
27.7523126927244,0.532280730215671,0.80349223037068,0.978458415604623,0.970826955546309,0.784620954400761,0.532280730215671
27.7623135261272,0.532280730215671,0.803489664079356,0.978437345707944,0.970878271897289,0.784725457790667,0.532280730215671
27.77231435953,0.532280730215671,0.803487145440832,0.978416353309488,0.970929372325251,0.784829654926089,0.532280730215671
27.7823151929327,0.532280730215671,0.803484674172685,0.978395438591392,0.970980256744711,0.784933544245454,0.532280730215671
27.7923160263355,0.532280730215671,0.803482249991538,0.978374601732584,0.971030925077242,0.785037124200217,0.532280730215671
27.8023168597383,0.532280730215671,0.803479872613063,0.978353842908769,0.971081377251481,0.785140393255015,0.532280730215671
27.8123176931411,0.532280730215671,0.803477541752006,0.978333162292416,0.971131613203117,0.785243349887783,0.532280730215671
27.8223185265439,0.532280730215671,0.803475257122199,0.978312560052743,0.971181632874895,0.78534599258989,0.532280730215671
27.8323193599467,0.532280730215671,0.80347301843658,0.978292036355706,0.971231436216606,0.785448319866267,0.532280730215671
27.8423201933494,0.532280730215671,0.803470825407211,0.978271591363987,0.971281023185082,0.785550330235526,0.532280730215671
27.8523210267522,0.532280730215671,0.803468677745298,0.978251225236986,0.971330393744184,0.785652022230079,0.532280730215671
27.862321860155,0.532280730215671,0.803466575161208,0.978230938130805,0.971379547864797,0.785753394396263,0.532280730215671
27.8723226935578,0.532280730215671,0.803464517364498,0.978210730198247,0.971428485524813,0.785854445294436,0.532280730215671
27.8823235269606,0.532280730215671,0.803462504063923,0.978190601588805,0.971477206709118,0.7859551734991,0.532280730215671
27.8923243603634,0.532280730215671,0.803460534967476,0.978170552448652,0.971525711409578,0.786055577599006,0.532280730215671
27.9023251937661,0.532280730215671,0.803458609782393,0.978150582920644,0.971573999625022,0.786155656197247,0.532280730215671
27.9123260271689,0.532280730215671,0.803456728215191,0.978130693144305,0.971622071361223,0.786255407911363,0.532280730215671
27.9223268605717,0.532280730215671,0.803454889971684,0.978110883255831,0.971669926630875,0.786354831373437,0.532280730215671
27.9323276939745,0.532280730215671,0.803453094757011,0.978091153388084,0.971717565453576,0.786453925230175,0.532280730215671
27.9423285273773,0.532280730215671,0.803451342275664,0.978071503670588,0.971764987855801,0.786552688143012,0.532280730215671
27.9523293607801,0.532280730215671,0.803449632231512,0.978051934229535,0.971812193870878,0.786651118788184,0.532280730215671
27.9623301941828,0.532280730215671,0.803447964327829,0.978032445187775,0.971859183538962,0.786749215856808,0.532280730215671
27.9723310275856,0.532280730215671,0.803446338267323,0.978013036664825,0.971905956907009,0.786846978054966,0.532280730215671
27.9823318609884,0.532280730215671,0.803444753752163,0.977993708776868,0.971952514028743,0.786944404103779,0.532280730215671
27.9923326943912,0.532280730215671,0.803443210484006,0.977974461636751,0.97199885496463,0.787041492739473,0.532280730215671
28.002333527794,0.532280730215671,0.803441708164031,0.977955295353995,0.972044979781847,0.787138242713455,0.532280730215671
28.0123343611968,0.532280730215671,0.803440246492968,0.977936210034793,0.972090888554248,0.787234652792378,0.532280730215671
28.0223351945995,0.532280730215671,0.803438825171125,0.977917205782019,0.97213658136233,0.787330721758199,0.532280730215671
28.0323360280023,0.532280730215671,0.803437443898417,0.977898282695226,0.972182058293204,0.787426448408243,0.532280730215671
28.0423368614051,0.532280730215671,0.803436102374405,0.977879440870659,0.972227319440557,0.787521831555272,0.532280730215671
28.0523376948079,0.532280730215671,0.803434800298317,0.977860680401254,0.972272364904617,0.787616870027526,0.532280730215671
28.0623385282107,0.532280730215671,0.803433537369087,0.977842001376651,0.97231719479212,0.787711562668789,0.532280730215671
28.0723393616135,0.532280730215671,0.803432313285382,0.977823403883193,0.97236180921627,0.78780590833844,0.532280730215671
28.0823401950163,0.532280730215671,0.803431127745635,0.97780488800394,0.97240620829671,0.787899905911506,0.532280730215671
28.092341028419,0.532280730215671,0.80342998044807,0.977786453818671,0.972450392159476,0.787993554278708,0.532280730215671
28.1023418618218,0.532280730215671,0.803428871090747,0.977768101403895,0.97249436093697,0.788086852346519,0.532280730215671
28.1123426952246,0.532280730215671,0.803427799371577,0.977749830832853,0.972538114767916,0.788179799037206,0.532280730215671
28.1223435286274,0.532280730215671,0.803426764988361,0.977731642175533,0.972581653797328,0.78827239328888,0.532280730215671
28.1323443620302,0.532280730215671,0.803425767638821,0.97771353549867,0.972624978176475,0.788364634055543,0.532280730215671
28.142345195433,0.532280730215671,0.803424807020631,0.977695510865761,0.972668088062838,0.788456520307136,0.532280730215671
28.1523460288357,0.532280730215671,0.803423882831441,0.977677568337067,0.972710983620082,0.788548051029583,0.532280730215671
28.1623468622385,0.532280730215671,0.803422994768909,0.977659707969622,0.972753665018016,0.788639225224837,0.532280730215671
28.1723476956413,0.532280730215671,0.803422142530735,0.977641929817242,0.972796132432562,0.788730041910933,0.532280730215671
28.1823485290441,0.532280730215671,0.803421325814685,0.977624233930529,0.972838386045715,0.788820500122018,0.532280730215671
28.1923493624469,0.532280730215671,0.803420544318623,0.977606620356884,0.972880426045514,0.788910598908415,0.532280730215671
28.2023501958497,0.532280730215671,0.80341979774053,0.977589089140504,0.972922252626008,0.789000337336659,0.532280730215671
28.2123510292524,0.532280730215671,0.803419085778542,0.977571640322399,0.972963865987221,0.789089714489541,0.532280730215671
28.2223518626552,0.532280730215671,0.803418408130973,0.977554273940394,0.973005266335122,0.789178729466163,0.532280730215671
28.232352696058,0.532280730215671,0.803417764496336,0.97753699002913,0.973046453881595,0.789267381381982,0.532280730215671
28.2423535294608,0.532280730215671,0.803417154573375,0.977519788620079,0.973087428844407,0.789355669368856,0.532280730215671
28.2523543628636,0.532280730215671,0.803416578061086,0.977502669741544,0.973128191447175,0.789443592575092,0.532280730215671
28.2623551962664,0.532280730215671,0.80341603465875,0.977485633418663,0.973168741919345,0.78953115016549,0.532280730215671
28.2723560296691,0.532280730215671,0.803415524065937,0.977468679673418,0.973209080496157,0.789618341321408,0.532280730215671
28.2823568630719,0.532280730215671,0.803415045982552,0.977451808524637,0.97324920741862,0.789705165240791,0.532280730215671
28.2923576964747,0.532280730215671,0.80341460010884,0.977435019987997,0.973289122933487,0.789791621138236,0.532280730215671
28.3023585298775,0.532280730215671,0.80341418614542,0.977418314076029,0.973328827293225,0.789877708245037,0.532280730215671
28.3123593632803,0.532280730215671,0.803413803793297,0.977401690798126,0.973368320755994,0.789963425809229,0.532280730215671
28.3223601966831,0.532280730215671,0.803413452753888,0.977385150160534,0.973407603585619,0.790048773095654,0.532280730215671
28.3323610300858,0.532280730215671,0.803413132729038,0.977368692166371,0.973446676051569,0.790133749386,0.532280730215671
28.3423618634886,0.532280730215671,0.803412843421043,0.977352316815616,0.973485538428934,0.790218353978855,0.532280730215671
28.3523626968914,0.532280730215671,0.803412584532667,0.977336024105118,0.973524190998398,0.790302586189768,0.532280730215671
28.3623635302942,0.532280730215671,0.80341235576716,0.977319814028597,0.973562634046224,0.790386445351286,0.532280730215671
28.372364363697,0.532280730215671,0.803412156828275,0.977303686576647,0.973600867864226,0.790469930813015,0.532280730215671
28.3823651970998,0.532280730215671,0.803411987420288,0.977287641736735,0.973638892749752,0.790553041941675,0.532280730215671
28.3923660305025,0.532280730215671,0.803411847248011,0.977271679493206,0.973676709005661,0.79063577812114,0.532280730215671
28.4023668639053,0.532280730215671,0.803411736016812,0.97725579982728,0.973714316940305,0.7907181387525,0.532280730215671
28.4123676973081,0.532280730215671,0.803411653432628,0.977240002717058,0.973751716867508,0.790800123254107,0.532280730215671
28.4223685307109,0.532280730215671,0.80341159920198,0.977224288137522,0.973788909106545,0.790881731061626,0.532280730215671
28.4323693641137,0.532280730215671,0.803411573031992,0.977208656060534,0.973825893982127,0.790962961628081,0.532280730215671
28.4423701975165,0.532280730215671,0.803411574630401,0.97719310645484,0.973862671824376,0.791043814423915,0.532280730215671
28.4523710309192,0.532280730215671,0.803411603705573,0.977177639286071,0.973899242968811,0.791124288937025,0.532280730215671
28.462371864322,0.532280730215671,0.80341165996652,0.977162254516741,0.973935607756324,0.791204384672815,0.532280730215671
28.4723726977248,0.532280730215671,0.803411743122911,0.977146952106254,0.973971766533166,0.791284101154241,0.532280730215671
28.4823735311276,0.532280730215671,0.803411852885083,0.977131732010901,0.974007719650924,0.791363437921859,0.532280730215671
28.4923743645304,0.532280730215671,0.803411988964064,0.977116594183865,0.974043467466504,0.791442394533857,0.532280730215671
28.5023751979332,0.532280730215671,0.803412151071571,0.977101538575221,0.97407901034211,0.791520970566115,0.532280730215671
28.5123760313359,0.532280730215671,0.803412338920044,0.977086565131937,0.974114348645227,0.791599165612223,0.532280730215671
28.5223768647387,0.532280730215671,0.80341255222264,0.977071673797881,0.974149482748596,0.79167697928354,0.532280730215671
28.5323776981415,0.532280730215671,0.803412790693255,0.977056864513819,0.974184413030198,0.791754411209215,0.532280730215671
28.5423785315443,0.532280730215671,0.803413054046535,0.97704213721742,0.974219139873237,0.791831461036231,0.532280730215671
28.5523793649471,0.532280730215671,0.803413341997894,0.97702749184326,0.974253663666107,0.791908128429434,0.532280730215671
28.5623801983499,0.532280730215671,0.803413654263519,0.977012928322825,0.974287984802385,0.791984413071567,0.532280730215671
28.5723810317526,0.532280730215671,0.80341399056039,0.976998446584513,0.9743221036808,0.792060314663293,0.532280730215671
28.5823818651554,0.532280730215671,0.803414350606285,0.976984046553643,0.974356020705213,0.792135832923225,0.532280730215671
28.5923826985582,0.532280730215671,0.803414734119806,0.976969728152456,0.974389736284596,0.79221096758795,0.532280730215671
28.602383531961,0.532280730215671,0.803415140820378,0.976955491300121,0.974423250833006,0.79228571841205,0.532280730215671
28.6123843653638,0.532280730215671,0.803415570428275,0.976941335912744,0.974456564769563,0.79236008516812,0.532280730215671
28.6223851987666,0.532280730215671,0.803416022664623,0.976927261903368,0.974489678518428,0.79243406764679,0.532280730215671
28.6323860321693,0.532280730215671,0.803416497251421,0.976913269181985,0.974522592508772,0.792507665656731,0.532280730215671
28.6423868655721,0.532280730215671,0.803416993911548,0.97689935765554,0.974555307174756,0.79258087902468,0.532280730215671
28.6523876989749,0.532280730215671,0.803417512368787,0.976885527227943,0.974587822955503,0.792653707595434,0.532280730215671
28.6623885323777,0.532280730215671,0.803418052347825,0.976871777800069,0.974620140295071,0.792726151231868,0.532280730215671
28.6723893657805,0.532280730215671,0.803418613574283,0.976858109269775,0.974652259642425,0.792798209814936,0.532280730215671
28.6823901991833,0.532280730215671,0.803419195774716,0.976844521531905,0.974684181451414,0.792869883243672,0.532280730215671
28.692391032586,0.532280730215671,0.803419798676634,0.976831014478297,0.974715906180736,0.792941171435195,0.532280730215671
28.7023918659888,0.532280730215671,0.803420422008518,0.976817587997799,0.974747434293913,0.793012074324698,0.532280730215671
28.7123926993916,0.532280730215671,0.803421065499826,0.976804241976271,0.974778766259265,0.793082591865446,0.532280730215671
28.7223935327944,0.532280730215671,0.803421728881024,0.976790976296607,0.974809902549869,0.793152724028772,0.532280730215671
28.7323943661972,0.532280730215671,0.80342241188358,0.976777790838736,0.974840843643542,0.793222470804062,0.532280730215671
28.7423951996,0.532280730215671,0.803423114239994,0.976764685479636,0.974871590022801,0.793291832198746,0.532280730215671
28.7523960330027,0.532280730215671,0.803423835683806,0.976751660093352,0.974902142174835,0.793360808238275,0.532280730215671
28.7623968664055,0.532280730215671,0.803424575949613,0.976738714551,0.974932500591474,0.793429398966117,0.532280730215671
28.7723976998083,0.532280730215671,0.803425334773082,0.976725848720786,0.974962665769155,0.793497604443727,0.532280730215671
28.7823985332111,0.532280730215671,0.803426111890966,0.976713062468015,0.97499263820889,0.793565424750531,0.532280730215671
28.7923993666139,0.532280730215671,0.80342690704112,0.976700355655106,0.975022418416235,0.793632859983899,0.532280730215671
28.8024002000167,0.532280730215671,0.803427719962511,0.97668772814161,0.975052006901254,0.793699910259119,0.532280730215671
28.8124010334195,0.532280730215671,0.803428550395243,0.976675179784216,0.975081404178487,0.793766575709375,0.532280730215671
28.8224018668222,0.532280730215671,0.803429398080552,0.97666271043677,0.975110610766917,0.793832856485711,0.532280730215671
28.832402700225,0.532280730215671,0.803430262760846,0.976650319950291,0.975139627189936,0.793898752757002,0.532280730215671
28.8424035336278,0.532280730215671,0.803431144179695,0.976638008172982,0.975168453975308,0.793964264709921,0.532280730215671
28.8524043670306,0.532280730215671,0.803432042081862,0.976625774950248,0.975197091655141,0.794029392548904,0.532280730215671
28.8624052004334,0.532280730215671,0.803432956213311,0.976613620124712,0.975225540765845,0.794094136496111,0.532280730215671
28.8724060338362,0.532280730215671,0.803433886321216,0.976601543536225,0.975253801848105,0.794158496791389,0.532280730215671
28.8824068672389,0.532280730215671,0.803434832153984,0.97658954502189,0.975281875446838,0.794222473692236,0.532280730215671
28.8924077006417,0.532280730215671,0.803435793461258,0.976577624416069,0.975309762111169,0.794286067473754,0.532280730215671
28.9024085340445,0.532280730215671,0.803436769993941,0.976565781550406,0.975337462394387,0.794349278428609,0.532280730215671
28.9124093674473,0.532280730215671,0.803437761504202,0.976554016253839,0.975364976853916,0.794412106866981,0.532280730215671
28.9224102008501,0.532280730215671,0.803438767745483,0.976542328352619,0.975392306051276,0.794474553116533,0.532280730215671
28.9324110342529,0.532280730215671,0.803439788472523,0.97653071767032,0.975419450552056,0.794536617522351,0.532280730215671
28.9424118676556,0.532280730215671,0.803440823441366,0.976519184027866,0.975446410925869,0.794598300446891,0.532280730215671
28.9524127010584,0.532280730215671,0.803441872409364,0.976507727243535,0.975473187746328,0.794659602269947,0.532280730215671
28.9624135344612,0.532280730215671,0.8034429351352,0.976496347132985,0.975499781591006,0.794720523388594,0.532280730215671
28.972414367864,0.532280730215671,0.803444011378891,0.976485043509266,0.975526193041402,0.794781064217126,0.532280730215671
28.9824152012668,0.532280730215671,0.803445100901799,0.976473816182836,0.975552422682911,0.794841225187016,0.532280730215671
28.9924160346696,0.532280730215671,0.803446203466643,0.976462664961578,0.975578471104784,0.794901006746855,0.532280730215671
29.0024168680723,0.532280730215671,0.803447318837511,0.976451589650819,0.9756043389001,0.794960409362301,0.532280730215671
29.0124177014751,0.532280730215671,0.80344844677986,0.976440590053341,0.97563002666573,0.795019433516022,0.532280730215671
29.0224185348779,0.532280730215671,0.803449587060535,0.976429665969404,0.975655535002304,0.795078079707642,0.532280730215671
29.0324193682807,0.532280730215671,0.803450739447771,0.976418817196756,0.975680864514177,0.795136348453674,0.532280730215671
29.0424202016835,0.532280730215671,0.803451903711201,0.976408043530653,0.975706015809397,0.795194240287464,0.532280730215671
29.0524210350863,0.532280730215671,0.803453079621868,0.976397344763874,0.975730989499674,0.795251755759145,0.532280730215671
29.062421868489,0.532280730215671,0.803454266952224,0.976386720686737,0.975755786200342,0.79530889543556,0.532280730215671
29.0724227018918,0.532280730215671,0.803455465476142,0.976376171087119,0.975780406530331,0.795365659900201,0.532280730215671
29.0824235352946,0.532280730215671,0.803456674968928,0.976365695750466,0.975804851112135,0.795422049753155,0.532280730215671
29.0924243686974,0.532280730215671,0.80345789520731,0.976355294459814,0.975829120571773,0.795478065611033,0.532280730215671
29.1024252021002,0.532280730215671,0.803459125969459,0.976344966995803,0.975853215538767,0.795533708106908,0.532280730215671
29.112426035503,0.532280730215671,0.803460367034987,0.976334713136694,0.975877136646102,0.795588977890242,0.532280730215671
29.1224268689057,0.532280730215671,0.803461618184951,0.976324532658384,0.975900884530197,0.795643875626835,0.532280730215671
29.1324277023085,0.532280730215671,0.803462879201863,0.976314425334428,0.975924459830871,0.795698401998734,0.532280730215671
29.1424285357113,0.532280730215671,0.803464149869682,0.976304390936045,0.975947863191317,0.795752557704186,0.532280730215671
29.1524293691141,0.532280730215671,0.80346542997383,0.976294429232143,0.975971095258062,0.795806343457551,0.532280730215671
29.1624302025169,0.532280730215671,0.803466719301187,0.976284539989332,0.975994156680939,0.795859759989236,0.532280730215671
29.1724310359197,0.532280730215671,0.803468017640097,0.976274722971942,0.976017048113059,0.795912808045622,0.532280730215671
29.1824318693224,0.532280730215671,0.803469324780371,0.976264977942038,0.976039770210772,0.79596548838899,0.532280730215671
29.1924327027252,0.532280730215671,0.803470640513285,0.976255304659434,0.976062323633641,0.796017801797443,0.532280730215671
29.202433536128,0.532280730215671,0.803471964631587,0.976245702881718,0.976084709044405,0.796069749064829,0.532280730215671
29.2124343695308,0.532280730215671,0.803473296929494,0.976236172364259,0.976106927108951,0.796121331000665,0.532280730215671
29.2224352029336,0.532280730215671,0.803474637202694,0.976226712860231,0.976128978496281,0.796172548430058,0.532280730215671
29.2324360363364,0.532280730215671,0.803475985248348,0.976217324120627,0.976150863878479,0.796223402193612,0.532280730215671
29.2424368697391,0.532280730215671,0.803477340865093,0.976208005894276,0.976172583930678,0.796273893147367,0.532280730215671
29.2524377031419,0.532280730215671,0.803478703853038,0.976198757927862,0.976194139331027,0.796324022162691,0.532280730215671
29.2624385365447,0.532280730215671,0.803480074013767,0.976189579965938,0.976215530760663,0.796373790126212,0.532280730215671
29.2724393699475,0.532280730215671,0.803481451150337,0.97618047175095,0.976236758903672,0.796423197939715,0.532280730215671
29.2824402033503,0.532280730215671,0.803482835067282,0.976171433023249,0.976257824447058,0.79647224652007,0.532280730215671
29.2924410367531,0.532280730215671,0.803484225570602,0.97616246352111,0.976278728080711,0.796520936799124,0.532280730215671
29.3024418701558,0.532280730215671,0.803485622467781,0.976153562980753,0.976299470497371,0.796569269723619,0.532280730215671
29.3124427035586,0.532280730215671,0.803487025567771,0.97614473113636,0.976320052392595,0.796617246255095,0.532280730215671
29.3224435369614,0.532280730215671,0.80348843468099,0.976135967720091,0.976340474464725,0.796664867369796,0.532280730215671
29.3324443703642,0.532280730215671,0.803489849619338,0.97612727246211,0.976360737414847,0.796712134058567,0.532280730215671
29.342445203767,0.532280730215671,0.803491270196179,0.976118645090596,0.976380841946764,0.796759047326756,0.532280730215671
29.3524460371698,0.532280730215671,0.803492696226346,0.976110085331768,0.976400788766955,0.796805608194114,0.532280730215671
29.3624468705725,0.532280730215671,0.803494127526143,0.976101592909902,0.976420578584543,0.796851817694698,0.532280730215671
29.3724477039753,0.532280730215671,0.803495563913336,0.976093167547352,0.976440212111256,0.796897676876751,0.532280730215671
29.3824485373781,0.532280730215671,0.803497005207164,0.976084808964572,0.976459690061392,0.796943186802611,0.532280730215671
29.3924493707809,0.532280730215671,0.803498451228322,0.976076516880131,0.976479013151782,0.796988348548588,0.532280730215671
29.4024502041837,0.532280730215671,0.803499901798977,0.976068291010741,0.976498182101755,0.797033163204862,0.532280730215671
29.4124510375865,0.532280730215671,0.803501356742746,0.976060131071274,0.976517197633098,0.797077631875372,0.532280730215671
29.4224518709892,0.532280730215671,0.803502815884718,0.97605203677478,0.976536060470017,0.797121755677696,0.532280730215671
29.432452704392,0.532280730215671,0.803504279051432,0.97604400783252,0.976554771339103,0.797165535742937,0.532280730215671
29.4424535377948,0.532280730215671,0.803505746070886,0.976036043953973,0.97657333096929,0.797208973215607,0.532280730215671
29.4524543711976,0.532280730215671,0.803507216772536,0.976028144846872,0.976591740091817,0.7972520692535,0.532280730215671
29.4624552046004,0.532280730215671,0.803508690987286,0.976020310217215,0.976609999440188,0.797294825027583,0.532280730215671
29.4724560380032,0.532280730215671,0.803510168547497,0.976012539769295,0.976628109750133,0.797337241721861,0.532280730215671
29.482456871406,0.532280730215671,0.803511649286979,0.976004833205724,0.976646071759568,0.797379320533256,0.532280730215671
29.4924577048087,0.532280730215671,0.803513133040987,0.975997190227448,0.97666388620855,0.79742106267148,0.532280730215671
29.5024585382115,0.532280730215671,0.803514619646227,0.975989610533781,0.976681553839246,0.797462469358906,0.532280730215671
29.5124593716143,0.532280730215671,0.803516108940847,0.975982093822419,0.976699075395878,0.797503541830439,0.532280730215671
29.5224602050171,0.532280730215671,0.803517600764438,0.975974639789473,0.976716451624694,0.79754428133338,0.532280730215671
29.5324610384199,0.532280730215671,0.80351909495803,0.975967248129486,0.976733683273918,0.797584689127296,0.532280730215671
29.5424618718227,0.532280730215671,0.803520591364093,0.975959918535464,0.976750771093709,0.797624766483881,0.532280730215671
29.5524627052254,0.532280730215671,0.803522089826536,0.975952650698894,0.976767715836121,0.797664514686821,0.532280730215671
29.5624635386282,0.532280730215671,0.803523590190695,0.975945444309776,0.976784518255056,0.797703935031655,0.532280730215671
29.572464372031,0.532280730215671,0.803525092303348,0.975938299056643,0.976801179106222,0.797743028825635,0.532280730215671
29.5824652054338,0.532280730215671,0.803526596012691,0.975931214626588,0.976817699147091,0.79778179738758,0.532280730215671
29.5924660388366,0.532280730215671,0.803528101168355,0.975924190705293,0.976834079136851,0.797820242047737,0.532280730215671
29.6024668722394,0.532280730215671,0.803529607621393,0.975917226977049,0.976850319836363,0.797858364147638,0.532280730215671
29.6124677056421,0.532280730215671,0.803531115224278,0.975910323124787,0.976866422008119,0.797896165039943,0.532280730215671
29.6224685390449,0.532280730215671,0.803532623830908,0.975903478830102,0.976882386416192,0.797933646088306,0.532280730215671
29.6324693724477,0.532280730215671,0.803534133296584,0.975896693773279,0.976898213826195,0.797970808667214,0.532280730215671
29.6424702058505,0.532280730215671,0.803535643478032,0.975889967633323,0.976913905005233,0.798007654161847,0.532280730215671
29.6524710392533,0.532280730215671,0.803537154233384,0.97588330008798,0.976929460721855,0.798044183967914,0.532280730215671
29.6624718726561,0.532280730215671,0.803538665422174,0.975876690813768,0.976944881746014,0.79808039949151,0.532280730215671
29.6724727060588,0.532280730215671,0.803540176905344,0.975870139486007,0.976960168849012,0.798116302148955,0.532280730215671
29.6824735394616,0.532280730215671,0.803541688545233,0.975863645778839,0.976975322803462,0.798151893366642,0.532280730215671
29.6924743728644,0.532280730215671,0.803543200205574,0.975857209365258,0.976990344383234,0.798187174580879,0.532280730215671
29.7024752062672,0.532280730215671,0.803544711751491,0.975850829917142,0.977005234363413,0.79822214723773,0.532280730215671
29.71247603967,0.532280730215671,0.803546223049494,0.975844507105273,0.977019993520246,0.798256812792855,0.532280730215671
29.7224768730728,0.532280730215671,0.803547733967481,0.975838240599374,0.977034622631101,0.79829117271135,0.532280730215671
29.7324777064755,0.532280730215671,0.80354924437472,0.975832030068126,0.977049122474412,0.798325228467586,0.532280730215671
29.7424785398783,0.532280730215671,0.803550754141858,0.975825875179203,0.977063493829636,0.798358981545049,0.532280730215671
29.7524793732811,0.532280730215671,0.803552263140906,0.9758197755993,0.977077737477205,0.798392433436168,0.532280730215671
29.7624802066839,0.532280730215671,0.803553771245242,0.97581373099416,0.977091854198471,0.798425585642156,0.532280730215671
29.7724810400867,0.532280730215671,0.803555278329598,0.975807741028598,0.977105844775666,0.798458439672846,0.532280730215671
29.7824818734895,0.532280730215671,0.803556784270061,0.975801805366538,0.977119709991845,0.798490997046518,0.532280730215671
29.7924827068922,0.532280730215671,0.803558288944062,0.975795923671033,0.977133450630843,0.798523259289733,0.532280730215671
29.802483540295,0.532280730215671,0.803559792230374,0.975790095604297,0.977147067477222,0.798555227937168,0.532280730215671
29.8124843736978,0.532280730215671,0.803561294009104,0.975784320827734,0.977160561316222,0.798586904531438,0.532280730215671
29.8224852071006,0.532280730215671,0.803562794161686,0.975778599001968,0.977173932933712,0.798618290622933,0.532280730215671
29.8324860405034,0.532280730215671,0.803564292570877,0.975772929786868,0.97718718311614,0.798649387769643,0.532280730215671
29.8424868739062,0.532280730215671,0.803565789120749,0.975767312841577,0.97720031265048,0.798680197536981,0.532280730215671
29.8524877073089,0.532280730215671,0.803567283696681,0.975761747824545,0.977213322324187,0.798710721497616,0.532280730215671
29.8624885407117,0.532280730215671,0.803568776185352,0.975756234393555,0.977226212925139,0.798740961231288,0.532280730215671
29.8724893741145,0.532280730215671,0.803570266474734,0.975750772205752,0.977238985241594,0.798770918324647,0.532280730215671
29.8824902075173,0.532280730215671,0.803571754454089,0.975745360917671,0.97725164006213,0.798800594371062,0.532280730215671
29.8924910409201,0.532280730215671,0.803573240013953,0.97574000018527,0.977264178175603,0.79882999097045,0.532280730215671
29.9024918743229,0.532280730215671,0.803574723046135,0.975734689663956,0.977276600371087,0.798859109729095,0.532280730215671
29.9124927077256,0.532280730215671,0.803576203443707,0.975729429008617,0.977288907437828,0.798887952259471,0.532280730215671
29.9224935411284,0.532280730215671,0.803577681100992,0.975724217873646,0.977301100165187,0.798916520180058,0.532280730215671
29.9324943745312,0.532280730215671,0.803579155913567,0.975719055912981,0.977313179342592,0.798944815115159,0.532280730215671
29.942495207934,0.532280730215671,0.803580627778237,0.975713942780119,0.977325145759483,0.798972838694729,0.532280730215671
29.9524960413368,0.532280730215671,0.803582096593043,0.975708878128165,0.977337000205258,0.799000592554171,0.532280730215671
29.9624968747396,0.532280730215671,0.803583562257247,0.975703861609845,0.977348743469221,0.799028078334172,0.532280730215671
29.9724977081423,0.532280730215671,0.803585024671319,0.975698892877545,0.977360376340527,0.799055297680501,0.532280730215671
29.9824985415451,0.532280730215671,0.803586483736935,0.975693971583338,0.977371899608133,0.799082252243834,0.532280730215671
29.9924993749479,0.532280730215671,0.803587939356964,0.975689097379018,0.977383314060736,0.799108943679563,0.532280730215671
30.0025002083507,0.532280730215671,0.80358939143546,0.975684269916125,0.977394620486724,0.799135373647603,0.532280730215671
30.0125010417535,0.532280730215671,0.803590839877655,0.975679488845979,0.977405819674119,0.799161543812206,0.532280730215671
30.0225018751563,0.532280730215671,0.803592284722525,0.975674753919935,0.977416912278048,0.799187455566534,0.532280730215671
30.032502708559,0.532280730215671,0.803593727068008,0.975670065688148,0.977427897898267,0.799213108115687,0.532280730215671
30.0425035419618,0.532280730215671,0.803595176774627,0.97566543131136,0.977438767414656,0.799238482551397,0.532280730215671
30.0525043753646,0.532280730215671,0.803596650077758,0.975660862741672,0.977449505416149,0.799263546891507,0.532280730215671
30.0625052087674,0.532280730215671,0.803598164916822,0.975656373181689,0.977460094893068,0.79928826583138,0.532280730215671
30.0725060421702,0.532280730215671,0.803599738627208,0.975651975360599,0.977470519495503,0.799312605419599,0.532280730215671
30.082506875573,0.532280730215671,0.803601387660943,0.97564768132487,0.977480763805857,0.799336533626414,0.532280730215671
30.0925077089757,0.532280730215671,0.803603127492389,0.975643502366299,0.977490813431967,0.799360020542076,0.532280730215671
30.1025085423785,0.532280730215671,0.803604972526658,0.975639448952686,0.977500655096047,0.799383038566236,0.532280730215671
30.1125093757813,0.532280730215671,0.803606936019471,0.975635530667588,0.97751027671121,0.799405562571296,0.532280730215671
30.1225102091841,0.532280730215671,0.803609030008962,0.975631756159404,0.977519667445293,0.799427570039189,0.532280730215671
30.1325110425869,0.532280730215671,0.803611265259489,0.975628133099821,0.977528817772129,0.799449041171807,0.532280730215671
30.1425118759897,0.532280730215671,0.803613651217423,0.975624668151487,0.977537719510515,0.799469958975614,0.532280730215671
30.1525127093925,0.532280730215671,0.803616195978782,0.975621366944762,0.977546365851206,0.799490309321115,0.532280730215671
30.1625135427952,0.532280730215671,0.803618906268417,0.97561823406325,0.9775547513724,0.799510080978136,0.532280730215671
30.172514376198,0.532280730215671,0.803621787430379,0.975615273037807,0.977562872044237,0.799529265628006,0.532280730215671
30.1825152096008,0.532280730215671,0.803624843429018,0.97561248634859,0.977570725222918,0.799547857853875,0.532280730215671
30.1925160430036,0.532280730215671,0.803628076860278,0.975609875434749,0.977578309635066,0.799565855110496,0.532280730215671
30.2025168764064,0.532280730215671,0.803631488972588,0.975607440711246,0.977585625353013,0.799583257674867,0.532280730215671
30.2125177098092,0.532280730215671,0.803635079696729,0.975605181592331,0.977592673761708,0.799600068579185,0.532280730215671
30.2225185432119,0.532280730215671,0.803638847683987,0.975603096521125,0.977599457517938,0.799616293527552,0.532280730215671
30.2325193766147,0.532280730215671,0.803642790351932,0.97560118300482,0.977605980502562,0.799631940797904,0.532280730215671
30.2425202100175,0.532280730215671,0.803646903937085,0.975599437654931,0.977612247766444,0.799647021130557,0.532280730215671
30.2525210434203,0.532280730215671,0.803651183553818,0.975597856232112,0.977618265470755,0.799661547604811,0.532280730215671
30.2625218768231,0.532280730215671,0.803655623258738,0.975596433695005,0.977624040822286,0.79967553550492,0.532280730215671
30.2725227102259,0.532280730215671,0.803660216119927,0.975595164252631,0.977629582004398,0.79968900217673,0.532280730215671
30.2825235436286,0.532280730215671,0.803664954290336,0.975594041419843,0.977634898104196,0.79970196687622,0.532280730215671
30.2925243770314,0.532280730215671,0.803669829084696,0.975593058075382,0.977639999036493,0.799714450611141,0.532280730215671
30.3025252104342,0.532280730215671,0.803674831059357,0.975592206522103,0.977644895465094,0.799726475976828,0.532280730215671
30.312526043837,0.532280730215671,0.803679950094426,0.975591478548927,0.977649598721913,0.799738066987288,0.532280730215671
30.3225268772398,0.532280730215671,0.803685175477659,0.975590865494149,0.977654120724402,0.799749248902531,0.532280730215671
30.3325277106426,0.532280730215671,0.80369049598959,0.975590358309702,0.977658473891738,0.799760048053133,0.532280730215671
30.3425285440453,0.532280730215671,0.803695899989347,0.975589947626026,0.977662671060224,0.799770491662922,0.532280730215671
30.3525293774481,0.532280730215671,0.803701375500715,0.975589623817188,0.977666725398298,0.799780607670679,0.532280730215671
30.3625302108509,0.532280730215671,0.803706910297956,0.975589377065933,0.977670650321565,0.799790424551683,0.532280730215671
30.3725310442537,0.532280730215671,0.803712491990984,0.975589197428342,0.977674459408238,0.799799971139945,0.532280730215671
30.3825318776565,0.532280730215671,0.803718108109433,0.9755890748978,0.977678166315367,0.799809276451913,0.532280730215671
30.3925327110593,0.532280730215671,0.80372374618528,0.975588999467971,0.977681784696224,0.799818369512441,0.532280730215671
30.402533544462,0.532280730215671,0.803729393833593,0.975588961194499,0.977685328119215,0.799827279183797,0.532280730215671
30.4125343778648,0.532280730215671,0.80373503883107,0.975588950255164,0.977688809988677,0.799836033998507,0.532280730215671
30.4225352112676,0.532280730215671,0.803740669192005,0.975588957008204,0.97769224346792,0.799844661996749,0.532280730215671
30.4325360446704,0.532280730215671,0.80374627324135,0.975588972048549,0.97769564140488,0.799853190569114,0.532280730215671
30.4425368780732,0.532280730215671,0.803751839684525,0.975588986261705,0.977699016260723,0.799861646305462,0.532280730215671
30.452537711476,0.532280730215671,0.803757357673694,0.975588990875027,0.977702380041762,0.79987005485063,0.532280730215671
30.4625385448787,0.532280730215671,0.80376281687017,0.975588977506138,0.977705744235042,0.799878440767751,0.532280730215671
30.4725393782815,0.532280730215671,0.803768207502672,0.975588938208245,0.977709119747912,0.799886827409898,0.532280730215671
30.4825402116843,0.532280730215671,0.80377352042114,0.975588865512125,0.977712516851938,0.799895236800772,0.532280730215671
30.4925410450871,0.532280730215671,0.80377874714587,0.975588752464553,0.977715945131476,0.799903689525137,0.532280730215671
30.5025418784899,0.532280730215671,0.803783879911686,0.975588592662967,0.977719413437184,0.799912204629618,0.532280730215671
30.5125427118927,0.532280730215671,0.803788911706939,0.975588380286163,0.977722929844799,0.799920799534521,0.532280730215671
30.5225435452954,0.532280730215671,0.803793836307127,0.975588110120857,0.977726501619397,0.799929489957198,0.532280730215671
30.5325443786982,0.532280730215671,0.80379864830295,0.975587777583948,0.977730135185402,0.79993828984748,0.532280730215671
30.542545212101,0.532280730215671,0.803803343122644,0.975587378740344,0.977733836102516,0.799947211335593,0.532280730215671
30.5525460455038,0.532280730215671,0.803807917048478,0.975586910316256,0.977737609047751,0.799956264692917,0.532280730215671
30.5625468789066,0.532280730215671,0.80381236722733,0.975586369707868,0.977741457803668,0.799965458305852,0.532280730215671
30.5725477123094,0.532280730215671,0.803816691675275,0.975585754985347,0.977745385252905,0.799974798662948,0.532280730215671
30.5825485457121,0.532280730215671,0.803820889276223,0.975585064892172,0.977749393379008,0.79998429035535,0.532280730215671
30.5925493791149,0.532280730215671,0.803824959774573,0.975584298839811,0.977753483273552,0.799993936090546,0.532280730215671
30.6025502125177,0.532280730215671,0.803828903762038,0.975583456897807,0.977757655149454,0.800003736719201,0.532280730215671
30.6125510459205,0.532280730215671,0.803832722658712,0.975582539779364,0.977761908360356,0.800013691274854,0.532280730215671
30.6225518793233,0.532280730215671,0.803836418688584,0.975581548822583,0.977766241425876,0.800023797026039,0.532280730215671
30.6325527127261,0.532280730215671,0.803839994849702,0.975580485967512,0.97777065206249,0.800034049540341,0.532280730215671
30.6425535461288,0.532280730215671,0.803843454879265,0.975579353729232,0.977775137219742,0.800044442759749,0.532280730215671
30.6525543795316,0.532280730215671,0.803846803213948,0.975578155167223,0.977779693121429,0.800054969086597,0.532280730215671
30.6625552129344,0.532280730215671,0.803850044945811,0.975576893851297,0.977784315311379,0.800065619479239,0.532280730215671
30.6725560463372,0.532280730215671,0.803853185774181,0.975575573824408,0.977788998703369,0.80007638355656,0.532280730215671
30.68255687974,0.532280730215671,0.803856231953943,0.975574199562684,0.977793737634729,0.800087249710308,0.532280730215671
30.6925577131428,0.532280730215671,0.803859190240673,0.975572775933033,0.977798525923101,0.800098205224202,0.532280730215671
30.7025585465455,0.532280730215671,0.803862067833135,0.975571308148733,0.977803356925854,0.800109236398695,0.532280730215671
30.7125593799483,0.532280730215671,0.803864872313579,0.975569801723368,0.977808223601579,0.800120328680207,0.532280730215671
30.7225602133511,0.532280730215671,0.803867611586423,0.975568262423553,0.977813118573131,0.800131466793724,0.532280730215671
30.7325610467539,0.532280730215671,0.803870293815797,0.975566696220832,0.97781803419163,0.800142634877473,0.532280730215671
30.7425618801567,0.532280730215671,0.803872927362498,0.975565109243184,0.977822962600892,0.800153816618599,0.532280730215671
30.7525627135595,0.532280730215671,0.803875520720841,0.97556350772652,0.977827895801721,0.800164995388612,0.532280730215671
30.7625635469622,0.532280730215671,0.803878082455978,0.975561897966595,0.977832825715527,0.800176154377491,0.532280730215671
30.772564380365,0.532280730215671,0.803880621142128,0.975560286271695,0.977837744246787,0.80018727672542,0.532280730215671
30.7825652137678,0.532280730215671,0.803883145302201,0.975558678916479,0.977842643343835,0.80019834565105,0.532280730215671
30.7925660471706,0.532280730215671,0.803885663349293,0.9755570820973,0.977847515057559,0.800209344575431,0.532280730215671
30.8025668805734,0.532280730215671,0.803888183530446,0.975555501889359,0.977852351597578,0.800220257240667,0.532280730215671
30.8125677139762,0.532280730215671,0.803890713873062,0.975553944205926,0.977857145385531,0.800231067822554,0.532280730215671
30.8225685473789,0.532280730215671,0.803893262134325,0.97555241475994,0.977861889105156,0.800241761036471,0.532280730215671
30.8325693807817,0.532280730215671,0.803895835753954,0.975550919028194,0.977866575748856,0.800252322235954,0.532280730215671
30.8425702141845,0.532280730215671,0.803898441810515,0.975549462218287,0.977871198660537,0.800262737503402,0.532280730215671
30.8525710475873,0.532280730215671,0.80390108698158,0.975548049238533,0.977875751574493,0.800272993732533,0.532280730215671
30.8625718809901,0.532280730215671,0.803903777507855,0.975546684670941,0.977880228650217,0.800283078702242,0.532280730215671
30.8725727143929,0.532280730215671,0.803906519161474,0.97554537274736,0.977884624502996,0.80029298114165,0.532280730215671
30.8825735477957,0.532280730215671,0.803909317218519,0.975544117328861,0.977888934230265,0.800302690786184,0.532280730215671
30.8925743811984,0.532280730215671,0.803912176435859,0.9755429218884,0.977893153433647,0.800312198424651,0.532280730215671
30.9025752146012,0.532280730215671,0.803915101032303,0.975541789496741,0.977897278236732,0.800321495937275,0.532280730215671
30.912576048004,0.532280730215671,0.803918094674077,0.975540722811647,0.977901305298602,0.80033057632486,0.532280730215671
30.9225768814068,0.532280730215671,0.803921160464568,0.975539724070285,0.977905231823203,0.800339433729149,0.532280730215671
30.9325777148096,0.532280730215671,0.80392430093824,0.975538795084758,0.977909055564654,0.800348063444669,0.532280730215671
30.9425785482123,0.532280730215671,0.803927518058644,0.975537937240711,0.977912774828624,0.800356461922261,0.532280730215671
30.9525793816151,0.532280730215671,0.803930813220364,0.975537151498865,0.977916388469922,0.800364626764658,0.532280730215671
30.9625802150179,0.532280730215671,0.803934187254748,0.975536438399392,0.977919895886476,0.800372556714427,0.532280730215671
30.9725810484207,0.532280730215671,0.803937640439251,0.975535798068962,0.977923297009871,0.800380251634666,0.532280730215671
30.9825818818235,0.532280730215671,0.803941172510197,0.975535230230345,0.977926592292657,0.800387712482872,0.532280730215671
30.9925827152263,0.532280730215671,0.803944782678731,0.97553473421438,0.977929782692625,0.800394941278401,0.532280730215671
31.0025835486291,0.532280730215671,0.803948469649773,0.975534308974173,0.977932869654257,0.800401941063968,0.532280730215671
31.0125843820318,0.532280730215671,0.803952231643727,0.975533953101333,0.977935855087587,0.800408715861652,0.532280730215671
31.0225852154346,0.532280730215671,0.803956066420693,0.975533664844084,0.977938741344685,0.800415270623873,0.532280730215671
31.0325860488374,0.532280730215671,0.80395997130697,0.975533442127065,0.977941531193992,0.800421611179796,0.532280730215671
31.0425868822402,0.532280730215671,0.803963943223594,0.975533282572653,0.977944227792733,0.800427744177677,0.532280730215671
31.052587715643,0.532280730215671,0.803967978716659,0.975533183523608,0.977946834657631,0.800433677023558,0.532280730215671
31.0625885490458,0.532280730215671,0.803972073989174,0.975533142066879,0.977949355634162,0.800439417816861,0.532280730215671
31.0725893824485,0.532280730215671,0.803976224934244,0.975533155058398,0.977951794864542,0.80044497528329,0.532280730215671
31.0825902158513,0.532280730215671,0.803980427169284,0.975533219148652,0.977954156754705,0.80045035870551,0.532280730215671
31.0925910492541,0.532280730215671,0.803984676071076,0.975533330808912,0.977956445940453,0.800455577852097,0.532280730215671
31.1025918826569,0.532280730215671,0.803988966811412,0.9755334863579,0.97795866725302,0.800460642905144,0.532280730215671
31.1125927160597,0.532280730215671,0.803993294393106,0.97553368198877,0.977960825684229,0.80046556438701,0.532280730215671
31.1225935494625,0.532280730215671,0.803997653686157,0.975533913796205,0.977962926351474,0.800470353086629,0.532280730215671
31.1325943828652,0.532280730215671,0.804002039463838,0.975534177803497,0.977964974462707,0.800475019985779,0.532280730215671
31.142595216268,0.532280730215671,0.804006446438516,0.975534469989456,0.977966975281632,0.800479576185751,0.532280730215671
31.1525960496708,0.532280730215671,0.804010869297011,0.975534786314979,0.977968934093295,0.800484032834797,0.532280730215671
31.1625968830736,0.532280730215671,0.804015302735276,0.975535122749165,0.977970856170249,0.800488401056755,0.532280730215671
31.1725977164764,0.532280730215671,0.804019741492245,0.975535475294806,0.977972746739478,0.800492691881224,0.532280730215671
31.1825985498792,0.532280730215671,0.804024180382648,0.975535840013161,0.977974610950252,0.80049691617566,0.532280730215671
31.1925993832819,0.532280730215671,0.804028614328658,0.975536213047839,0.97797645384307,0.800501084579734,0.532280730215671
31.2026002166847,0.532280730215671,0.804033038390169,0.975536590647715,0.977978280319857,0.800505207442302,0.532280730215671
31.2126010500875,0.532280730215671,0.8040374477936,0.97553696918873,0.977980095115575,0.800509294761306,0.532280730215671
31.2226018834903,0.532280730215671,0.804041837959061,0.975537345194498,0.977981902771363,0.8005133561269,0.532280730215671
31.2326027168931,0.532280730215671,0.804046204525754,0.975537715355582,0.977983707609373,0.800517400668104,0.532280730215671
31.2426035502959,0.532280730215671,0.804050543375502,0.975538076547386,0.977985513709409,0.800521437003247,0.532280730215671
31.2526043836986,0.532280730215671,0.804054850654294,0.975538425846553,0.977987324887483,0.800525473194442,0.532280730215671
31.2626052171014,0.532280730215671,0.804059122791742,0.975538760545799,0.977989144676401,0.80052951670632,0.532280730215671
31.2726060505042,0.532280730215671,0.804063356518377,0.975539078167115,0.977990976308467,0.800533574369226,0.532280730215671
31.282606883907,0.532280730215671,0.804067548880715,0.975539376473288,0.977992822700382,0.800537652347043,0.532280730215671
31.2926077173098,0.532280730215671,0.804071697254015,0.975539653477674,0.977994686440406,0.800541756109777,0.532280730215671
31.3026085507126,0.532280730215671,0.80407579935272,0.97553990745221,0.977996569777846,0.800545890411056,0.532280730215671
31.3126093841153,0.532280730215671,0.804079853238506,0.97554013693362,0.977998474614885,0.800550059270581,0.532280730215671
31.3226102175181,0.532280730215671,0.804083857325961,0.975540340727806,0.9780004025008,0.800554265961601,0.532280730215671
31.3326110509209,0.532280730215671,0.804087810385875,0.975540517912428,0.978002354628558,0.800558513003439,0.532280730215671
31.3426118843237,0.532280730215671,0.804091711546151,0.975540667837659,0.978004331833795,0.800562802159049,0.532280730215671
31.3526127177265,0.532280730215671,0.804095560290369,0.97554079012517,0.978006334596141,0.800567134437529,0.532280730215671
31.3626135511293,0.532280730215671,0.804099356454052,0.975540884665338,0.978008363042856,0.800571510101542,0.532280730215671
31.372614384532,0.532280730215671,0.804103100218684,0.975540951612751,0.97801041695472,0.800575928679516,0.532280730215671
31.3826152179348,0.532280730215671,0.804106792103556,0.975540991380048,0.978012495774111,0.800580388982439,0.532280730215671
31.3926160513376,0.532280730215671,0.804110432955515,0.975541004630172,0.978014598615161,0.800584889125123,0.532280730215671
31.4026168847404,0.532280730215671,0.804114023936742,0.975540992267092,0.978016724275916,0.800589426551665,0.532280730215671
31.4126177181432,0.532280730215671,0.804117566510639,0.975540955425117,0.978018871252357,0.800593998064891,0.532280730215671
31.422618551546,0.532280730215671,0.804121062425987,0.97554089545686,0.978021037754175,0.800598599859506,0.532280730215671
31.4326193849487,0.532280730215671,0.804124513699466,0.975540813919989,0.978023221722145,0.80060322755863,0.532280730215671
31.4426202183515,0.532280730215671,0.804127922596732,0.975540712562854,0.978025420846942,0.800607876253443,0.532280730215671
31.4526210517543,0.532280730215671,0.804131291612168,0.975540593309131,0.978027632589264,0.800612540545548,0.532280730215671
31.4626218851571,0.532280730215671,0.804134623447499,0.975540458241595,0.978029854201059,0.800617214591733,0.532280730215671
31.4726227185599,0.532280730215671,0.80413792098942,0.975540309585161,0.978032082747709,0.800621892150752,0.532280730215671
31.4826235519627,0.532280730215671,0.804141187286424,0.975540149689319,0.978034315130981,0.80062656663173,0.532280730215671
31.4926243853654,0.532280730215671,0.804144425525001,0.975539981010112,0.978036548112563,0.800631231143846,0.532280730215671
31.5026252187682,0.532280730215671,0.804147639005396,0.975539806091786,0.978038778338004,0.800635878546863,0.532280730215671
31.512626052171,0.532280730215671,0.804150831117088,0.975539627548244,0.97804100236088,0.800640501502154,0.532280730215671
31.5226268855738,0.532280730215671,0.8041540053142,0.975539448044464,0.978043216666998,0.800645092523825,0.532280730215671
31.5326277189766,0.532280730215671,0.804157165090966,0.97553927027798,0.978045417698475,0.800649644029574,0.532280730215671
31.5426285523794,0.532280730215671,0.804160313957487,0.975539096960592,0.978047601877505,0.800654148390913,0.532280730215671
31.5526293857821,0.532280730215671,0.80416345541588,0.975538930800401,0.978049765629668,0.800658597982423,0.532280730215671
31.5626302191849,0.532280730215671,0.804166592937041,0.975538774484306,0.978051905406617,0.800662985229695,0.532280730215671
31.5726310525877,0.532280730215671,0.804169729938107,0.975538630661081,0.978054017707987,0.800667302655665,0.532280730215671
31.5826318859905,0.532280730215671,0.804172869760826,0.97553850192511,0.97805609910241,0.800671542925023,0.532280730215671
31.5926327193933,0.532280730215671,0.804176015650902,0.97553839080091,0.978058146247502,0.80067569888648,0.532280730215671
31.6026335527961,0.532280730215671,0.804179170738489,0.975538299728523,0.978060155908695,0.800679763612606,0.532280730215671
31.6126343861988,0.532280730215671,0.804182338019909,0.975538231049834,0.978062124976835,0.800683730437046,0.532280730215671
31.6226352196016,0.532280730215671,0.804185520340715,0.975538186995923,0.97806405048444,0.800687592988917,0.532280730215671
31.6326360530044,0.532280730215671,0.804188720380146,0.975538169675485,0.978065929620553,0.80069134522424,0.532280730215671
31.6426368864072,0.532280730215671,0.804191940637101,0.975538181064375,0.978067759744118,0.800694981454251,0.532280730215671
31.65263771981,0.532280730215671,0.804195183417636,0.975538222996337,0.978069538395837,0.800698496370505,0.532280730215671
31.6626385532128,0.532280730215671,0.804198450824063,0.975538297154913,0.978071263308463,0.800701885066674,0.532280730215671
31.6726393866156,0.532280730215671,0.804201744745683,0.975538405066598,0.978072932415505,0.800705143057011,0.532280730215671
31.6826402200183,0.532280730215671,0.804205066851142,0.975538548095215,0.978074543858344,0.800708266291426,0.532280730215671
31.6926410534211,0.532280730215671,0.80420841858246,0.975538727437537,0.978076095991736,0.800711251167177,0.532280730215671
31.7026418868239,0.532280730215671,0.804211801150705,0.975538944120144,0.978077587387732,0.800714094537216,0.532280730215671
31.7126427202267,0.532280730215671,0.804215215533293,0.975539198997499,0.978079016838031,0.800716793715212,0.532280730215671
31.7226435536295,0.532280730215671,0.804218662472906,0.975539492751228,0.978080383354776,0.800719346477307,0.532280730215671
31.7326443870323,0.532280730215671,0.804222142477978,0.975539825890566,0.978081686169872,0.80072175106072,0.532280730215671
31.742645220435,0.532280730215671,0.804225655824708,0.975540198753943,0.978082924732829,0.800724006159264,0.532280730215671
31.7526460538378,0.532280730215671,0.804229202560539,0.975540611511665,0.978084098707217,0.800726110915914,0.532280730215671
31.7626468872406,0.532280730215671,0.80423278250906,0.975541064169636,0.978085207965784,0.800728064912546,0.532280730215671
31.7726477206434,0.532280730215671,0.804236395276236,0.975541556574081,0.978086252584301,0.800729868157009,0.532280730215671
31.7826485540462,0.532280730215671,0.804240040257906,0.975542088417202,0.978087232834221,0.800731521067653,0.532280730215671
31.792649387449,0.532280730215671,0.804243716648466,0.975542659243704,0.978088149174213,0.800733024455521,0.532280730215671
31.8026502208517,0.532280730215671,0.804247423450643,0.975543268458145,0.978089002240678,0.800734379504351,0.532280730215671
31.8126510542545,0.532280730215671,0.804251159486276,0.975543915333014,0.978089792837304,0.800735587748581,0.532280730215671
31.8226518876573,0.532280730215671,0.804254923408009,0.975544599017489,0.978090521923781,0.800736651049544,0.532280730215671
31.8326527210601,0.532280730215671,0.804258713711791,0.975545318546794,0.978091190603744,0.800737571570059,0.532280730215671
31.8426535544629,0.532280730215671,0.804262528750096,0.975546072852078,0.978091800112056,0.800738351747595,0.532280730215671
31.8526543878657,0.532280730215671,0.804266366745748,0.975546860770755,0.978092351801502,0.800738994266229,0.532280730215671
31.8626552212684,0.532280730215671,0.804270225806264,0.975547681057204,0.978092847129022,0.800739502027585,0.532280730215671
31.8726560546712,0.532280730215671,0.804274103938605,0.975548532393786,0.978093287641554,0.800739878120974,0.532280730215671
31.882656888074,0.532280730215671,0.80427799906422,0.975549413402075,0.978093674961589,0.800740125792916,0.532280730215671
31.8926577214768,0.532280730215671,0.804281909034324,0.975550322654244,0.978094010772539,0.800740248416268,0.532280730215671
31.9026585548796,0.532280730215671,0.804285831645246,0.975551258684523,0.978094296804013,0.800740249459133,0.532280730215671
31.9126593882824,0.532280730215671,0.804289764653822,0.975552220000667,0.978094534817072,0.800740132453764,0.532280730215671
31.9226602216851,0.532280730215671,0.804293705792669,0.975553205095348,0.978094726589591,0.800739900965657,0.532280730215671
31.9326610550879,0.532280730215671,0.804297652785302,0.975554212457422,0.978094873901778,0.800739558562991,0.532280730215671
31.9426618884907,0.532280730215671,0.804301603360971,0.97555524058298,0.978094978521967,0.800739108786632,0.532280730215671
31.9526627218935,0.532280730215671,0.804305555269142,0.975556287986145,0.978095042192736,0.800738555120852,0.532280730215671
31.9626635552963,0.532280730215671,0.804309506293541,0.975557353209524,0.978095066617469,0.800737900964941,0.532280730215671
31.9726643886991,0.532280730215671,0.804313454265685,0.975558434834292,0.978095053447389,0.800737149605858,0.532280730215671
31.9826652221018,0.532280730215671,0.804317397077813,0.975559531489818,0.978095004269181,0.800736304192099,0.532280730215671
31.9926660555046,0.532280730215671,0.804321332695171,0.975560641862803,0.978094920593228,0.800735367708886,0.532280730215671
32.0026668889074,0.532280730215671,0.804325259167564,0.975561764705878,0.978094803842565,0.800734342954836,0.532280730215671
32.0126677223102,0.532280730215671,0.804329174640127,0.975562898845611,0.978094655342563,0.800733232520228,0.532280730215671
32.022668555713,0.532280730215671,0.804333077363274,0.975564043189897,0.978094476311438,0.80073203876696,0.532280730215671
32.0326693891158,0.532280730215671,0.804336965701749,0.975565196734679,0.978094267851591,0.800730763810303,0.532280730215671
32.0426702225185,0.532280730215671,0.804340838142769,0.975566358569983,0.978094030941853,0.800729409502556,0.532280730215671
32.0526710559213,0.532280730215671,0.80434469330321,0.97556752788524,0.978093766430645,0.800727977418635,0.532280730215671
32.0626718893241,0.532280730215671,0.804348529935799,0.975568703973855,0.978093475030095,0.800726468843689,0.532280730215671
32.0726727227269,0.532280730215671,0.804352346934313,0.975569886237042,0.978093157311123,0.800724884762769,0.532280730215671
32.0826735561297,0.532280730215671,0.804356143337748,0.975571074186876,0.97809281369952,0.800723225852598,0.532280730215671
32.0926743895325,0.532280730215671,0.804359918333465,0.975572267448584,0.978092444473021,0.800721492475438,0.532280730215671
32.1026752229352,0.532280730215671,0.804363671259303,0.975573465762057,0.978092049759374,0.80071968467508,0.532280730215671
32.112676056338,0.532280730215671,0.804367401604661,0.975574668982596,0.978091629535406,0.800717802174921,0.532280730215671
32.1226768897408,0.532280730215671,0.80437110901058,0.975575877080897,0.978091183627073,0.800715844378152,0.532280730215671
32.1326777231436,0.532280730215671,0.804374793268804,0.975577090142283,0.978090711710468,0.800713810369947,0.532280730215671
32.1426785565464,0.532280730215671,0.804378454319897,0.975578308365221,0.978090213313775,0.800711698921668,0.532280730215671
32.1526793899492,0.532280730215671,0.804382092250384,0.975579532059119,0.978089687820136,0.800709508496993,0.532280730215671
32.1626802233519,0.532280730215671,0.804385707289013,0.975580761641451,0.978089134471389,0.800707237259879,0.532280730215671
32.1726810567547,0.532280730215671,0.804389299802136,0.975581997634239,0.978088552372639,0.800704883084317,0.532280730215671
32.1826818901575,0.532280730215671,0.804392870288272,0.97558324065992,0.97808794049762,0.800702443565715,0.532280730215671
32.1926827235603,0.532280730215671,0.804396419371904,0.975584491436636,0.978087297694793,0.800699916033873,0.532280730215671
32.2026835569631,0.532280730215671,0.804399947796555,0.975585750773007,0.978086622694125,0.800697297567362,0.532280730215671
32.2126843903659,0.532280730215671,0.804403456417224,0.975587019562406,0.978085914114489,0.800694585009241,0.532280730215671
32.2226852237687,0.532280730215671,0.804406946192223,0.975588298776811,0.978085170471623,0.800691774983936,0.532280730215671
32.2326860571714,0.532280730215671,0.804410418174478,0.975589589460259,0.978084390186587,0.800688863915175,0.532280730215671
32.2426868905742,0.532280730215671,0.804413873502409,0.975590892721976,0.978083571594636,0.800685848044796,0.532280730215671
32.252687723977,0.532280730215671,0.804417313390381,0.97559220972922,0.978082712954466,0.800682723452327,0.532280730215671
32.2626885573798,0.532280730215671,0.804420739118881,0.9755935416999,0.978081812457728,0.800679486075146,0.532280730215671
32.2726893907826,0.532280730215671,0.804424152024422,0.975594889895027,0.978080868238766,0.800676131729102,0.532280730215671
32.2826902241854,0.532280730215671,0.804427553489304,0.975596255611044,0.978079878384504,0.800672656129425,0.532280730215671
32.2926910575881,0.532280730215671,0.804430944931272,0.9755976401721,0.978078840944387,0.80066905491177,0.532280730215671
32.3026918909909,0.532280730215671,0.804434327793145,0.97559904492231,0.978077753940343,0.800665323653288,0.532280730215671
32.3126927243937,0.532280730215671,0.804437703532504,0.975600471218071,0.97807661537667,0.800661457893514,0.532280730215671
32.3226935577965,0.532280730215671,0.804441073611499,0.975601920420465,0.978075423249787,0.800657453154996,0.532280730215671
32.3326943911993,0.532280730215671,0.804444439486828,0.97560339388782,0.978074175557799,0.800653304963477,0.532280730215671
32.3426952246021,0.532280730215671,0.804447802599974,0.975604892968454,0.978072870309794,0.800649008867553,0.532280730215671
32.3526960580048,0.532280730215671,0.80445116436776,0.97560641899367,0.978071505534836,0.800644560457624,0.532280730215671
32.3626968914076,0.532280730215671,0.804454526173253,0.975607973271027,0.978070079290574,0.800639955384089,0.532280730215671
32.3726977248104,0.532280730215671,0.804457889357096,0.975609557077934,0.97806858967145,0.800635189374628,0.532280730215671
32.3826985582132,0.532280730215671,0.804461255209326,0.975611171655605,0.978067034816426,0.800630258250498,0.532280730215671
32.392699391616,0.532280730215671,0.804464624961679,0.975612818203397,0.978065412916216,0.800625157941765,0.532280730215671
32.4027002250188,0.532280730215671,0.804467999780475,0.975614497873577,0.978063722219968,0.800619884501363,0.532280730215671
32.4127010584215,0.532280730215671,0.804471380760084,0.975616211766529,0.978061961041374,0.800614434117948,0.532280730215671
32.4227018918243,0.532280730215671,0.804474768917015,0.97561796092643,0.978060127764176,0.800608803127467,0.532280730215671
32.4327027252271,0.532280730215671,0.804478165184648,0.975619746337405,0.97805822084705,0.800602988023404,0.532280730215671
32.4427035586299,0.532280730215671,0.804481570408648,0.975621568920199,0.978056238827846,0.800596985465672,0.532280730215671
32.4527043920327,0.532280730215671,0.804484985343043,0.975623429529332,0.978054180327172,0.800590792288114,0.532280730215671
32.4627052254354,0.532280730215671,0.804488410647017,0.975625328950801,0.978052044051318,0.800584405504598,0.532280730215671
32.4727060588382,0.532280730215671,0.804491846882385,0.975627267900272,0.978049828794513,0.800577822313716,0.532280730215671
32.482706892241,0.532280730215671,0.804495294511771,0.975629247021814,0.978047533440515,0.800571040102081,0.532280730215671
32.4927077256438,0.532280730215671,0.804498753897495,0.975631266887139,0.978045156963555,0.800564056446215,0.532280730215671
32.5027085590466,0.532280730215671,0.804502225301124,0.975633327995343,0.978042698428612,0.800556869113098,0.532280730215671
32.5127093924494,0.532280730215671,0.804505708883716,0.975635430773155,0.978040156991073,0.800549476059362,0.532280730215671
32.5227102258522,0.532280730215671,0.804509204706709,0.975637575575667,0.978037531895765,0.800541875429183,0.532280730215671
32.5327110592549,0.532280730215671,0.804512712733452,0.975639762687522,0.978034822475399,0.80053406555094,0.532280730215671
32.5427118926577,0.532280730215671,0.804516232831336,0.975641992324559,0.978032028148436,0.800526044932656,0.532280730215671
32.5527127260605,0.532280730215671,0.804519764774521,0.975644264635885,0.97802914841642,0.800517812256317,0.532280730215671
32.5627135594633,0.532280730215671,0.804523308247197,0.975646579706339,0.978026182860789,0.800509366371091,0.532280730215671
32.5727143928661,0.532280730215671,0.804526862847377,0.975648937559343,0.978023131139212,0.800500706285573,0.532280730215671
32.5827152262689,0.532280730215671,0.804530428091153,0.975651338160099,0.978019992981485,0.800491831159074,0.532280730215671
32.5927160596716,0.532280730215671,0.804534003417414,0.975653781419106,0.97801676818501,0.800482740292082,0.532280730215671
32.6027168930744,0.532280730215671,0.804537588192934,0.975656267195961,0.978013456609919,0.800473433115934,0.532280730215671
32.6127177264772,0.532280730215671,0.804541181717855,0.975658795303431,0.97801005817385,0.800463909181817,0.532280730215671
32.62271855988,0.532280730215671,0.804544783231445,0.975661365511742,0.978006572846465,0.800454168149174,0.532280730215671
32.6327193932828,0.532280730215671,0.804548391918158,0.975663977553058,0.978003000643694,0.800444209773594,0.532280730215671
32.6427202266856,0.532280730215671,0.804552006913897,0.975666631126129,0.977999341621787,0.800434033894292,0.532280730215671
32.6527210600883,0.532280730215671,0.804555627312467,0.975669325901056,0.977995595871216,0.800423640421265,0.532280730215671
32.6627218934911,0.532280730215671,0.804559252172154,0.975672061524157,0.977991763510446,0.800413029322198,0.532280730215671
32.6727227268939,0.532280730215671,0.804562880522401,0.975674837622882,0.977987844679634,0.800402200609245,0.532280730215671
32.6827235602967,0.532280730215671,0.804566511370512,0.975677653810758,0.977983839534303,0.800391154325731,0.532280730215671
32.6927243936995,0.532280730215671,0.804570143708373,0.975680509692332,0.977979748239014,0.800379890532897,0.532280730215671
32.7027252271023,0.532280730215671,0.804573776519111,0.975683404868067,0.977975570961094,0.80036840929676,0.532280730215671
32.712726060505,0.532280730215671,0.80457740878368,0.975686338939173,0.977971307864452,0.800356710675161,0.532280730215671
32.7227268939078,0.532280730215671,0.804581039487308,0.975689311512337,0.977966959103522,0.800344794705101,0.532280730215671
32.7327277273106,0.532280730215671,0.804584667625788,0.975692322204331,0.977962524817357,0.80033266139042,0.532280730215671
32.7427285607134,0.532280730215671,0.80458829221156,0.97569537064645,0.977958005123941,0.800320310689915,0.532280730215671
32.7527293941162,0.532280730215671,0.804591912279559,0.975698456488792,0.977953400114711,0.800307742505937,0.532280730215671
32.762730227519,0.532280730215671,0.80459552689278,0.975701579404315,0.977948709849352,0.800294956673562,0.532280730215671
32.7727310609217,0.532280730215671,0.804599135147568,0.975704739092673,0.977943934350873,0.800281952950365,0.532280730215671
32.7827318943245,0.532280730215671,0.804602736178546,0.975707935283814,0.977939073601001,0.800268731006876,0.532280730215671
32.7927327277273,0.532280730215671,0.804606329163216,0.975711167741294,0.977934127535914,0.800255290417752,0.532280730215671
32.8027335611301,0.532280730215671,0.804609913326166,0.975714436265335,0.977929096042333,0.800241630653717,0.532280730215671
32.8127343945329,0.532280730215671,0.804613487942886,0.975717740695561,0.977923978953987,0.800227751074297,0.532280730215671
32.8227352279357,0.532280730215671,0.804617052343177,0.975721080913448,0.977918776048473,0.800213650921397,0.532280730215671
32.8327360613384,0.532280730215671,0.804620605914124,0.975724456844447,0.977913487044528,0.800199329313718,0.532280730215671
32.8427368947412,0.532280730215671,0.804624148102636,0.975727868459779,0.977908111599702,0.800184785242087,0.532280730215671
32.852737728144,0.532280730215671,0.804627678417533,0.97573131577791,0.977902649308469,0.800170017565646,0.532280730215671
32.8627385615468,0.532280730215671,0.804631196431202,0.975734798865683,0.977897099700752,0.800155025008962,0.532280730215671
32.8727393949496,0.532280730215671,0.804634701780777,0.975738317839124,0.977891462240881,0.800139806160021,0.532280730215671
32.8827402283524,0.532280730215671,0.804638194168882,0.975741872863911,0.977885736326979,0.800124359469142,0.532280730215671
32.8927410617551,0.532280730215671,0.80464167336393,0.975745464155509,0.977879921290761,0.80010868324876,0.532280730215671
32.9027418951579,0.532280730215671,0.804645139199968,0.975749091978998,0.977874016397761,0.800092775674087,0.532280730215671
32.9127427285607,0.532280730215671,0.804648591576114,0.975752756648567,0.977868020847948,0.800076634784624,0.532280730215671
32.9227435619635,0.532280730215671,0.804652030455561,0.975756458526708,0.977861933776745,0.800060258486487,0.532280730215671
32.9327443953663,0.532280730215671,0.804655455864173,0.975760198023124,0.977855754256426,0.800043644555542,0.532280730215671
32.9427452287691,0.532280730215671,0.804658867888718,0.975763975593342,0.977849481297869,0.800026790641279,0.532280730215671
32.9527460621718,0.532280730215671,0.804662266674718,0.975767791737065,0.977843113852654,0.800009694271403,0.532280730215671
32.9627468955746,0.532280730215671,0.804665652423968,0.975771646996283,0.977836650815481,0.799992352857098,0.532280730215671
32.9727477289774,0.532280730215671,0.804669025391712,0.97577554195313,0.97783009102689,0.799974763698916,0.532280730215671
32.9827485623802,0.532280730215671,0.804672385883555,0.975779477227549,0.977823433276251,0.79995692399322,0.532280730215671
32.992749395783,0.532280730215671,0.804675734252085,0.975783453474752,0.977816676305005,0.799938830839158,0.532280730215671
33.0027502291858,0.532280730215671,0.804679070893262,0.975787471382511,0.977809818810129,0.79992048124608,0.532280730215671
33.0127510625885,0.532280730215671,0.804682396242593,0.975791531668292,0.97780285944779,0.799901872141372,0.532280730215671
33.0227518959913,0.532280730215671,0.804685710771135,0.975795635076273,0.977795796837169,0.7998830003786,0.532280730215671
33.0327527293941,0.532280730215671,0.804689014981333,0.975799782374239,0.977788629564421,0.799863862745955,0.532280730215671
33.0427535627969,0.532280730215671,0.80469230940275,0.975803974350413,0.977781356186744,0.799844455974911,0.532280730215671
33.0527543961997,0.532280730215671,0.804695594587697,0.975808211810205,0.977773975236518,0.799824776749012,0.532280730215671
33.0627552296025,0.532280730215671,0.804698871106827,0.975812495572946,0.977766485225506,0.799804821712784,0.532280730215671
33.0727560630053,0.532280730215671,0.804702139544675,0.975816826468595,0.977758884649058,0.799784587480632,0.532280730215671
33.082756896408,0.532280730215671,0.804705400495221,0.975821205334449,0.977751171990325,0.799764070645765,0.532280730215671
33.0927577298108,0.532280730215671,0.804708654557483,0.975825633011901,0.977743345724415,0.799743267788966,0.532280730215671
33.1027585632136,0.532280730215671,0.804711902331164,0.975830110343229,0.977735404322501,0.799722175487272,0.532280730215671
33.1127593966164,0.532280730215671,0.804715144412404,0.975834638168468,0.977727346255835,0.799700790322413,0.532280730215671
33.1227602300192,0.532280730215671,0.804718381389634,0.97583921732237,0.97771916999964,0.799679108889029,0.532280730215671
33.132761063422,0.532280730215671,0.804721613839588,0.975843848631471,0.977710874036875,0.799657127802571,0.532280730215671
33.1427618968247,0.532280730215671,0.804724842323461,0.975848532911283,0.977702456861831,0.799634843706859,0.532280730215671
33.1527627302275,0.532280730215671,0.804728067383282,0.975853270963635,0.97769391698355,0.799612253281251,0.532280730215671
33.1627635636303,0.532280730215671,0.804731289538461,0.975858063574156,0.977685252929048,0.799589353247397,0.532280730215671
33.1727643970331,0.532280730215671,0.804734509282609,0.975862911509947,0.977676463246313,0.799566140375515,0.532280730215671
33.1827652304359,0.532280730215671,0.804737727080549,0.975867815517415,0.977667546507083,0.799542611490194,0.532280730215671
33.1927660638387,0.532280730215671,0.804740943365626,0.975872776320311,0.977658501309372,0.79951876347566,0.532280730215671
33.2027668972414,0.532280730215671,0.80474415853727,0.975877794617966,0.977649326279743,0.799494593280519,0.532280730215671
33.2127677306442,0.532280730215671,0.804747372958845,0.975882871083726,0.977640020075321,0.799470097921938,0.532280730215671
33.222768564047,0.532280730215671,0.80475058695578,0.975888006363613,0.977630581385523,0.799445274489246,0.532280730215671
33.2327693974498,0.532280730215671,0.804753800814001,0.975893201075194,0.977621008933526,0.79942012014696,0.532280730215671
33.2427702308526,0.532280730215671,0.804757014778667,0.975898455806666,0.977611301477445,0.79939463213722,0.532280730215671
33.2527710642554,0.532280730215671,0.804760229053193,0.975903771116174,0.97760145781123,0.799368807781644,0.532280730215671
33.2627718976581,0.532280730215671,0.804763443798589,0.975909147531338,0.977591476765288,0.799342644482579,0.532280730215671
33.2727727310609,0.532280730215671,0.804766659133087,0.975914585548996,0.977581357206821,0.799316139723784,0.532280730215671
33.2827735644637,0.532280730215671,0.804769875132064,0.975920085635173,0.977571098039894,0.799289291070548,0.532280730215671
33.2927743978665,0.532280730215671,0.804773091828258,0.975925648225245,0.977560698205228,0.799262096169228,0.532280730215671
33.3027752312693,0.532280730215671,0.804776309212268,0.975931273724319,0.977550156679745,0.799234552746267,0.532280730215671
33.3127760646721,0.532280730215671,0.804779527233304,0.975936962507797,0.977539472475845,0.799206658606689,0.532280730215671
33.3227768980748,0.532280730215671,0.804782745800228,0.975942714922143,0.977528644640455,0.799178411632079,0.532280730215671
33.3327777314776,0.532280730215671,0.804785964782815,0.975948531285807,0.977517672253844,0.799149809778124,0.532280730215671
33.3427785648804,0.532280730215671,0.804789184013271,0.97595441189034,0.977506554428217,0.799120851071662,0.532280730215671
33.3527793982832,0.532280730215671,0.804792403287948,0.975960357001651,0.977495290306113,0.799091533607371,0.532280730215671
33.362780231686,0.532280730215671,0.804795622369279,0.975966366861414,0.977483879058613,0.799061855544026,0.532280730215671
33.3727810650888,0.532280730215671,0.804798840987892,0.975972441688604,0.977472319883375,0.79903181510044,0.532280730215671
33.3827818984915,0.532280730215671,0.804802058844893,0.975978581681157,0.977460612002517,0.799001410551086,0.532280730215671
33.3927827318943,0.532280730215671,0.804805275614288,0.975984787017734,0.97744875466036,0.798970640221438,0.532280730215671
33.4027835652971,0.532280730215671,0.804808490945555,0.975991057859568,0.97743674712105,0.798939502483066,0.532280730215671
33.4127843986999,0.532280730215671,0.804811704466305,0.975997394352405,0.977424588666087,0.798907995748554,0.532280730215671
33.4227852321027,0.532280730215671,0.804814915785054,0.976003796628492,0.977412278591754,0.798876118466229,0.532280730215671
33.4327860655055,0.532280730215671,0.804818124494046,0.976010264808619,0.977399816206499,0.798843869114785,0.532280730215671
33.4427868989082,0.532280730215671,0.804821330172142,0.976016799004196,0.977387200828254,0.798811246197815,0.532280730215671
33.452787732311,0.532280730215671,0.804824532387723,0.976023399319346,0.977374431781745,0.798778248238304,0.532280730215671
33.4627885657138,0.532280730215671,0.804827730701632,0.976030065853005,0.977361508395769,0.798744873773092,0.532280730215671
33.4727893991166,0.532280730215671,0.804830924670069,0.976036798701013,0.977348430000499,0.798711121347406,0.532280730215671
33.4827902325194,0.532280730215671,0.804834113847494,0.976043597958181,0.977335195924803,0.798676989509407,0.532280730215671
33.4927910659222,0.532280730215671,0.804837297789469,0.976050463720319,0.97732180549361,0.79864247680488,0.532280730215671
33.5027918993249,0.532280730215671,0.80484047605543,0.976057396086229,0.977308258025332,0.798607581772032,0.532280730215671
33.5127927327277,0.532280730215671,0.804843648211396,0.976064395159615,0.977294552829357,0.798572302936452,0.532280730215671
33.5227935661305,0.532280730215671,0.804846813832571,0.976071461050943,0.977280689203639,0.798536638806296,0.532280730215671
33.5327943995333,0.532280730215671,0.804849972505837,0.976078593879208,0.977266666432383,0.798500587867653,0.532280730215671
33.5427952329361,0.532280730215671,0.804853123832127,0.976085793773607,0.977252483783852,0.798464148580195,0.532280730215671
33.5527960663389,0.532280730215671,0.804856267428656,0.976093060875116,0.977238140508286,0.798427319373078,0.532280730215671
33.5627968997416,0.532280730215671,0.804859402931011,0.976100395337952,0.977223635835987,0.798390098641152,0.532280730215671
33.5727977331444,0.532280730215671,0.804862529995065,0.976107797330927,0.977208968975518,0.798352484741477,0.532280730215671
33.5827985665472,0.532280730215671,0.804865648298746,0.97611526703866,0.977194139112089,0.798314475990174,0.532280730215671
33.59279939995,0.532280730215671,0.804868757543609,0.976122804662687,0.977179145406087,0.798276070659624,0.532280730215671
33.6028002333528,0.532280730215671,0.804871857456239,0.976130410422408,0.977163986991784,0.79823726697602,0.532280730215671
33.6128010667556,0.532280730215671,0.804874947789455,0.976138084555919,0.977148662976217,0.798198063117285,0.532280730215671
33.6228019001583,0.532280730215671,0.804878028323333,0.976145827320695,0.977133172438253,0.798158457211375,0.532280730215671
33.6328027335611,0.532280730215671,0.804881098866029,0.976153638994129,0.977117514427827,0.798118447334946,0.532280730215671
33.6428035669639,0.532280730215671,0.8048841592544,0.976161519873935,0.977101687965368,0.798078031512411,0.532280730215671
33.6528044003667,0.532280730215671,0.804887209354443,0.976169470278406,0.977085692041407,0.798037207715374,0.532280730215671
33.6628052337695,0.532280730215671,0.804890249061537,0.976177490546531,0.977069525616367,0.797995973862433,0.532280730215671
33.6728060671723,0.532280730215671,0.804893278300474,0.976185581037973,0.977053187620527,0.797954327819365,0.532280730215671
33.682806900575,0.532280730215671,0.804896297025325,0.976193742132912,0.977036676954174,0.797912267399664,0.532280730215671
33.6928077339778,0.532280730215671,0.804899305219123,0.976201974231757,0.977019992487911,0.797869790365427,0.532280730215671
33.7028085673806,0.532280730215671,0.804902302893351,0.976210277754727,0.977003133063148,0.797826894428603,0.532280730215671
33.7128094007834,0.532280730215671,0.804905290087273,0.97621865314132,0.976986097492734,0.797783577252524,0.532280730215671
33.7228102341862,0.532280730215671,0.804908266867101,0.976227100849645,0.976968884561761,0.797739836453798,0.532280730215671
33.732811067589,0.532280730215671,0.804911233325021,0.976235621355673,0.976951493028493,0.797695669604447,0.532280730215671
33.7428119009917,0.532280730215671,0.804914189578047,0.976244215152361,0.976933921625446,0.797651074234345,0.532280730215671
33.7528127343945,0.532280730215671,0.804917135766774,0.976252882748693,0.976916169060584,0.797606047833898,0.532280730215671
33.7628135677973,0.532280730215671,0.804920072053997,0.976261624668638,0.976898234018627,0.797560587856948,0.532280730215671
33.7728144012001,0.532280730215671,0.804922998623217,0.976270441450025,0.976880115162477,0.79751469172389,0.532280730215671
33.7828152346029,0.532280730215671,0.804925915677063,0.976279333643347,0.976861811134722,0.797468356824975,0.532280730215671
33.7928160680057,0.532280730215671,0.804928823435611,0.976288301810511,0.976843320559228,0.797421580523755,0.532280730215671
33.8028169014084,0.532280730215671,0.80493172213465,0.976297346523537,0.976824642042798,0.79737436016068,0.532280730215671
33.8128177348112,0.532280730215671,0.804934612023892,0.97630646836322,0.97680577417689,0.79732669305678,0.532280730215671
33.822818568214,0.532280730215671,0.804937493365113,0.976315667917753,0.976786715539378,0.797278576517452,0.532280730215671
33.8328194016168,0.532280730215671,0.80494036643029,0.976324945781332,0.976767464696343,0.797230007836287,0.532280730215671
33.8428202350196,0.532280730215671,0.804943231499709,0.976334302552757,0.976748020203888,0.797180984298926,0.532280730215671
33.8528210684224,0.532280730215671,0.804946088860065,0.976343738834023,0.976728380609954,0.79713150318693,0.532280730215671
33.8628219018251,0.532280730215671,0.804948938802575,0.976353255228918,0.976708544456143,0.797081561781632,0.532280730215671
33.8728227352279,0.532280730215671,0.804951781621116,0.976362852341644,0.976688510279511,0.797031157367936,0.532280730215671
33.8828235686307,0.532280730215671,0.80495461761038,0.976372530775452,0.976668276614345,0.796980287238059,0.532280730215671
33.8928244020335,0.532280730215671,0.804957447064095,0.976382291131325,0.976647841993893,0.79692894869517,0.532280730215671
33.9028252354363,0.532280730215671,0.804960270273282,0.976392134006686,0.976627204952056,0.79687713905695,0.532280730215671
33.9128260688391,0.532280730215671,0.804963087524586,0.976402059994165,0.976606364025009,0.796824855658995,0.532280730215671
33.9228269022419,0.532280730215671,0.804965899098691,0.976412069680421,0.97658531775276,0.796772095858072,0.532280730215671
33.9328277356446,0.532280730215671,0.8049687052688,0.976422163645019,0.97656406468064,0.796718857035238,0.532280730215671
33.9428285690474,0.532280730215671,0.804971506299229,0.976432342459379,0.976542603360692,0.796665136598747,0.532280730215671
33.9528294024502,0.532280730215671,0.804974302444081,0.976442606685804,0.976520932352989,0.796610931986788,0.532280730215671
33.962830235853,0.532280730215671,0.804977093946055,0.976452956876574,0.976499050226829,0.796556240669993,0.532280730215671
33.9728310692558,0.532280730215671,0.804979881035334,0.97646339357313,0.976476955561857,0.796501060153751,0.532280730215671
33.9828319026586,0.532280730215671,0.804982663928618,0.976473917305343,0.976454646949048,0.79644538798028,0.532280730215671
33.9928327360613,0.532280730215671,0.804985442828263,0.976484528590862,0.976432122991601,0.796389221730477,0.532280730215671
34.0028335694641,0.532280730215671,0.804988217921559,0.976495227934569,0.976409382305706,0.796332559025511,0.532280730215671
34.0128344028669,0.532280730215671,0.804990989380119,0.976506015828107,0.97638642352119,0.796275397528193,0.532280730215671
34.0228352362697,0.532280730215671,0.804993757359415,0.976516892749515,0.976363245282057,0.796217734944087,0.532280730215671
34.0328360696725,0.532280730215671,0.804996521998418,0.976527859162946,0.976339846246895,0.796159569022382,0.532280730215671
34.0428369030753,0.532280730215671,0.804999283419402,0.976538915518486,0.976316225089164,0.796100897556507,0.532280730215671
34.052837736478,0.532280730215671,0.805002041727833,0.976550062252052,0.976292380497375,0.79604171838452,0.532280730215671
34.0628385698808,0.532280730215671,0.80500479701242,0.976561299785396,0.976268311175138,0.795982029389243,0.532280730215671
34.0728394032836,0.532280730215671,0.80500754934527,0.97657262852618,0.976244015841101,0.795921828498176,0.532280730215671
34.0828402366864,0.532280730215671,0.805010298782164,0.976584048868151,0.976219493228777,0.795861113683167,0.532280730215671
34.0928410700892,0.532280730215671,0.80501304536295,0.976595561191384,0.97619474208626,0.79579988295989,0.532280730215671
34.102841903492,0.532280730215671,0.805015789112043,0.976607165862611,0.976169761175842,0.795738134387096,0.532280730215671
34.1128427368947,0.532280730215671,0.805018530039026,0.976618863235627,0.976144549273515,0.795675866065656,0.532280730215671
34.1228435702975,0.532280730215671,0.805021268139363,0.976630653651757,0.976119105168398,0.795613076137451,0.532280730215671
34.1328444037003,0.532280730215671,0.805024003395177,0.976642537440392,0.976093427662067,0.795549762784052,0.532280730215671
34.1428452371031,0.532280730215671,0.805026735776145,0.976654514919589,0.976067515567797,0.795485924225265,0.532280730215671
34.1528460705059,0.532280730215671,0.805029465240435,0.976666586396712,0.976041367709739,0.795421558717522,0.532280730215671
34.1628469039087,0.532280730215671,0.805032191735734,0.976678752169141,0.976014982922026,0.795356664552126,0.532280730215671
34.1728477373114,0.532280730215671,0.805034915200337,0.97669101252501,0.975988360047809,0.795291240053413,0.532280730215671
34.1828485707142,0.532280730215671,0.805037635564265,0.976703367743977,0.975961497938255,0.795225283576776,0.532280730215671
34.192849404117,0.532280730215671,0.805040352750462,0.976715818098049,0.975934395451489,0.79515879350663,0.532280730215671
34.2028502375198,0.532280730215671,0.805043066675989,0.976728363852401,0.9759070514515,0.795091768254299,0.532280730215671
34.2128510709226,0.532280730215671,0.805045777253277,0.976741005266236,0.975879464807018,0.795024206255854,0.532280730215671
34.2228519043254,0.532280730215671,0.805048484391371,0.976753742593647,0.975851634390373,0.794956105969911,0.532280730215671
34.2328527377281,0.532280730215671,0.805051187997201,0.976766576084487,0.975823559076335,0.794887465875416,0.532280730215671
34.2428535711309,0.532280730215671,0.805053887976845,0.97677950598524,0.975795237740952,0.79481828446942,0.532280730215671
34.2528544045337,0.532280730215671,0.805056584236796,0.976792532539889,0.975766669260387,0.794748560264869,0.532280730215671
34.2628552379365,0.532280730215671,0.805059276685184,0.976805655990765,0.975737852509767,0.794678291788422,0.532280730215671
34.2728560713393,0.532280730215671,0.805061965233016,0.976818876579386,0.975708786362048,0.79460747757831,0.532280730215671
34.2828569047421,0.532280730215671,0.805064649795348,0.976832194547274,0.975679469686909,0.794536116182247,0.532280730215671
34.2928577381448,0.532280730215671,0.805067330292444,0.976845610136735,0.975649901349665,0.794464206155418,0.532280730215671
34.3028585715476,0.532280730215671,0.805070006650875,0.976859123591624,0.975620080210233,0.794391746058538,0.532280730215671
34.3128594049504,0.532280730215671,0.805072678804572,0.976872735158054,0.975590005122131,0.794318734456022,0.532280730215671
34.3228602383532,0.532280730215671,0.805075346695839,0.976886445085084,0.975559674931525,0.794245169914234,0.532280730215671
34.332861071756,0.532280730215671,0.805078010276257,0.976900253625345,0.975529088476349,0.794171050999889,0.532280730215671
34.3428619051588,0.532280730215671,0.805080669507586,0.97691416103563,0.975498244585455,0.794096376278534,0.532280730215671
34.3528627385615,0.532280730215671,0.805083324362548,0.976928167577435,0.975467142077856,0.794021144313196,0.532280730215671
34.3628635719643,0.532280730215671,0.805085974825541,0.976942273517431,0.975435779762017,0.793945353663156,0.532280730215671
34.3728644053671,0.532280730215671,0.80508862089331,0.9769564791279,0.975404156435227,0.793869002882869,0.532280730215671
34.3828652387699,0.532280730215671,0.805091262575482,0.976970784687101,0.975372270883047,0.793792090521048,0.532280730215671
34.3928660721727,0.532280730215671,0.805093899895079,0.976985190479586,0.975340121878825,0.793714615119866,0.532280730215671
34.4028669055755,0.532280730215671,0.805096532888901,0.976999696796446,0.975307708183297,0.793636575214369,0.532280730215671
34.4128677389782,0.532280730215671,0.805099161607842,0.977014303935509,0.975275028544267,0.793557969332005,0.532280730215671
34.422868572381,0.532280730215671,0.805101786117132,0.977029012201466,0.975242081696367,0.793478795992329,0.532280730215671
34.4328694057838,0.532280730215671,0.805104406496476,0.977043821905945,0.975208866360897,0.793399053706876,0.532280730215671
34.4428702391866,0.532280730215671,0.805107022840123,0.977058733367528,0.975175381245743,0.793318740979181,0.532280730215671
34.4528710725894,0.532280730215671,0.805109635256849,0.977073746911697,0.97514162504538,0.793237856304955,0.532280730215671
34.4628719059922,0.532280730215671,0.805112243869858,0.977088862870736,0.975107596440951,0.793156398172422,0.532280730215671
34.472872739395,0.532280730215671,0.805114848816607,0.977104081583568,0.97507329410042,0.7930743650628,0.532280730215671
34.4828735727977,0.532280730215671,0.805117450248564,0.977119403395551,0.975038716678806,0.792991755450931,0.532280730215671
34.4928744062005,0.532280730215671,0.805120048330889,0.977134828658208,0.975003862818478,0.792908567806035,0.532280730215671
34.5028752396033,0.532280730215671,0.805122643242029,0.977150357728917,0.97496873114953,0.792824800592615,0.532280730215671
34.5128760730061,0.532280730215671,0.805125235173296,0.977165990970561,0.974933320290216,0.792740452271472,0.532280730215671
34.5228769064089,0.532280730215671,0.805127824328335,0.977181728751118,0.974897628847446,0.792655521300838,0.532280730215671
34.5328777398117,0.532280730215671,0.80513041092257,0.977197571443234,0.974861655417339,0.792570006137615,0.532280730215671
34.5428785732144,0.532280730215671,0.805132995182597,0.977213519423744,0.974825398585835,0.792483905238724,0.532280730215671
34.5528794066172,0.532280730215671,0.805135577345514,0.977229573073167,0.974788856929344,0.792397217062524,0.532280730215671
34.56288024002,0.532280730215671,0.805138157658232,0.977245732775174,0.974752029015454,0.792309940070323,0.532280730215671
34.5728810734228,0.532280730215671,0.805140736376756,0.977261998916031,0.97471491340366,0.792222072727952,0.532280730215671
34.5828819068256,0.532280730215671,0.805143313765413,0.977278371884023,0.974677508646144,0.792133613507395,0.532280730215671
34.5928827402284,0.532280730215671,0.805145890096085,0.977294852068853,0.974639813288567,0.792044560888475,0.532280730215671
34.6028835736311,0.532280730215671,0.805148465647404,0.977311439861048,0.974601825870897,0.791954913360562,0.532280730215671
34.6128844070339,0.532280730215671,0.805151040703962,0.977328135651336,0.974563544928248,0.791864669424317,0.532280730215671
34.6228852404367,0.532280730215671,0.805153615555492,0.977344939830032,0.974524968991727,0.791773827593454,0.532280730215671
34.6328860738395,0.532280730215671,0.805156190496056,0.97736185278642,0.974486096589297,0.791682386396489,0.532280730215671
34.6428869072423,0.532280730215671,0.805158765823248,0.977378874908137,0.974446926246641,0.791590344378508,0.532280730215671
34.6528877406451,0.532280730215671,0.805161341837405,0.977396006580571,0.974407456488004,0.791497700102891,0.532280730215671
34.6628885740478,0.532280730215671,0.805163918840815,0.977413248186259,0.974367685837055,0.791404452153037,0.532280730215671
34.6728894074506,0.532280730215671,0.805166497136985,0.977430600104312,0.974327612817715,0.791310599134034,0.532280730215671
34.6828902408534,0.532280730215671,0.805169077029886,0.977448062709844,0.974287235954968,0.791216139674297,0.532280730215671
34.6928910742562,0.532280730215671,0.805171658823284,0.977465636373441,0.974246553775658,0.791121072427136,0.532280730215671
34.702891907659,0.532280730215671,0.805174242820053,0.977483321460632,0.974205564809252,0.791025396072286,0.532280730215671
34.7128927410618,0.532280730215671,0.805176829321549,0.977501118331402,0.974164267588575,0.790929109317351,0.532280730215671
34.7228935744645,0.532280730215671,0.805179418627034,0.977519027339729,0.974122660650505,0.79083221089918,0.532280730215671
34.7328944078673,0.532280730215671,0.805182011033128,0.97753704883315,0.974080742536639,0.790734699585158,0.532280730215671
34.7428952412701,0.532280730215671,0.805184606833308,0.977555183152365,0.974038511793907,0.790636574174415,0.532280730215671
34.7528960746729,0.532280730215671,0.805187206317476,0.977573430630869,0.97399596697515,0.790537833498939,0.532280730215671
34.7628969080757,0.532280730215671,0.805189809771548,0.977591791594626,0.973953106639648,0.790438476424589,0.532280730215671
34.7728977414785,0.532280730215671,0.805192417477122,0.977610266361782,0.973909929353597,0.790338501852013,0.532280730215671
34.7828985748812,0.532280730215671,0.805195029711183,0.977628855242405,0.973866433690541,0.790237908717466,0.532280730215671
34.792899408284,0.532280730215671,0.805197646745871,0.977647558538278,0.973822618231751,0.790136695993516,0.532280730215671
34.8029002416868,0.532280730215671,0.805200268848289,0.977666376542721,0.973778481566548,0.790034862689649,0.532280730215671
34.8129010750896,0.532280730215671,0.805202896280399,0.977685309540455,0.973734022292574,0.789932407852769,0.532280730215671
34.8229019084924,0.532280730215671,0.805205529298932,0.977704357807509,0.973689239016012,0.789829330567574,0.532280730215671
34.8329027418952,0.532280730215671,0.805208168155372,0.977723521611159,0.97364413035175,0.789725629956859,0.532280730215671
34.8429035752979,0.532280730215671,0.805210813096005,0.977742801209911,0.973598694923491,0.789621305181672,0.532280730215671
34.8529044087007,0.532280730215671,0.80521346436199,0.977762196853519,0.973552931363813,0.789516355441411,0.532280730215671
34.8629052421035,0.532280730215671,0.805216122189498,0.97778170878303,0.973506838314181,0.789410779973781,0.532280730215671
34.8729060755063,0.532280730215671,0.805218786809893,0.977801337230885,0.973460414424897,0.789304578054683,0.532280730215671
34.8829069089091,0.532280730215671,0.805221458449977,0.977821082421028,0.973413658355016,0.789197748997994,0.532280730215671
34.8929077423119,0.532280730215671,0.805224137332229,0.977840944569062,0.973366568772208,0.789090292155256,0.532280730215671
34.9029085757146,0.532280730215671,0.805226823675146,0.977860923882438,0.973319144352574,0.7889822069153,0.532280730215671
34.9129094091174,0.532280730215671,0.805229517693574,0.977881020560649,0.973271383780428,0.788873492703761,0.532280730215671
34.9229102425202,0.532280730215671,0.805232219599098,0.977901234795478,0.973223285748036,0.788764148982547,0.532280730215671
34.932911075923,0.532280730215671,0.805234929600447,0.977921566771244,0.973174848955312,0.788654175249222,0.532280730215671
34.9429119093258,0.532280730215671,0.805237647903939,0.977942016665091,0.973126072109496,0.788543571036332,0.532280730215671
34.9529127427286,0.532280730215671,0.805240374713937,0.977962584647271,0.973076953924789,0.788432335910675,0.532280730215671
34.9629135761313,0.532280730215671,0.805243110233348,0.977983270881467,0.973027493121968,0.788320469472534,0.532280730215671
34.9729144095341,0.532280730215671,0.805245854664102,0.978004075525109,0.972977688427975,0.788207971354839,0.532280730215671
34.9829152429369,0.532280730215671,0.805248608207678,0.978024998729713,0.972927538575493,0.788094841222327,0.532280730215671
34.9929160763397,0.532280730215671,0.805251371065625,0.978046040641221,0.972877042302491,0.787981078770658,0.532280730215671
35.0029169097425,0.532280730215671,0.805254143440077,0.978067201400352,0.972826198351776,0.787866683725497,0.532280730215671
35.0129177431453,0.532280730215671,0.805256925534292,0.978088481142943,0.972775005470525,0.787751655841618,0.532280730215671
35.022918576548,0.532280730215671,0.805259717553176,0.978109880000315,0.972723462409812,0.787635994901961,0.532280730215671
35.0329194099508,0.532280730215671,0.805262519703801,0.978131398099606,0.972671567924138,0.787519700716713,0.532280730215671
35.0429202433536,0.532280730215671,0.805265332195922,0.978153035564118,0.97261932077096,0.78740277312239,0.532280730215671
35.0529210767564,0.532280730215671,0.805268155242471,0.978174792513659,0.972566719710228,0.787285211980928,0.532280730215671
35.0629219101592,0.532280730215671,0.805270989060043,0.978196669064859,0.97251376350393,0.787167017178801,0.532280730215671
35.072922743562,0.532280730215671,0.805273833869369,0.978218665331493,0.972460450915651,0.787048188626154,0.532280730215671
35.0829235769647,0.532280730215671,0.805276689895757,0.978240781424777,0.97240678071014,0.786928726255979,0.532280730215671
35.0929244103675,0.532280730215671,0.805279557369507,0.978263017453653,0.972352751652913,0.786808630023319,0.532280730215671
35.1029252437703,0.532280730215671,0.805282436526325,0.978285373525062,0.972298362509854,0.786687899904511,0.532280730215671
35.1129260771731,0.532280730215671,0.80528532760768,0.978307849744188,0.972243612046861,0.786566535896489,0.532280730215671
35.1229269105759,0.532280730215671,0.805288230861153,0.978330446214691,0.972188499029504,0.786444538016119,0.532280730215671
35.1329277439787,0.532280730215671,0.805291146540721,0.978353163038912,0.972133022222723,0.786321906299611,0.532280730215671
35.1429285773814,0.532280730215671,0.805294074907066,0.978376000318056,0.972077180390549,0.786198640801965,0.532280730215671
35.1529294107842,0.532280730215671,0.805297016227791,0.978398958152361,0.972020972295857,0.786074741596494,0.532280730215671
35.162930244187,0.532280730215671,0.805299970777639,0.978422036641224,0.971964396700162,0.785950208774406,0.532280730215671
35.1729310775898,0.532280730215671,0.80530293883865,0.978445235883325,0.971907452363442,0.785825042444451,0.532280730215671
35.1829319109926,0.532280730215671,0.805305920700312,0.978468555976703,0.971850138044001,0.78569924273264,0.532280730215671
35.1929327443954,0.532280730215671,0.805308916659642,0.978491997018823,0.97179245249837,0.785572809782024,0.532280730215671
35.2029335777981,0.532280730215671,0.805311927021266,0.978515559106612,0.971734394481245,0.785445743752545,0.532280730215671
35.2129344112009,0.532280730215671,0.805314952097422,0.978539242336463,0.971675962745466,0.785318044820963,0.532280730215671
35.2229352446037,0.532280730215671,0.805317992207973,0.978563046804226,0.971617156042027,0.785189713180842,0.532280730215671
35.2329360780065,0.532280730215671,0.805321047680334,0.978586972605164,0.971557973120141,0.785060749042619,0.532280730215671
35.2429369114093,0.532280730215671,0.805324118849433,0.978611019833892,0.971498412727323,0.784931152633719,0.532280730215671
35.2529377448121,0.532280730215671,0.805327206057558,0.978635188584284,0.971438473609522,0.784800924198753,0.532280730215671
35.2629385782149,0.532280730215671,0.805330309654242,0.978659478949362,0.971378154511297,0.784670063999782,0.532280730215671
35.2729394116176,0.532280730215671,0.805333429996077,0.978683891021171,0.971317454176007,0.784538572316618,0.532280730215671
35.2829402450204,0.532280730215671,0.805336567446524,0.978708424890618,0.971256371346058,0.784406449447218,0.532280730215671
35.2929410784232,0.532280730215671,0.805339722375667,0.978733080647299,0.971194904763173,0.784273695708108,0.532280730215671
35.302941911826,0.532280730215671,0.805342895159984,0.978757858379315,0.971133053168692,0.784140311434873,0.532280730215671
35.3129427452288,0.532280730215671,0.805346086182057,0.978782758173058,0.971070815303903,0.784006296982688,0.532280730215671
35.3229435786316,0.532280730215671,0.805349295830286,0.978807780112993,0.971008189910412,0.783871652726899,0.532280730215671
35.3329444120343,0.532280730215671,0.80535252449857,0.978832924281417,0.970945175730517,0.783736379063641,0.532280730215671
35.3429452454371,0.532280730215671,0.80535577258598,0.978858190758213,0.970881771507629,0.783600476410501,0.532280730215671
35.3529460788399,0.532280730215671,0.80535904049643,0.978883579620597,0.970817975986698,0.783463945207208,0.532280730215671
35.3629469122427,0.532280730215671,0.805362328638301,0.978909090942838,0.970753787914668,0.783326785916342,0.532280730215671
35.3729477456455,0.532280730215671,0.805365637424104,0.978934724795996,0.970689206040939,0.783188999024082,0.532280730215671
35.3829485790483,0.532280730215671,0.805368967270095,0.978960481247636,0.970624229117859,0.783050585040962,0.532280730215671
35.392949412451,0.532280730215671,0.805372318595918,0.978986360361549,0.970558855901205,0.78291154450264,0.532280730215671
35.4029502458538,0.532280730215671,0.805375691824223,0.979012362197463,0.9704930851507,0.782771877970689,0.532280730215671
35.4129510792566,0.532280730215671,0.805379087380301,0.979038486810761,0.970426915630512,0.782631586033364,0.532280730215671
35.4229519126594,0.532280730215671,0.805382505691716,0.979064734252199,0.970360346109769,0.782490669306407,0.532280730215671
35.4329527460622,0.532280730215671,0.805385947187937,0.979091104567622,0.970293375363081,0.782349128433809,0.532280730215671
35.442953579465,0.532280730215671,0.805389412299992,0.979117597797692,0.970226002171046,0.782206964088588,0.532280730215671
35.4529544128677,0.532280730215671,0.805392901460109,0.979144213977617,0.970158225320764,0.782064176973533,0.532280730215671
35.4629552462705,0.532280730215671,0.805396415101405,0.979170953136891,0.970090043606342,0.781920767821954,0.532280730215671
35.4729560796733,0.532280730215671,0.805399953657537,0.979197815299039,0.97002145582939,0.781776737398375,0.532280730215671
35.4829569130761,0.532280730215671,0.805403517562419,0.979224800481381,0.969952460799505,0.781632086499238,0.532280730215671
35.4929577464789,0.532280730215671,0.805407107249925,0.979251908694792,0.969883057334746,0.781486815953547,0.532280730215671
35.5029585798817,0.532280730215671,0.805410723153615,0.979279139943489,0.969813244262095,0.781340926623499,0.532280730215671
35.5129594132844,0.532280730215671,0.805414365706478,0.979306494224828,0.9697430204179,0.78119441940506,0.532280730215671
35.5229602466872,0.532280730215671,0.805418035340713,0.979333971529107,0.969672384648295,0.781047295228515,0.532280730215671
35.53296108009,0.532280730215671,0.805421732487501,0.979361571839395,0.96960133580961,0.780899555058978,0.532280730215671
35.5429619134928,0.532280730215671,0.805425457576829,0.979389295131372,0.969529872768754,0.780751199896839,0.532280730215671
35.5529627468956,0.532280730215671,0.80542921103731,0.979417141373184,0.969457994403579,0.780602230778187,0.532280730215671
35.5629635802984,0.532280730215671,0.805432993296046,0.979445110525317,0.969385699603213,0.780452648775169,0.532280730215671
35.5729644137011,0.532280730215671,0.805436804778495,0.979473202540483,0.969312987268384,0.780302454996307,0.532280730215671
35.5829652471039,0.532280730215671,0.805440645908389,0.979501417363534,0.969239856311702,0.780151650586773,0.532280730215671
35.5929660805067,0.532280730215671,0.805444517107631,0.979529754931381,0.969166305657925,0.780000236728589,0.532280730215671
35.6029669139095,0.532280730215671,0.805448418796267,0.979558215172932,0.969092334244202,0.779848214640804,0.532280730215671
35.6129677473123,0.532280730215671,0.805452351392434,0.979586798009061,0.969017941020276,0.779695585579596,0.532280730215671
35.6229685807151,0.532280730215671,0.80545631531236,0.979615503352571,0.968943124948683,0.779542350838339,0.532280730215671
35.6329694141178,0.532280730215671,0.805460310970369,0.979644331108196,0.9688678850049,0.779388511747616,0.532280730215671
35.6429702475206,0.532280730215671,0.805464338778924,0.979673281172598,0.968792220177486,0.779234069675176,0.532280730215671
35.6529710809234,0.532280730215671,0.805468399148657,0.979702353434398,0.968716129468188,0.779079026025848,0.532280730215671
35.6629719143262,0.532280730215671,0.80547249248846,0.979731547774208,0.968639611892029,0.778923382241413,0.532280730215671
35.672972747729,0.532280730215671,0.805476619205555,0.979760864064685,0.968562666477363,0.778767139800418,0.532280730215671
35.6829735811318,0.532280730215671,0.805480779705604,0.979790302170596,0.96848529226592,0.778610300217961,0.532280730215671
35.6929744145345,0.532280730215671,0.805484974392826,0.97981986194889,0.968407488312814,0.778452865045422,0.532280730215671
35.7029752479373,0.532280730215671,0.805489203670128,0.979849543248794,0.968329253686539,0.778294835870164,0.532280730215671
35.7129760813401,0.532280730215671,0.805493467939245,0.979879345911907,0.968250587468949,0.778136214315194,0.532280730215671
35.7229769147429,0.532280730215671,0.8054977676009,0.979909269772307,0.96817148875521,0.777977002038795,0.532280730215671
35.7329777481457,0.532280730215671,0.805502103054959,0.979939314656675,0.968091956653742,0.77781720073412,0.532280730215671
35.7429785815485,0.532280730215671,0.805506474700611,0.979969480384412,0.968011990286141,0.777656812128761,0.532280730215671
35.7529794149512,0.532280730215671,0.80551088293653,0.979999766767771,0.967931588787095,0.777495837984299,0.532280730215671
35.762980248354,0.532280730215671,0.805515328161082,0.980030173611996,0.967850751304282,0.777334280095827,0.532280730215671
35.7729810817568,0.532280730215671,0.80551981077247,0.980060700715457,0.96776947699826,0.777172140291454,0.532280730215671
35.7829819151596,0.532280730215671,0.805524331168963,0.980091347869798,0.967687765042344,0.777009420431795,0.532280730215671
35.7929827485624,0.532280730215671,0.805528889749048,0.980122114860075,0.967605614622488,0.776846122409456,0.532280730215671
35.8029835819652,0.532280730215671,0.805533486911634,0.980153001464907,0.967523024937148,0.776682248148501,0.532280730215671
35.8129844153679,0.532280730215671,0.805538123056213,0.980184007456614,0.967439995197158,0.77651779960392,0.532280730215671
35.8229852487707,0.532280730215671,0.805542798583064,0.980215132601366,0.967356524625588,0.77635277876109,0.532280730215671
35.8329860821735,0.532280730215671,0.805547513893391,0.980246376659321,0.967272612457617,0.776187187635249,0.532280730215671
35.8429869155763,0.532280730215671,0.805552269389511,0.980277739384759,0.967188257940404,0.776021028270958,0.532280730215671
35.8529877489791,0.532280730215671,0.805557065474996,0.980309220526222,0.967103460332956,0.775854302741579,0.532280730215671
35.8629885823819,0.532280730215671,0.805561902554825,0.980340819826631,0.967018218906015,0.77568701314877,0.532280730215671
35.8729894157847,0.532280730215671,0.80556678103551,0.980372537023418,0.966932532941942,0.775519161621982,0.532280730215671
35.8829902491874,0.532280730215671,0.805571701325234,0.980404371848629,0.966846401734621,0.775350750317975,0.532280730215671
35.8929910825902,0.532280730215671,0.805576663833946,0.980436324029041,0.966759824589357,0.775181781420346,0.532280730215671
35.902991915993,0.532280730215671,0.805581668973465,0.980468393286249,0.966672800822809,0.775012257139108,0.532280730215671
35.9129927493958,0.532280730215671,0.805586717157569,0.980500579336766,0.966585329762914,0.77484217971024,0.532280730215671
35.9229935827986,0.532280730215671,0.805591808802055,0.980532881892094,0.966497410748842,0.774671551395302,0.532280730215671
35.9329944162014,0.532280730215671,0.805596944324806,0.9805653006588,0.966409043130955,0.774500374481067,0.532280730215671
35.9429952496041,0.532280730215671,0.80560212414582,0.980597835338569,0.966320226270793,0.774328651279166,0.532280730215671
35.9529960830069,0.532280730215671,0.805607348687239,0.980630485628263,0.966230959541069,0.774156384125776,0.532280730215671
35.9629969164097,0.532280730215671,0.805612618373357,0.980663251219948,0.966141242325689,0.773983575381341,0.532280730215671
35.9729977498125,0.532280730215671,0.805617933630614,0.98069613180093,0.966051074019787,0.773810227430306,0.532280730215671
35.9829985832153,0.532280730215671,0.805623294887575,0.980729127053769,0.965960454029776,0.773636342680898,0.532280730215671
35.9929994166181,0.532280730215671,0.805628702574887,0.980762236656284,0.965869381773433,0.773461923564925,0.532280730215671
36.0030002500208,0.532280730215671,0.805634157125233,0.980795460281551,0.965777856679983,0.773286972537632,0.532280730215671
36.0130010834236,0.532280730215671,0.805639658973263,0.980828797597883,0.965685878190221,0.773111492077548,0.532280730215671
36.0230019168264,0.532280730215671,0.805645208555503,0.980862248268808,0.965593445756647,0.772935484686407,0.532280730215671
36.0330027502292,0.532280730215671,0.805650806310272,0.980895811953034,0.965500558843617,0.772758952889066,0.532280730215671
36.043003583632,0.532280730215671,0.805656452677571,0.980929488304398,0.965407216927522,0.772581899233474,0.532280730215671
36.0530044170347,0.532280730215671,0.805662148098952,0.980963276971815,0.96531341949698,0.772404326290658,0.532280730215671
36.0630052504375,0.532280730215671,0.805667893017396,0.980997177599215,0.965219166053052,0.772226236654747,0.532280730215671
36.0730060838403,0.532280730215671,0.805673687877157,0.981031189825467,0.965124456109468,0.772047632943014,0.532280730215671
36.0830069172431,0.532280730215671,0.805679533123626,0.981065313284305,0.965029289192878,0.771868517795945,0.532280730215671
36.0930077506459,0.532280730215671,0.80568542920314,0.981099547604234,0.96493366484312,0.771688893877338,0.532280730215671
36.1030085840487,0.532280730215671,0.805691376562835,0.981133892408439,0.964837582613495,0.771508763874413,0.532280730215671
36.1130094174515,0.532280730215671,0.805697375650456,0.98116834731469,0.964741042071066,0.771328130497955,0.532280730215671
36.1230102508542,0.532280730215671,0.805703426914165,0.981202911935232,0.964644042796969,0.771146996482465,0.532280730215671
36.133011084257,0.532280730215671,0.805709530802363,0.981237585876678,0.964546584386728,0.770965364586325,0.532280730215671
36.1430119176598,0.532280730215671,0.80571568776348,0.981272368739896,0.964448666450594,0.770783237591993,0.532280730215671
36.1530127510626,0.532280730215671,0.805721898245788,0.981307260119894,0.964350288613887,0.770600618306196,0.532280730215671
36.1630135844654,0.532280730215671,0.80572816269719,0.981342259605703,0.964251450517341,0.770417509560129,0.532280730215671
36.1730144178682,0.532280730215671,0.805734481565022,0.981377366780259,0.964152151817474,0.770233914209671,0.532280730215671
36.1830152512709,0.532280730215671,0.805740855295846,0.981412581220277,0.964052392186943,0.77004983513561,0.532280730215671
36.1930160846737,0.532280730215671,0.805747284335254,0.981447902496142,0.963952171314917,0.76986527524385,0.532280730215671
36.2030169180765,0.532280730215671,0.805753769127663,0.981483330171781,0.963851488907451,0.76968023746564,0.532280730215671
36.2130177514793,0.532280730215671,0.80576031011611,0.981518863804552,0.963750344687857,0.76949472475779,0.532280730215671
36.2230185848821,0.532280730215671,0.805766907742071,0.981554502945128,0.96364873839708,0.769308740102884,0.532280730215671
36.2330194182849,0.532280730215671,0.805773562445259,0.981590247137384,0.963546669794074,0.769122286509485,0.532280730215671
36.2430202516876,0.532280730215671,0.805780274663442,0.98162609591829,0.963444138656168,0.768935367012336,0.532280730215671
36.2530210850904,0.532280730215671,0.80578704483226,0.981662048817809,0.963341144779436,0.768747984672549,0.532280730215671
36.2630219184932,0.532280730215671,0.805793873385061,0.981698105358795,0.963237687979064,0.768560142577772,0.532280730215671
36.273022751896,0.532280730215671,0.805800760752724,0.981734265056901,0.963133768089697,0.768371843842358,0.532280730215671
36.2830235852988,0.532280730215671,0.805807707363501,0.981770527420496,0.963029384965792,0.768183091607502,0.532280730215671
36.2930244187016,0.532280730215671,0.805814713642875,0.981806891950573,0.962924538481963,0.767993889041373,0.532280730215671
36.3030252521043,0.532280730215671,0.805821780013413,0.981843358140689,0.962819228533302,0.767804239339208,0.532280730215671
36.3130260855071,0.532280730215671,0.805828906894632,0.981879925476885,0.962713455035709,0.76761414572341,0.532280730215671
36.3230269189099,0.532280730215671,0.805836094702873,0.981916593437632,0.96260721792619,0.767423611443604,0.532280730215671
36.3330277523127,0.532280730215671,0.805843343851194,0.98195336149378,0.962500517163162,0.767232639776673,0.532280730215671
36.3430285857155,0.532280730215671,0.805850654749265,0.981990229108513,0.96239335272673,0.767041234026785,0.532280730215671
36.3530294191183,0.532280730215671,0.805858027803264,0.982027195737308,0.96228572461896,0.766849397525371,0.532280730215671
36.363030252521,0.532280730215671,0.805865463415807,0.982064260827914,0.962177632864128,0.766657133631092,0.532280730215671
36.3730310859238,0.532280730215671,0.805872961985855,0.982101423820331,0.962069077508973,0.766464445729782,0.532280730215671
36.3830319193266,0.532280730215671,0.80588052390867,0.982138684146794,0.961960058622904,0.766271337234357,0.532280730215671
36.3930327527294,0.532280730215671,0.80588814957574,0.982176041231772,0.961850576298225,0.766077811584702,0.532280730215671
36.4030335861322,0.532280730215671,0.805895839374748,0.982213494491979,0.961740630650322,0.765883872247527,0.532280730215671
36.413034419535,0.532280730215671,0.805903593689522,0.982251043336377,0.961630221817839,0.765689522716203,0.532280730215671
36.4230352529377,0.532280730215671,0.805911412900018,0.982288687166204,0.961519349962848,0.765494766510567,0.532280730215671
36.4330360863405,0.532280730215671,0.805919297382294,0.982326425374997,0.961408015270992,0.765299607176706,0.532280730215671
36.4430369197433,0.532280730215671,0.805927247508494,0.982364257348634,0.961296217951616,0.76510404828671,0.532280730215671
36.4530377531461,0.532280730215671,0.805935263646853,0.98240218246537,0.961183958237885,0.764908093438408,0.532280730215671
36.4630385865489,0.532280730215671,0.805943346161695,0.982440200095893,0.961071236386885,0.764711746255072,0.532280730215671
36.4730394199517,0.532280730215671,0.805951495413438,0.982478309603372,0.960958052679717,0.764515010385113,0.532280730215671
36.4830402533544,0.532280730215671,0.805959711758612,0.982516510343525,0.960844407421561,0.764317889501742,0.532280730215671
36.4930410867572,0.532280730215671,0.805967995549883,0.982554801664685,0.960730300941749,0.764120387302613,0.532280730215671
36.50304192016,0.532280730215671,0.80597634713607,0.982593182907869,0.960615733593802,0.763922507509456,0.532280730215671
36.5130427535628,0.532280730215671,0.805984766862174,0.982631653406859,0.960500705755478,0.76372425386769,0.532280730215671
36.5230435869656,0.532280730215671,0.805993255069422,0.982670212488281,0.960385217828789,0.763525630146011,0.532280730215671
36.5330444203684,0.532280730215671,0.806001812095284,0.982708859471687,0.960269270240026,0.763326640135975,0.532280730215671
36.5430452537711,0.532280730215671,0.806010438273524,0.982747593669647,0.960152863439762,0.763127287651574,0.532280730215671
36.5530460871739,0.532280730215671,0.806019133934232,0.982786414387838,0.960035997902853,0.762927576528788,0.532280730215671
36.5630469205767,0.532280730215671,0.806027899403863,0.982825320925135,0.959918674128425,0.762727510625134,0.532280730215671
36.5730477539795,0.532280730215671,0.806036735005272,0.982864312573707,0.95980089263987,0.762527093819206,0.532280730215671
36.5830485873823,0.532280730215671,0.806045641057764,0.982903388619108,0.959682653984814,0.76232633001022,0.532280730215671
36.5930494207851,0.532280730215671,0.806054617877122,0.982942548340378,0.959563958735108,0.762125223117532,0.532280730215671
36.6030502541878,0.532280730215671,0.806063665775647,0.982981791010136,0.95944480748679,0.761923777080182,0.532280730215671
36.6130510875906,0.532280730215671,0.806072785062185,0.983021115894675,0.95932520086006,0.761721995856413,0.532280730215671
36.6230519209934,0.532280730215671,0.806081976042165,0.983060522254056,0.959205139499254,0.761519883423203,0.532280730215671
36.6330527543962,0.532280730215671,0.806091239017625,0.983100009342205,0.959084624072806,0.761317443775802,0.532280730215671
36.643053587799,0.532280730215671,0.806100574287229,0.983139576407001,0.958963655273232,0.761114680927268,0.532280730215671
36.6530544212018,0.532280730215671,0.806109982146297,0.983179222690363,0.958842233817089,0.760911598907997,0.532280730215671
36.6630552546046,0.532280730215671,0.806119462886806,0.983218947428345,0.95872036044496,0.760708201765295,0.532280730215671
36.6730560880073,0.532280730215671,0.806129016797413,0.983258749851213,0.958598035921432,0.760504493562916,0.532280730215671
36.6830569214101,0.532280730215671,0.80613864416345,0.983298629183527,0.958475261035078,0.760300478380639,0.532280730215671
36.6930577548129,0.532280730215671,0.806148345266926,0.983338584644223,0.958352036598446,0.760096160313841,0.532280730215671
36.7030585882157,0.532280730215671,0.806158120386519,0.983378615446684,0.95822836344806,0.7598915434731,0.532280730215671
36.7130594216185,0.532280730215671,0.806167969797563,0.983418720798807,0.958104242444414,0.759686631983778,0.532280730215671
36.7230602550213,0.532280730215671,0.806177893772029,0.983458899903074,0.957979674471987,0.759481429985653,0.532280730215671
36.733061088424,0.532280730215671,0.806187892578497,0.983499151956614,0.957854660439257,0.759275941632543,0.532280730215671
36.7430619218268,0.532280730215671,0.806197966482128,0.983539476151256,0.957729201278731,0.759070171091951,0.532280730215671
36.7530627552296,0.532280730215671,0.806208115744621,0.983579871673584,0.957603297946974,0.758864122544731,0.532280730215671
36.7630635886324,0.532280730215671,0.806218340624172,0.983620337704991,0.957476951424659,0.758657800184764,0.532280730215671
36.7730644220352,0.532280730215671,0.80622864137542,0.983660873421715,0.957350162716609,0.758451208218649,0.532280730215671
36.783065255438,0.532280730215671,0.806239018249387,0.983701477994882,0.957222932851876,0.758244350865417,0.532280730215671
36.7930660888407,0.532280730215671,0.806249471493431,0.983742150590545,0.957095262883795,0.758037232356252,0.532280730215671
36.8030669222435,0.532280730215671,0.806260001351152,0.983782890369711,0.956967153890079,0.757829856934234,0.532280730215671
36.8130677556463,0.532280730215671,0.806270608062338,0.983823696488368,0.956838606972907,0.757622228854108,0.532280730215671
36.8230685890491,0.532280730215671,0.80628129186287,0.983864568097512,0.956709623259021,0.757414352382045,0.532280730215671
36.8330694224519,0.532280730215671,0.806292052984654,0.98390550434316,0.956580203899841,0.75720623179544,0.532280730215671
36.8430702558547,0.532280730215671,0.806302891655516,0.983946504366372,0.956450350071585,0.756997871382716,0.532280730215671
36.8530710892574,0.532280730215671,0.806313808099114,0.983987567303258,0.956320062975393,0.756789275443144,0.532280730215671
36.8630719226602,0.532280730215671,0.806324802534847,0.984028692284991,0.956189343837469,0.756580448286673,0.532280730215671
36.873072756063,0.532280730215671,0.806335875177734,0.984069878437808,0.956058193909223,0.756371394233784,0.532280730215671
36.8830735894658,0.532280730215671,0.806347026238331,0.984111124883021,0.955926614467425,0.756162117615343,0.532280730215671
36.8930744228686,0.532280730215671,0.806358255922615,0.984152430737008,0.955794606814365,0.75595262277247,0.532280730215671
36.9030752562714,0.532280730215671,0.806369564431861,0.984193795111223,0.955662172278014,0.755742914056428,0.532280730215671
36.9130760896741,0.532280730215671,0.806380951962559,0.984235217112184,0.955529312212203,0.755532995828503,0.532280730215671
36.9230769230769,0.532280730215671,0.806392418706267,0.984276695841477,0.955396027996795,0.755322872459903,0.532280730215671
36.9330777564797,0.532280730215671,0.806403964849526,0.984318230395746,0.955262321037864,0.755112548331675,0.532280730215671
36.9430785898825,0.532280730215671,0.806415590573724,0.984359819866688,0.955128192767888,0.754902027834599,0.532280730215671
36.9530794232853,0.532280730215671,0.80642729605499,0.984401463341051,0.954993644645922,0.754691315369117,0.532280730215671
36.9630802566881,0.532280730215671,0.806439081464082,0.984443159900625,0.954858678157801,0.754480415345249,0.532280730215671
36.9730810900908,0.532280730215671,0.806450946966259,0.984484908622237,0.954723294816322,0.754269332182515,0.532280730215671
36.9830819234936,0.532280730215671,0.806462892721185,0.984526708577746,0.954587496161436,0.754058070309859,0.532280730215671
36.9930827568964,0.532280730215671,0.806474918882809,0.984568558834046,0.954451283760434,0.753846634165571,0.532280730215671
37.0030835902992,0.532280730215671,0.80648702559925,0.984610458453052,0.954314659208149,0.753635028197213,0.532280730215671
37.013084423702,0.532280730215671,0.806499213012701,0.984652406491714,0.954177624127118,0.753423256861535,0.532280730215671
37.0230852571048,0.532280730215671,0.806511481259316,0.984694402002008,0.95404018016779,0.753211324624407,0.532280730215671
37.0330860905075,0.532280730215671,0.806523830469113,0.984736444030944,0.953902329008688,0.752999235960707,0.532280730215671
37.0430869239103,0.532280730215671,0.806536260765872,0.984778531620575,0.95376407235659,0.752786995354253,0.532280730215671
37.0530877573131,0.532280730215671,0.806548772267036,0.984820663808005,0.953625411946696,0.75257460729769,0.532280730215671
37.0630885907159,0.532280730215671,0.806561365083631,0.984862839625398,0.953486349542791,0.752362076292395,0.532280730215671
37.0730894241187,0.532280730215671,0.806574039320177,0.984905058100004,0.953346886937398,0.752149406848353,0.532280730215671
37.0830902575215,0.532280730215671,0.806586795074585,0.984947318254168,0.953207025951932,0.75193660348404,0.532280730215671
37.0930910909242,0.532280730215671,0.806599632438113,0.984989619105361,0.953066768436831,0.751723670726292,0.532280730215671
37.103091924327,0.532280730215671,0.806612551495261,0.985031959666203,0.952926116271695,0.751510613110163,0.532280730215671
37.1130927577298,0.532280730215671,0.806625552323722,0.985074338944497,0.952785071365401,0.751297435178771,0.532280730215671
37.1230935911326,0.532280730215671,0.806638634994303,0.985116755943262,0.952643635656223,0.751084141483127,0.532280730215671
37.1330944245354,0.532280730215671,0.806651799570882,0.985159209660776,0.952501811111923,0.750870736581975,0.532280730215671
37.1430952579382,0.532280730215671,0.806665046110335,0.985201699090615,0.95235959972985,0.75065722504159,0.532280730215671
37.1530960913409,0.532280730215671,0.806678374662495,0.985244223221704,0.952217003537017,0.750443611435586,0.532280730215671
37.1630969247437,0.532280730215671,0.806691785270113,0.98528678103837,0.952074024590172,0.750229900344697,0.532280730215671
37.1730977581465,0.532280730215671,0.806705277968807,0.985329371520396,0.951930664975848,0.750016096356565,0.532280730215671
37.1830985915493,0.532280730215671,0.806718852787027,0.985371993643083,0.951786926810423,0.749802204065486,0.532280730215671
37.1930994249521,0.532280730215671,0.806732509746038,0.985414646377315,0.95164281224014,0.749588228072175,0.532280730215671
37.2031002583549,0.532280730215671,0.80674624885987,0.985457328689628,0.951498323441139,0.749374172983497,0.532280730215671
37.2131010917576,0.532280730215671,0.806760070135321,0.985500039542279,0.951353462619463,0.749160043412191,0.532280730215671
37.2231019251604,0.532280730215671,0.806773973571916,0.98554277789333,0.951208232011065,0.748945843976601,0.532280730215671
37.2331027585632,0.532280730215671,0.806787959161905,0.985585542696721,0.951062633881784,0.748731579300361,0.532280730215671
37.243103591966,0.532280730215671,0.806802026890255,0.985628332902356,0.950916670527339,0.748517254012101,0.532280730215671
37.2531044253688,0.532280730215671,0.806816176734637,0.985671147456195,0.950770344273278,0.748302872745121,0.532280730215671
37.2631052587716,0.532280730215671,0.806830408665417,0.985713985300337,0.950623657474948,0.748088440137075,0.532280730215671
37.2731060921743,0.532280730215671,0.806844722645667,0.985756845373114,0.950476612517434,0.747873960829631,0.532280730215671
37.2831069255771,0.532280730215671,0.806859118631161,0.985799726609194,0.950329211815498,0.747659439468128,0.532280730215671
37.2931077589799,0.532280730215671,0.806873596570374,0.985842627939669,0.950181457813502,0.747444880701223,0.532280730215671
37.3031085923827,0.532280730215671,0.8068881564045,0.985885548292165,0.950033352985331,0.747230289180542,0.532280730215671
37.3131094257855,0.532280730215671,0.806902798067449,0.985928486590941,0.949884899834295,0.747015669560307,0.532280730215671
37.3231102591883,0.532280730215671,0.806917521485866,0.985971441756988,0.949736100893039,0.746801026496982,0.532280730215671
37.333111092591,0.532280730215671,0.806932326579131,0.986014412708144,0.949586958723436,0.746586364648887,0.532280730215671
37.3431119259938,0.532280730215671,0.806947213259384,0.986057398359196,0.949437475916469,0.746371688675831,0.532280730215671
37.3531127593966,0.532280730215671,0.806962181431533,0.98610039762199,0.949287655092114,0.746157003238738,0.532280730215671
37.3631135927994,0.532280730215671,0.806977230993259,0.986143409405537,0.949137498899226,0.745942312999257,0.532280730215671
37.3731144262022,0.532280730215671,0.806992361835047,0.986186432616128,0.948987010015398,0.745727622619395,0.532280730215671
37.383115259605,0.532280730215671,0.807007573840177,0.986229466157437,0.948836191146834,0.745512936761141,0.532280730215671
37.3931160930077,0.532280730215671,0.807022866884762,0.986272508930637,0.948685045028214,0.745298260086073,0.532280730215671
37.4031169264105,0.532280730215671,0.80703824083774,0.986315559834504,0.948533574422554,0.745083597255001,0.532280730215671
37.4131177598133,0.532280730215671,0.807053695560895,0.98635861776553,0.948381782121062,0.744868952927587,0.532280730215671
37.4231185932161,0.532280730215671,0.80706923090887,0.986401681618032,0.948229670942999,0.74465433176198,0.532280730215671
37.4331194266189,0.532280730215671,0.807084846729176,0.986444750284256,0.948077243735532,0.744439738414451,0.532280730215671
37.4431202600217,0.532280730215671,0.807100542862187,0.986487822654487,0.947924503373591,0.74422517753904,0.532280730215671
37.4531210934244,0.532280730215671,0.807116319141168,0.986530897617151,0.947771452759723,0.744010653787204,0.532280730215671
37.4631219268272,0.532280730215671,0.807132175392262,0.986573974058924,0.947618094823955,0.743796171807468,0.532280730215671
37.47312276023,0.532280730215671,0.807148111434509,0.986617050864831,0.947464432523635,0.743581736245094,0.532280730215671
37.4831235936328,0.532280730215671,0.807164127079826,0.986660126918346,0.947310468843311,0.74336735174175,0.532280730215671
37.4931244270356,0.532280730215671,0.807180222133033,0.986703201101496,0.947156206794579,0.743153022935192,0.532280730215671
37.5031252604384,0.532280730215671,0.807196396391825,0.986746272294952,0.947001649415949,0.742938754458951,0.532280730215671
37.5131260938412,0.532280730215671,0.807212649646781,0.98678933937813,0.946846799772714,0.742724550942032,0.532280730215671
37.5231269272439,0.532280730215671,0.807228981681354,0.98683240122928,0.946691660956814,0.742510417008623,0.532280730215671
37.5331277606467,0.532280730215671,0.807245392271858,0.986875456725581,0.946536236086715,0.742296357277812,0.532280730215671
37.5431285940495,0.532280730215671,0.807261881187459,0.986918504743225,0.946380528307279,0.742082376363317,0.532280730215671
37.5531294274523,0.532280730215671,0.807278448190167,0.986961544157512,0.946224540789648,0.741868478873215,0.532280730215671
37.5631302608551,0.532280730215671,0.807295093034804,0.987004573842926,0.946068276731128,0.741654669409716,0.532280730215671
37.5731310942579,0.532280730215671,0.807311815468998,0.987047592673225,0.945911739355072,0.741440952568889,0.532280730215671
37.5831319276606,0.532280730215671,0.807328615233165,0.987090599521515,0.94575493191078,0.741227332940462,0.532280730215671
37.5931327610634,0.532280730215671,0.807345492060477,0.987133593260337,0.945597857673385,0.741013815107583,0.532280730215671
37.6031335944662,0.532280730215671,0.807362445676843,0.987176572761735,0.945440519943766,0.740800403646626,0.532280730215671
37.613134427869,0.532280730215671,0.807379475800881,0.987219536897335,0.945282922048441,0.740587103126972,0.532280730215671
37.6231352612718,0.532280730215671,0.807396582143899,0.987262484538421,0.945125067339477,0.740373918110839,0.532280730215671
37.6331360946746,0.532280730215671,0.807413764409852,0.987305414555997,0.944966959194406,0.740160853153093,0.532280730215671
37.6431369280773,0.532280730215671,0.807431022295325,0.987348325820867,0.944808601016139,0.739947912801074,0.532280730215671
37.6531377614801,0.532280730215671,0.807448355489495,0.987391217203695,0.944649996232881,0.739735101594449,0.532280730215671
37.6631385948829,0.532280730215671,0.807465763674104,0.987434087575078,0.944491148298053,0.739522424065036,0.532280730215671
37.6731394282857,0.532280730215671,0.807483246523414,0.987476935805607,0.944332060690219,0.739309884736669,0.532280730215671
37.6831402616885,0.532280730215671,0.807500803704194,0.98751976076593,0.94417273691301,0.739097488125069,0.532280730215671
37.6931410950913,0.532280730215671,0.807518434875671,0.98756256132682,0.944013180495053,0.738885238737696,0.532280730215671
37.703141928494,0.532280730215671,0.807536139689498,0.987605336359236,0.943853394989897,0.73867314107363,0.532280730215671
37.7131427618968,0.532280730215671,0.807553917789726,0.987648084734382,0.943693383975949,0.738461199623451,0.532280730215671
37.7231435952996,0.532280730215671,0.807571768812765,0.98769080532377,0.943533151056403,0.738249418869125,0.532280730215671
37.7331444287024,0.532280730215671,0.807589692387359,0.987733496999282,0.943372699859171,0.73803780328389,0.532280730215671
37.7431452621052,0.532280730215671,0.807607688134541,0.987776158633231,0.94321203403681,0.737826357332154,0.532280730215671
37.753146095508,0.532280730215671,0.807625755667614,0.987818789098419,0.943051157266465,0.737615085469386,0.532280730215671
37.7631469289107,0.532280730215671,0.807643894592113,0.987861387268198,0.942890073249786,0.737403992142021,0.532280730215671
37.7731477623135,0.532280730215671,0.80766210450578,0.987903952016535,0.942728785712858,0.737193081787355,0.532280730215671
37.7831485957163,0.532280730215671,0.807680384998532,0.987946482218067,0.942567298406132,0.736982358833451,0.532280730215671
37.7931494291191,0.532280730215671,0.807698735652442,0.987988976748171,0.94240561510434,0.736771827699043,0.532280730215671
37.8031502625219,0.532280730215671,0.807717156041707,0.988031434483018,0.942243739606424,0.736561492793439,0.532280730215671
37.8131510959247,0.532280730215671,0.807735645732625,0.988073854299643,0.94208167573544,0.736351358516424,0.532280730215671
37.8231519293274,0.532280730215671,0.807754204283587,0.988116235076007,0.941919427338481,0.736141429258158,0.532280730215671
37.8331527627302,0.532280730215671,0.807772831245039,0.98815857569106,0.941756998286577,0.735931709399087,0.532280730215671
37.843153596133,0.532280730215671,0.807791526159487,0.988200875024812,0.9415943924746,0.735722203309835,0.532280730215671
37.8531544295358,0.532280730215671,0.807810288561465,0.988243131958398,0.941431613821161,0.735512915351098,0.532280730215671
37.8631552629386,0.532280730215671,0.807829117977535,0.988285345374146,0.941268666268506,0.735303849873551,0.532280730215671
37.8731560963414,0.532280730215671,0.80784801392628,0.988327514155651,0.941105553782392,0.735095011217729,0.532280730215671
37.8831569297441,0.532280730215671,0.807866975918289,0.988369637187844,0.940942280351973,0.734886403713916,0.532280730215671
37.8931577631469,0.532280730215671,0.807886003456158,0.988411713357063,0.940778849989671,0.734678031682032,0.532280730215671
37.9031585965497,0.532280730215671,0.807905096034494,0.988453741551135,0.940615266731045,0.734469899431516,0.532280730215671
37.9131594299525,0.532280730215671,0.807924253139915,0.988495720659446,0.940451534634641,0.734262011261198,0.532280730215671
37.9231602633553,0.532280730215671,0.807943474251048,0.98853764957302,0.940287657781855,0.734054371459174,0.532280730215671
37.9331610967581,0.532280730215671,0.807962758838547,0.988579527184601,0.940123640276768,0.733846984302673,0.532280730215671
37.9431619301608,0.532280730215671,0.807982106365104,0.98862135238873,0.939959486245989,0.733639854057924,0.532280730215671
37.9531627635636,0.532280730215671,0.808001516285455,0.988663124081831,0.939795199838478,0.733432984980015,0.532280730215671
37.9631635969664,0.532280730215671,0.808020988046399,0.988704841162294,0.939630785225372,0.733226381312736,0.532280730215671
37.9731644303692,0.532280730215671,0.808040521086827,0.988746502530559,0.939466246599795,0.733020047288452,0.532280730215671
37.983165263772,0.532280730215671,0.808060114837723,0.988788107089203,0.939301588176673,0.732813987127934,0.532280730215671
37.9931660971748,0.532280730215671,0.808079768722214,0.98882965374303,0.93913681419252,0.732608205040202,0.532280730215671
38.0031669305775,0.532280730215671,0.808099482155577,0.98887114139916,0.938971928905239,0.732402705222365,0.532280730215671
38.0131677639803,0.532280730215671,0.808119254545275,0.988912568967115,0.938806936593906,0.732197491859464,0.532280730215671
38.0231685973831,0.532280730215671,0.808139085290995,0.988953935358917,0.938641841558538,0.73199256912429,0.532280730215671
38.0331694307859,0.532280730215671,0.808158973784669,0.988995239489177,0.938476648119876,0.731787941177221,0.532280730215671
38.0431702641887,0.532280730215671,0.808178919410521,0.989036480275187,0.93831136061914,0.73158361216605,0.532280730215671
38.0531710975915,0.532280730215671,0.808198921545102,0.989077656637018,0.938145983417787,0.731379586225793,0.532280730215671
38.0631719309943,0.532280730215671,0.808218979557323,0.989118767497613,0.937980520897265,0.731175867478529,0.532280730215671
38.073172764397,0.532280730215671,0.80823909280851,0.989159811782882,0.937814977458757,0.730972460033201,0.532280730215671
38.0831735977998,0.532280730215671,0.808259260652434,0.989200788421794,0.937649357522923,0.730769367985456,0.532280730215671
38.0931744312026,0.532280730215671,0.808279482435363,0.989241696346482,0.93748366552963,0.730566595417436,0.532280730215671
38.1031752646054,0.532280730215671,0.808299757496101,0.989282534492331,0.937317905937688,0.730364146397611,0.532280730215671
38.1131760980082,0.532280730215671,0.808320085166051,0.989323301798076,0.937152083224568,0.73016202498059,0.532280730215671
38.123176931411,0.532280730215671,0.808340464769245,0.989363997205902,0.936986201886133,0.729960235206937,0.532280730215671
38.1331777648137,0.532280730215671,0.808360895622396,0.989404619661531,0.936820266436352,0.729758781102988,0.532280730215671
38.1431785982165,0.532280730215671,0.80838137703496,0.989445168114329,0.936654281407014,0.72955766668068,0.532280730215671
38.1531794316193,0.532280730215671,0.808401908309172,0.98948564151739,0.93648825134744,0.729356895937355,0.532280730215671
38.1631802650221,0.532280730215671,0.808422488740108,0.989526038827636,0.936322180824198,0.729156472855587,0.532280730215671
38.1731810984249,0.532280730215671,0.80844311761573,0.98956635900591,0.936156074420808,0.728956401403024,0.532280730215671
38.1831819318277,0.532280730215671,0.808463794216936,0.989606601017064,0.935989936737447,0.728756685532183,0.532280730215671
38.1931827652304,0.532280730215671,0.808484517817616,0.989646763830057,0.935823772390659,0.728557329180326,0.532280730215671
38.2031835986332,0.532280730215671,0.808505287684702,0.989686846418041,0.935657586013059,0.728358336269252,0.532280730215671
38.213184432036,0.532280730215671,0.808526103078224,0.989726847758451,0.935491382253034,0.728159710705167,0.532280730215671
38.2231852654388,0.532280730215671,0.808546963251352,0.989766766833094,0.935325165774453,0.727961456378514,0.532280730215671
38.2331860988416,0.532280730215671,0.80856786745045,0.989806602628232,0.935158941256374,0.727763577163833,0.532280730215671
38.2431869322444,0.532280730215671,0.808588814915134,0.989846354134671,0.934992713392745,0.727566076919602,0.532280730215671
38.2531877656471,0.532280730215671,0.808609804878317,0.989886020347842,0.934826486892111,0.727368959488113,0.532280730215671
38.2631885990499,0.532280730215671,0.808630836566257,0.989925600267884,0.934660266477328,0.727172228695324,0.532280730215671
38.2731894324527,0.532280730215671,0.808651909198611,0.989965092899721,0.934494056885275,0.726975888350744,0.532280730215671
38.2831902658555,0.532280730215671,0.808673021988479,0.990004497253145,0.934327862866559,0.726779942247303,0.532280730215671
38.2931910992583,0.532280730215671,0.80869417414245,0.990043812342887,0.934161689185236,0.72658439416124,0.532280730215671
38.3031919326611,0.532280730215671,0.808715364860667,0.990083037188694,0.933995540618524,0.726389247851991,0.532280730215671
38.3131927660638,0.532280730215671,0.808736593336846,0.990122170815405,0.933829421956531,0.726194507062098,0.532280730215671
38.3231935994666,0.532280730215671,0.808757858758345,0.990161212253014,0.933663338001966,0.7260001755171,0.532280730215671
38.3331944328694,0.532280730215671,0.808779160306199,0.990200160536747,0.933497293569878,0.725806256925453,0.532280730215671
38.3431952662722,0.532280730215671,0.808800497155166,0.990239014707123,0.933331293487371,0.725612754978444,0.532280730215671
38.353196099675,0.532280730215671,0.808821868473772,0.990277773810023,0.933165342593347,0.725419673350126,0.532280730215671
38.3631969330778,0.532280730215671,0.808843273424357,0.990316436896748,0.932999445738234,0.725227015697233,0.532280730215671
38.3731977664805,0.532280730215671,0.808864711163113,0.990355003024087,0.932833607783728,0.725034785659142,0.532280730215671
38.3831985998833,0.532280730215671,0.808886180840124,0.99039347125437,0.932667833602534,0.724842986857791,0.532280730215671
38.3931994332861,0.532280730215671,0.808907681599424,0.990431840655531,0.932502128078105,0.724651622897651,0.532280730215671
38.4032002666889,0.532280730215671,0.808929212579019,0.990470110301157,0.932336496104395,0.724460697365678,0.532280730215671
38.4132011000917,0.532280730215671,0.808950772910937,0.99050827927055,0.932170942585609,0.724270213831278,0.532280730215671
38.4232019334945,0.532280730215671,0.80897236172127,0.990546346648773,0.93200547243595,0.724080175846262,0.532280730215671
38.4332027668972,0.532280730215671,0.80899397813021,0.990584311526702,0.931840090579384,0.723890586944853,0.532280730215671
38.4432036003,0.532280730215671,0.809015621252095,0.990622173001074,0.93167480194939,0.723701450643631,0.532280730215671
38.4532044337028,0.532280730215671,0.809037290195442,0.990659930174541,0.931509611488724,0.723512770441547,0.532280730215671
38.4632052671056,0.532280730215671,0.809058984062996,0.990697582155705,0.931344524149185,0.7233245498199,0.532280730215671
38.4732061005084,0.532280730215671,0.809080701951763,0.990735128059172,0.931179544891375,0.72313679224233,0.532280730215671
38.4832069339112,0.532280730215671,0.809102442953052,0.990772567005587,0.931014678684469,0.722949501154827,0.532280730215671
38.4932077673139,0.532280730215671,0.80912420615252,0.990809898121685,0.93084993050598,0.722762679985727,0.532280730215671
38.5032086007167,0.532280730215671,0.809145990630212,0.990847120540322,0.930685305341531,0.722576332145719,0.532280730215671
38.5132094341195,0.532280730215671,0.809167795460597,0.990884233400523,0.930520808184624,0.722390461027859,0.532280730215671
38.5232102675223,0.532280730215671,0.809189619712619,0.990921235847513,0.930356444036416,0.722205070007583,0.532280730215671
38.5332111009251,0.532280730215671,0.809211462449733,0.99095812703276,0.930192217905487,0.72202016244272,0.532280730215671
38.5432119343279,0.532280730215671,0.809233322729949,0.990994906114006,0.930028134807609,0.721835741673508,0.532280730215671
38.5532127677306,0.532280730215671,0.809255199605884,0.99103157225531,0.929864199765527,0.721651811022618,0.532280730215671
38.5632136011334,0.532280730215671,0.809277092124799,0.991068124627074,0.929700417808724,0.721468373795175,0.532280730215671
38.5732144345362,0.532280730215671,0.809298999328648,0.991104562406084,0.929536793973197,0.721285433278782,0.532280730215671
38.583215267939,0.532280730215671,0.809320920254125,0.991140884775538,0.929373333301224,0.721102992743537,0.532280730215671
38.5932161013418,0.532280730215671,0.80934285393272,0.991177090925083,0.929210040841139,0.720921055442062,0.532280730215671
38.6032169347446,0.532280730215671,0.809364799390749,0.991213180050845,0.929046921647099,0.720739624609535,0.532280730215671
38.6132177681473,0.532280730215671,0.809386755649434,0.991249151355458,0.928883980778847,0.720558703463702,0.532280730215671
38.6232186015501,0.532280730215671,0.809408721724928,0.991285004048101,0.928721223301484,0.720378295204912,0.532280730215671
38.6332194349529,0.532280730215671,0.809430696628382,0.991320737344521,0.928558654285236,0.72019840301614,0.532280730215671
38.6432202683557,0.532280730215671,0.809452679366,0.99135635046707,0.928396278805201,0.720019030063007,0.532280730215671
38.6532211017585,0.532280730215671,0.809474668939095,0.99139184264473,0.928234101941131,0.719840179493811,0.532280730215671
38.6632219351613,0.532280730215671,0.809496664344142,0.991427213113143,0.928072128777168,0.719661854439545,0.532280730215671
38.673222768564,0.532280730215671,0.809518664572843,0.991462461114644,0.927910364401617,0.719484058013916,0.532280730215671
38.6832236019668,0.532280730215671,0.809540668612186,0.991497585898283,0.927748813906686,0.719306793313379,0.532280730215671
38.6932244353696,0.532280730215671,0.80956267544451,0.991532586719857,0.927587482388246,0.719130063417139,0.532280730215671
38.7032252687724,0.532280730215671,0.809584684047557,0.991567462841939,0.927426374945573,0.718953871387187,0.532280730215671
38.7132261021752,0.532280730215671,0.809606693394561,0.991602213533903,0.927265496681093,0.718778220268301,0.532280730215671
38.723226935578,0.532280730215671,0.80962870245429,0.991636838071951,0.92710485270013,0.718603113088072,0.532280730215671
38.7332277689807,0.532280730215671,0.809650710191135,0.991671335739143,0.926944448110636,0.718428552856918,0.532280730215671
38.7432286023835,0.532280730215671,0.80967271556516,0.99170570582542,0.926784288022935,0.718254542568094,0.532280730215671
38.7532294357863,0.532280730215671,0.809694717532195,0.99173994762763,0.92662437754946,0.718081085197705,0.532280730215671
38.7632302691891,0.532280730215671,0.809716715043893,0.991774060449558,0.92646472180447,0.717908183704711,0.532280730215671
38.7732311025919,0.532280730215671,0.80973870704781,0.991808043601944,0.926305325903799,0.717735841030944,0.532280730215671
38.7832319359947,0.532280730215671,0.80976069248748,0.991841896402516,0.926146194964567,0.717564060101112,0.532280730215671
38.7932327693974,0.532280730215671,0.809782670302496,0.991875618176008,0.925987334104905,0.717392843822805,0.532280730215671
38.8032336028002,0.532280730215671,0.80980463942858,0.991909208254183,0.925828748443691,0.717222195086503,0.532280730215671
38.813234436203,0.532280730215671,0.809826598797667,0.99194266597586,0.925670443100256,0.717052116765582,0.532280730215671
38.8232352696058,0.532280730215671,0.80984854733799,0.991975990686935,0.925512423194105,0.716882611716312,0.532280730215671
38.8332361030086,0.532280730215671,0.809870483974151,0.992009181740399,0.925354693844636,0.716713682777864,0.532280730215671
38.8432369364114,0.532280730215671,0.80989240762721,0.992042238496365,0.925197260170855,0.71654533277232,0.532280730215671
38.8532377698142,0.532280730215671,0.809914317214772,0.99207516032208,0.925040127291088,0.716377564504666,0.532280730215671
38.8632386032169,0.532280730215671,0.809936211651061,0.992107946591951,0.924883300322692,0.7162103807628,0.532280730215671
38.8732394366197,0.532280730215671,0.809958089847013,0.992140596687559,0.924726784381769,0.716043784317539,0.532280730215671
38.8832402700225,0.532280730215671,0.809979950710361,0.992173109997678,0.924570584582878,0.715877777922615,0.532280730215671
38.8932411034253,0.532280730215671,0.810001793145712,0.992205485918288,0.924414706038745,0.715712364314685,0.532280730215671
38.9032419368281,0.532280730215671,0.810023616054656,0.992237723852594,0.924259153859966,0.715547546213336,0.532280730215671
38.9132427702309,0.532280730215671,0.810045418335821,0.992269823211037,0.92410393315473,0.715383326321088,0.532280730215671
38.9232436036336,0.532280730215671,0.810067198884992,0.992301783411305,0.923949049028522,0.715219707323406,0.532280730215671
38.9332444370364,0.532280730215671,0.810088956595176,0.992333603878349,0.923794506583835,0.715056691888707,0.532280730215671
38.9432452704392,0.532280730215671,0.810110690356703,0.992365284044387,0.923640310919884,0.71489428266837,0.532280730215671
38.953246103842,0.532280730215671,0.810132399057307,0.992396823348916,0.92348646713232,0.71473248229675,0.532280730215671
38.9632469372448,0.532280730215671,0.810154081582224,0.992428221238719,0.92333298031294,0.71457129339119,0.532280730215671
38.9732477706476,0.532280730215671,0.810175736814268,0.992459477167871,0.92317985554941,0.714410718552045,0.532280730215671
38.9832486040503,0.532280730215671,0.810197363633929,0.992490590597737,0.923027097924977,0.714250760362691,0.532280730215671
38.9932494374531,0.532280730215671,0.810218960919455,0.992521560996984,0.922874712518191,0.71409142138955,0.532280730215671
39.0032502708559,0.532280730215671,0.810240527546944,0.992552387841574,0.922722704402629,0.713932704182121,0.532280730215671
39.0132511042587,0.532280730215671,0.810262062390431,0.992583070614768,0.922571078646619,0.713774611273001,0.532280730215671
39.0232519376615,0.532280730215671,0.810283564321976,0.992613608807118,0.922419840312961,0.713617145177914,0.532280730215671
39.0332527710643,0.532280730215671,0.810305032211751,0.992644001916472,0.922268994458669,0.71346030839575,0.532280730215671
39.043253604467,0.532280730215671,0.810326464928123,0.992674249447958,0.922118546134689,0.713304103408597,0.532280730215671
39.0532544378698,0.532280730215671,0.810347861337753,0.992704350913983,0.921968500385648,0.713148532681781,0.532280730215671
39.0632552712726,0.532280730215671,0.810369220305664,0.992734305834223,0.921818862249588,0.712993598663911,0.532280730215671
39.0732561046754,0.532280730215671,0.810390540695344,0.992764113735609,0.921669636757705,0.712839303786929,0.532280730215671
39.0832569380782,0.532280730215671,0.810411821368821,0.992793774152315,0.921520828934097,0.712685650466146,0.532280730215671
39.093257771481,0.532280730215671,0.810433061186752,0.992823286625747,0.921372443795517,0.712532641100318,0.532280730215671
39.1032586048837,0.532280730215671,0.810454259008508,0.992852650704523,0.921224486351121,0.712380278071679,0.532280730215671
39.1132594382865,0.532280730215671,0.810475413692256,0.992881865944455,0.92107696160223,0.71222856374602,0.532280730215671
39.1232602716893,0.532280730215671,0.810496524095043,0.992910931908533,0.92092987454208,0.712077500472738,0.532280730215671
39.1332611050921,0.532280730215671,0.810517589072878,0.992939848166898,0.920783230155594,0.711927090584918,0.532280730215671
39.1432619384949,0.532280730215671,0.810538607480822,0.992968614296822,0.920637033419152,0.71177733639939,0.532280730215671
39.1532627718977,0.532280730215671,0.81055957817306,0.992997229882685,0.920491289300354,0.711628240216816,0.532280730215671
39.1632636053004,0.532280730215671,0.81058050000299,0.993025694515944,0.920346002757801,0.711479804321752,0.532280730215671
39.1732644387032,0.532280730215671,0.810601371823299,0.993054007795107,0.920201178740871,0.711332030982742,0.532280730215671
39.183265272106,0.532280730215671,0.810622192486053,0.993082169325704,0.920056822189496,0.711184922452395,0.532280730215671
39.1932661055088,0.532280730215671,0.810642960842761,0.993110178720255,0.919912938033964,0.71103848096747,0.532280730215671
39.2032669389116,0.532280730215671,0.810663675744476,0.993138035598235,0.919769531194685,0.710892708748969,0.532280730215671
39.2132677723144,0.532280730215671,0.810684336041863,0.993165739586043,0.919626606582003,0.710747608002224,0.532280730215671
39.2232686057171,0.532280730215671,0.810704940585278,0.993193290316965,0.919484169095979,0.710603180916996,0.532280730215671
39.2332694391199,0.532280730215671,0.810725488224852,0.993220687431135,0.919342223626197,0.710459429667568,0.532280730215671
39.2432702725227,0.532280730215671,0.810745977810567,0.993247930575498,0.91920077505156,0.710316356412845,0.532280730215671
39.2532711059255,0.532280730215671,0.810766408192341,0.99327501940377,0.919059828240099,0.710173963296455,0.532280730215671
39.2632719393283,0.532280730215671,0.8107867782201,0.993301953576394,0.918919388048776,0.710032252446854,0.532280730215671
39.2732727727311,0.532280730215671,0.81080708674386,0.993328732760503,0.918779459323301,0.709891225977424,0.532280730215671
39.2832736061338,0.532280730215671,0.810827332613809,0.993355356629871,0.918640046897932,0.709750885986585,0.532280730215671
39.2932744395366,0.532280730215671,0.81084751468038,0.993381824864867,0.918501155595303,0.709611234557901,0.532280730215671
39.3032752729394,0.532280730215671,0.810867631794335,0.993408137152417,0.91836279022623,0.709472273760186,0.532280730215671
39.3132761063422,0.532280730215671,0.810887682806841,0.993434293185946,0.918224955589537,0.709334005647621,0.532280730215671
39.323276939745,0.532280730215671,0.810907666569553,0.993460292665339,0.918087656471873,0.70919643225985,0.532280730215671
39.3332777731478,0.532280730215671,0.81092758193469,0.993486135296885,0.917950897647533,0.709059555622111,0.532280730215671
39.3432786065505,0.532280730215671,0.810947427755115,0.993511820793231,0.917814683878284,0.708923377745326,0.532280730215671
39.3532794399533,0.532280730215671,0.810967202884418,0.99353734887333,0.91767901991319,0.708787900626234,0.532280730215671
39.3632802733561,0.532280730215671,0.810986906176991,0.993562719262388,0.917543910488438,0.708653126247491,0.532280730215671
39.3732811067589,0.532280730215671,0.811006536488112,0.993587931691811,0.917409360327164,0.70851905657778,0.532280730215671
39.3832819401617,0.532280730215671,0.81102609267403,0.993612985899152,0.917275374139283,0.708385693571936,0.532280730215671
39.3932827735645,0.532280730215671,0.811045573592036,0.993637881628058,0.91714195662132,0.708253039171047,0.532280730215671
39.4032836069672,0.532280730215671,0.811064978100551,0.993662618628211,0.917009112456233,0.708121095302569,0.532280730215671
39.41328444037,0.532280730215671,0.811084305059211,0.993687196655276,0.916876846313254,0.707989863880442,0.532280730215671
39.4232852737728,0.532280730215671,0.81110355332894,0.993711615470843,0.916745162847714,0.707859346805196,0.532280730215671
39.4332861071756,0.532280730215671,0.811122721772038,0.993735874842369,0.916614066700873,0.707729545964065,0.532280730215671
39.4432869405784,0.532280730215671,0.811141809252273,0.993759974543119,0.916483562499756,0.707600463231087,0.532280730215671
39.4532877739812,0.532280730215671,0.811160814634944,0.993783914352114,0.916353654856982,0.707472100467232,0.532280730215671
39.463288607384,0.532280730215671,0.81117973678699,0.993807694054063,0.916224348370603,0.707344459520492,0.532280730215671
39.4732894407867,0.532280730215671,0.811198574577051,0.993831313439307,0.916095647623928,0.707217542225995,0.532280730215671
39.4832902741895,0.532280730215671,0.811217326875568,0.993854772303763,0.915967557185361,0.707091350406113,0.532280730215671
39.4932911075923,0.532280730215671,0.81123599255487,0.993878070448856,0.915840081608234,0.706965885870573,0.532280730215671
39.5032919409951,0.532280730215671,0.811254570489243,0.993901207681464,0.915713225430639,0.70684115041654,0.532280730215671
39.5132927743979,0.532280730215671,0.811273059555039,0.99392418381385,0.91558699317526,0.706717145828745,0.532280730215671
39.5232936078007,0.532280730215671,0.811291458630745,0.993946998663604,0.91546138934921,0.70659387387958,0.532280730215671
39.5332944412034,0.532280730215671,0.811309766597077,0.99396965205358,0.915336418443858,0.706471336329194,0.532280730215671
39.5432952746062,0.532280730215671,0.81132798233707,0.993992143811831,0.91521208493467,0.706349534925591,0.532280730215671
39.553296108009,0.532280730215671,0.81134610473616,0.994014473771544,0.915088393281039,0.706228471404743,0.532280730215671
39.5632969414118,0.532280730215671,0.811364132682276,0.994036641770977,0.914965347926118,0.706108147490679,0.532280730215671
39.5732977748146,0.532280730215671,0.811382065065929,0.994058647653394,0.914842953296661,0.705988564895589,0.532280730215671
39.5832986082174,0.532280730215671,0.811399900780298,0.994080491267001,0.914721213802843,0.705869725319915,0.532280730215671
39.5932994416201,0.532280730215671,0.811417638721318,0.994102172464876,0.914600133838113,0.705751630452444,0.532280730215671
39.6033002750229,0.532280730215671,0.811435277787774,0.994123691104904,0.914479717779015,0.705634281970421,0.532280730215671
39.6133011084257,0.532280730215671,0.811452816881383,0.99414504704971,0.914359969985033,0.705517681539629,0.532280730215671
39.6233019418285,0.532280730215671,0.811470254906894,0.994166240166594,0.914240894798425,0.705401830814487,0.532280730215671
39.6333027752313,0.532280730215671,0.811487590772165,0.994187270327456,0.91412249654406,0.70528673143815,0.532280730215671
39.643303608634,0.532280730215671,0.811504823388258,0.994208137408734,0.914004779529257,0.705172385042593,0.532280730215671
39.6533044420368,0.532280730215671,0.811521951669535,0.994228841291331,0.913887748043623,0.705058793248712,0.532280730215671
39.6633052754396,0.532280730215671,0.81153897453373,0.994249381860543,0.9137714063589,0.704945957666426,0.532280730215671
39.6733061088424,0.532280730215671,0.811555890902059,0.994269759005993,0.913655758728796,0.704833879894745,0.532280730215671
39.6833069422452,0.532280730215671,0.811572699699293,0.994289972621555,0.913540809388835,0.704722561521894,0.532280730215671
39.693307775648,0.532280730215671,0.811589399853856,0.994310022605288,0.913426562556208,0.704612004125387,0.532280730215671
39.7033086090508,0.532280730215671,0.811605990297907,0.994329908859354,0.913313022429598,0.704502209272124,0.532280730215671
39.7133094424535,0.532280730215671,0.811622469967432,0.994349631289957,0.913200193189053,0.70439317851849,0.532280730215671
39.7233102758563,0.532280730215671,0.811638837802335,0.994369189807257,0.913088078995817,0.704284913410452,0.532280730215671
39.7333111092591,0.532280730215671,0.81165509274652,0.994388584325304,0.91297668399219,0.704177415483642,0.532280730215671
39.7433119426619,0.532280730215671,0.81167123374798,0.994407814761958,0.912866012301379,0.704070686263468,0.532280730215671
39.7533127760647,0.532280730215671,0.811687259758883,0.994426881038818,0.912756068027353,0.703964727265198,0.532280730215671
39.7633136094675,0.532280730215671,0.811703169735666,0.99444578308114,0.9126468552547,0.703859539994065,0.532280730215671
39.7733144428702,0.532280730215671,0.811718962639109,0.994464520817763,0.912538378048489,0.703755125945362,0.532280730215671
39.783315276273,0.532280730215671,0.811734637434428,0.994483094181032,0.912430640454129,0.703651486604536,0.532280730215671
39.7933161096758,0.532280730215671,0.811750193091359,0.994501503106716,0.912323646497236,0.703548623447298,0.532280730215671
39.8033169430786,0.532280730215671,0.811765628584242,0.994519747533933,0.912217400183498,0.703446537939719,0.532280730215671
39.8133177764814,0.532280730215671,0.811780942892104,0.994537827405069,0.912111905498543,0.703345231538323,0.532280730215671
39.8233186098842,0.532280730215671,0.811796134998741,0.994555742665697,0.912007166407815,0.703244705690199,0.532280730215671
39.8333194432869,0.532280730215671,0.811811203892805,0.994573493264495,0.911903186856447,0.703144961833108,0.532280730215671
39.8433202766897,0.532280730215671,0.811826148567882,0.994591079153167,0.911799970769135,0.703046001395578,0.532280730215671
39.8533211100925,0.532280730215671,0.811840968022574,0.99460850028636,0.91169752205002,0.702947825797016,0.532280730215671
39.8633219434953,0.532280730215671,0.811855661260579,0.99462575662158,0.911595844582574,0.70285043644781,0.532280730215671
39.8733227768981,0.532280730215671,0.811870227290776,0.994642848119112,0.911494942229478,0.702753834749444,0.532280730215671
39.8833236103009,0.532280730215671,0.811884665127296,0.994659774741931,0.911394818832515,0.702658022094595,0.532280730215671
39.8933244437036,0.532280730215671,0.811898973789611,0.994676536455622,0.91129547821246,0.702562999867261,0.532280730215671
39.9033252771064,0.532280730215671,0.811913152302596,0.994693133228295,0.911196924168977,0.702468769442855,0.532280730215671
39.9133261105092,0.532280730215671,0.811927199696626,0.994709565030496,0.9110991604805,0.702375332188329,0.532280730215671
39.923326943912,0.532280730215671,0.811941115007637,0.994725831835127,0.911002190904155,0.702282689462281,0.532280730215671
39.9333277773148,0.532280730215671,0.811954897277213,0.994741933617353,0.91090601917564,0.702190842615071,0.532280730215671
39.9433286107176,0.532280730215671,0.811968545552653,0.994757870354522,0.910810649009139,0.702099792988935,0.532280730215671
39.9533294441203,0.532280730215671,0.811982058887047,0.994773642026073,0.910716084097229,0.702009541918105,0.532280730215671
39.9633302775231,0.532280730215671,0.811995436339356,0.994789248613452,0.910622328110785,0.701920090728922,0.532280730215671
39.9733311109259,0.532280730215671,0.812008676974481,0.994804690100023,0.910529384698891,0.701831440739952,0.532280730215671
39.9833319443287,0.532280730215671,0.812021779863333,0.994819966470979,0.910437257488756,0.701743593262113,0.532280730215671
39.9933327777315,0.532280730215671,0.812034744082912,0.994835077713256,0.910345950085632,0.701656549598779,0.532280730215671
40.0033336111343,0.532280730215671,0.812047568716372,0.994850023815445,0.91025546607272,0.701570311045918,0.532280730215671
40.013334444537,0.532280730215671,0.812060252874624,0.994864804781216,0.910165808939761,0.701484878829718,0.532280730215671
40.0233352779398,0.532280730215671,0.812072795992249,0.994879420818434,0.910076981077221,0.70140025322561,0.532280730215671
40.0333361113426,0.532280730215671,0.812085202098457,0.994893875042018,0.909988969419834,0.701316420999073,0.532280730215671
40.0433369447454,0.532280730215671,0.812097486395686,0.994908177842556,0.909901721796351,0.701233334697128,0.532280730215671
40.0533377781482,0.532280730215671,0.812109668669878,0.994922342740384,0.909815168635558,0.701150931718517,0.532280730215671
40.063338611551,0.532280730215671,0.81212176948297,0.994936383774488,0.909729237033292,0.701069146715057,0.532280730215671
40.0733394449537,0.532280730215671,0.812133808960344,0.99495031474459,0.909643854773656,0.700987915104384,0.532280730215671
40.0833402783565,0.532280730215671,0.812145806675429,0.994964149135683,0.90955895075321,0.700907173435528,0.532280730215671
40.0933411117593,0.532280730215671,0.812157781521107,0.994977900033499,0.909474455457803,0.700826859799509,0.532280730215671
40.1033419451621,0.532280730215671,0.812169751586977,0.994991580043426,0.909390301424772,0.700746914226067,0.532280730215671
40.1133427785649,0.532280730215671,0.812181734045804,0.995005201215012,0.909306423678849,0.700667279056489,0.532280730215671
40.1233436119677,0.532280730215671,0.812193745049773,0.995018774972471,0.909222760139142,0.700587899290279,0.532280730215671
40.1333444453704,0.532280730215671,0.812205799637078,0.995032312051614,0.909139251994615,0.700508722903537,0.532280730215671
40.1433452787732,0.532280730215671,0.812217911649317,0.995045822443542,0.909055844045879,0.700429701137196,0.532280730215671
40.153346112176,0.532280730215671,0.812230093659998,0.995059315345365,0.908972485011458,0.700350788753613,0.532280730215671
40.1633469455788,0.532280730215671,0.812242356914381,0.995072799118145,0.908889127797098,0.700271944260347,0.532280730215671
40.1733477789816,0.532280730215671,0.812254711280763,0.995086281252194,0.908805729727116,0.700193130100346,0.532280730215671
40.1833486123844,0.532280730215671,0.812267165213192,0.995099768339765,0.908722252737049,0.700114312807958,0.532280730215671
40.1933494457871,0.532280730215671,0.812279725725553,0.995113266055143,0.908638663527355,0.70003546313067,0.532280730215671
40.2033502791899,0.532280730215671,0.812292398376798,0.995126779142045,0.908554933678147,0.699956556116649,0.532280730215671
40.2133511125927,0.532280730215671,0.81230518726709,0.995140311408198,0.908471039725333,0.699877571168491,0.532280730215671
40.2233519459955,0.532280730215671,0.812318095044519,0.995153865726904,0.908386963198819,0.699798492063875,0.532280730215671
40.2333527793983,0.532280730215671,0.812331122921954,0.995167444045363,0.908302690623684,0.699719306943999,0.532280730215671
40.2433536128011,0.532280730215671,0.812344270703615,0.995181047399433,0.908218213485516,0.699640008270967,0.532280730215671
40.2533544462039,0.532280730215671,0.812357536820825,0.995194675934553,0.908133528161318,0.699560592755419,0.532280730215671
40.2633552796066,0.532280730215671,0.812370918376389,0.995208328932415,0.908048635817568,0.699481061255965,0.532280730215671
40.2733561130094,0.532280730215671,0.812384411197017,0.995222004843033,0.907963542277221,0.699401418652001,0.532280730215671
40.2833569464122,0.532280730215671,0.81239800989317,0.995235701321776,0.907878257857565,0.699321673691767,0.532280730215671
40.293357779815,0.532280730215671,0.812411707925693,0.995249415270932,0.907792797180998,0.699241838817482,0.532280730215671
40.3033586132178,0.532280730215671,0.812425497678577,0.995263142885367,0.907707178960824,0.69916192996954,0.532280730215671
40.3133594466206,0.532280730215671,0.812439370537169,0.995276879701795,0.907621425764352,0.699081966371814,0.532280730215671
40.3233602800233,0.532280730215671,0.812453316971187,0.995290620651223,0.907535563755529,0.69900197030011,0.532280730215671
40.3333611134261,0.532280730215671,0.812467326621825,0.995304360114085,0.907449622419457,0.69892196683591,0.532280730215671
40.3433619468289,0.532280730215671,0.812481388392315,0.995318091977602,0.907363634271137,0.698841983607492,0.532280730215671
40.3533627802317,0.532280730215671,0.812495490541242,0.995331809694919,0.907277634550786,0.698762050520537,0.532280730215671
40.3633636136345,0.532280730215671,0.812509620777961,0.995345506345546,0.907191660908082,0.698682199480338,0.532280730215671
40.3733644470373,0.532280730215671,0.812523766359483,0.995359174696678,0.907105753077682,0.698602464107643,0.532280730215671
40.38336528044,0.532280730215671,0.812537914188162,0.995372807264949,0.907019952548289,0.69852287945018,0.532280730215671
40.3933661138428,0.532280730215671,0.812552050909561,0.995386396378209,0.906934302227576,0.698443481691852,0.532280730215671
40.4033669472456,0.532280730215671,0.812566163009918,0.995399934236923,0.906848846105165,0.698364307861494,0.532280730215671
40.4133677806484,0.532280730215671,0.812580236912575,0.995413412974793,0.90676362891584,0.698285395543104,0.532280730215671
40.4233686140512,0.532280730215671,0.812594259072822,0.995426824718255,0.906678695805111,0.698206782589313,0.532280730215671
40.433369447454,0.532280730215671,0.812608216070602,0.99544016164449,0.906594091999184,0.698128506839841,0.532280730215671
40.4433702808567,0.532280730215671,0.812622094700543,0.995453416037616,0.90650986248129,0.698050605846572,0.532280730215671
40.4533711142595,0.532280730215671,0.812635882058788,0.995466580342763,0.906426051676302,0.697973116606865,0.532280730215671
40.4633719476623,0.532280730215671,0.81264956562617,0.995479647217737,0.906342703145441,0.697896075306537,0.532280730215671
40.4733727810651,0.532280730215671,0.812663133347274,0.995492609582007,0.906259859292798,0.697819517073944,0.532280730215671
40.4833736144679,0.532280730215671,0.812676573704908,0.995505460662772,0.906177561085321,0.697743475746488,0.532280730215671
40.4933744478707,0.532280730215671,0.812689875789666,0.995518194037883,0.906095847787775,0.697667983650719,0.532280730215671
40.5033752812734,0.532280730215671,0.812703029364133,0.995530803675425,0.906014756714147,0.697593071397196,0.532280730215671
40.5133761146762,0.532280730215671,0.81271602492147,0.995543283969782,0.905934322996753,0.697518767691095,0.532280730215671
40.523376948079,0.532280730215671,0.812728853738034,0.995555629774034,0.905854579374297,0.697445099159454,0.532280730215671
40.5333777814818,0.532280730215671,0.812741507919812,0.995567836428554,0.905775555999914,0.697372090195888,0.532280730215671
40.5433786148846,0.532280730215671,0.812753980442417,0.995579899785708,0.905697280270158,0.697299762823442,0.532280730215671
40.5533794482874,0.532280730215671,0.812766265184506,0.995591816230578,0.905619776675728,0.697228136576119,0.532280730215671
40.5633802816901,0.532280730215671,0.812778356954473,0.995603582697648,0.905543066674579,0.697157228399571,0.532280730215671
40.5733811150929,0.532280730215671,0.812790251510319,0.995615196683435,0.905467168587956,0.697087052571247,0.532280730215671
40.5833819484957,0.532280730215671,0.812801945572694,0.995626656255055,0.905392097519662,0.697017620640194,0.532280730215671
40.5933827818985,0.532280730215671,0.812813436831067,0.995637960054749,0.905317865298804,0.696948941386583,0.532280730215671
40.6033836153013,0.532280730215671,0.812824723943145,0.995649107300417,0.905244480446028,0.696881020800912,0.532280730215671
40.6133844487041,0.532280730215671,0.812835806527588,0.995660097782228,0.905171948163123,0.696813862082655,0.532280730215671
40.6233852821068,0.532280730215671,0.812846685150192,0.995670931855409,0.905100270345718,0.696747465658086,0.532280730215671
40.6333861155096,0.532280730215671,0.812857361303754,0.995681610429332,0.90502944561864,0.696681829216815,0.532280730215671
40.6433869489124,0.532280730215671,0.812867837381815,0.995692134953035,0.904959469393305,0.696616947766444,0.532280730215671
40.6533877823152,0.532280730215671,0.812878116646619,0.995702507397356,0.904890333946404,0.696552813704699,0.532280730215671
40.663388615718,0.532280730215671,0.812888203191585,0.995712730233855,0.904822028518996,0.696489416908181,0.532280730215671
40.6733894491208,0.532280730215671,0.812898101898649,0.995722806410734,0.90475453943494,0.69642674483689,0.532280730215671
40.6833902825235,0.532280730215671,0.812907818390891,0.995732739325982,0.904687850237506,0.696364782653436,0.532280730215671
40.6933911159263,0.532280730215671,0.812917358980881,0.995742532797983,0.904621941842883,0.696303513355882,0.532280730215671
40.7033919493291,0.532280730215671,0.812926730615174,0.995752191033838,0.904556792709142,0.696242917922994,0.532280730215671
40.7133927827319,0.532280730215671,0.812935940815474,0.995761718595672,0.904492379019198,0.696182975470653,0.532280730215671
40.7233936161347,0.532280730215671,0.81294499761692,0.99577112036521,0.904428674876143,0.69612366341809,0.532280730215671
40.7333944495375,0.532280730215671,0.812953909504048,0.995780401506894,0.904365652509316,0.696064957662536,0.532280730215671
40.7433952829402,0.532280730215671,0.812962685344915,0.995789567429838,0.904303282489393,0.696006832760931,0.532280730215671
40.753396116343,0.532280730215671,0.812971334323946,0.995798623748927,0.904241533950736,0.69594926211714,0.532280730215671
40.7633969497458,0.532280730215671,0.812979865873994,0.995807576245328,0.904180374819246,0.695892218173315,0.532280730215671
40.7733977831486,0.532280730215671,0.812988289608154,0.995816430826742,0.904119772043919,0.695835672603856,0.532280730215671
40.7833986165514,0.532280730215671,0.812996615251829,0.995825193487656,0.90405969183035,0.695779596510545,0.532280730215671
40.7933994499542,0.532280730215671,0.813004852575559,0.995833870269899,0.904000099874407,0.695723960617417,0.532280730215671
40.8034002833569,0.532280730215671,0.813013011329056,0.995842467223765,0.903940961594404,0.695668735463956,0.532280730215671
40.8134011167597,0.532280730215671,0.813021101176945,0.995850990369983,0.903882242360077,0.695613891595241,0.532280730215671
40.8234019501625,0.532280730215671,0.813029131636597,0.995859445662762,0.903823907716786,0.695559399747786,0.532280730215671
40.8334027835653,0.532280730215671,0.813037112018481,0.99586783895418,0.90376592360342,0.695505231029773,0.532280730215671
40.8434036169681,0.532280730215671,0.813045051369392,0.995876175960112,0.903708256562593,0.695451357094578,0.532280730215671
40.8534044503709,0.532280730215671,0.8130529584189,0.995884462227922,0.903650873941772,0.695397750306441,0.532280730215671
40.8634052837736,0.532280730215671,0.813060841529304,0.995892703106089,0.903593744084142,0.695344383897349,0.532280730215671
40.8734061171764,0.532280730215671,0.813068708649375,0.995900903715946,0.903536836508084,0.695291232114194,0.532280730215671
40.8834069505792,0.532280730215671,0.813076567272099,0.995909068925674,0.903480122074264,0.69523827035541,0.532280730215671
40.893407783982,0.532280730215671,0.813084424396626,0.995917203326674,0.903423573139488,0.695185475296396,0.532280730215671
40.9034086173848,0.532280730215671,0.813092286494559,0.995925311212428,0.903367163696568,0.695132825003142,0.532280730215671
40.9134094507876,0.532280730215671,0.813100159480714,0.995933396559915,0.903310869499559,0.695080299033545,0.532280730215671
40.9234102841903,0.532280730215671,0.813108048688412,0.995941463013669,0.903254668173938,0.695027878526053,0.532280730215671
40.9334111175931,0.532280730215671,0.813115958849369,0.995949513872492,0.903198539311293,0.694975546275351,0.532280730215671
40.9434119509959,0.532280730215671,0.813123894078159,0.995957552078858,0.903142464548334,0.694923286794924,0.532280730215671
40.9534127843987,0.532280730215671,0.813131857861265,0.995965580211,0.903086427630082,0.694871086366399,0.532280730215671
40.9634136178015,0.532280730215671,0.813139853050626,0.995973600477664,0.903030414457251,0.694818933075741,0.532280730215671
40.9734144512043,0.532280730215671,0.813147881861611,0.995981614715479,0.902974413117919,0.69476681683636,0.532280730215671
40.983415284607,0.532280730215671,0.813155945875309,0.995989624388904,0.902918413903727,0.694714729399388,0.532280730215671
40.9934161180098,0.532280730215671,0.813164046044995,0.995997630592662,0.902862409310898,0.694662664351383,0.532280730215671
41.0034169514126,0.532280730215671,0.813172182706585,0.996005634056586,0.902806394026511,0.694610617099843,0.532280730215671
41.0134177848154,0.532280730215671,0.813180355592957,0.996013635152764,0.902750364900523,0.694558584846968,0.532280730215671
41.0234186182182,0.532280730215671,0.813188563851856,0.996021633904877,0.902694320904104,0.694506566552172,0.532280730215671
41.033419451621,0.532280730215671,0.813196806067245,0.996029629999597,0.902638263074961,0.694454562883927,0.532280730215671
41.0434202850237,0.532280730215671,0.813205080283793,0.996037622799911,0.902582194450345,0.694402576161528,0.532280730215671
41.0534211184265,0.532280730215671,0.813213384034326,0.996045611360235,0.902526119988527,0.694350610287475,0.532280730215671
41.0634219518293,0.532280730215671,0.813221714369924,0.996053594443147,0.90247004647956,0.694298670671157,0.532280730215671
41.0734227852321,0.532280730215671,0.813230067892439,0.99606157053761,0.902413982446198,0.694246764144587,0.532280730215671
41.0834236186349,0.532280730215671,0.813238440789146,0.996069537878487,0.902357938035873,0.69419489887096,0.532280730215671
41.0934244520377,0.532280730215671,0.813246828869253,0.996077494467222,0.902301924904655,0.694143084246802,0.532280730215671
41.1034252854405,0.532280730215671,0.81325522760199,0.996085438093487,0.902245956094161,0.694091330798545,0.532280730215671
41.1134261188432,0.532280730215671,0.813263632156002,0.996093366357645,0.902190045902365,0.69403965007432,0.532280730215671
41.123426952246,0.532280730215671,0.813272037439765,0.996101276693856,0.902134209749294,0.693988054531802,0.532280730215671
41.1334277856488,0.532280730215671,0.813280438142734,0.996109166393664,0.902078464038606,0.693936557422914,0.532280730215671
41.1434286190516,0.532280730215671,0.81328882877696,0.996117032629886,0.902022826016,0.693885172676228,0.532280730215671
41.1534294524544,0.532280730215671,0.813297203718907,0.996124872480657,0.901967313625463,0.693833914777854,0.532280730215671
41.1634302858572,0.532280730215671,0.813305557251187,0.99613268295347,0.901911945364293,0.693782798651609,0.532280730215671
41.1734311192599,0.532280730215671,0.813313883603969,0.996140461009054,0.90185674013785,0.69373183953926,0.532280730215671
41.1834319526627,0.532280730215671,0.813322176995805,0.996148203584936,0.901801717114956,0.693681052881586,0.532280730215671
41.1934327860655,0.532280730215671,0.813330431673633,0.996155907618571,0.901746895584837,0.693630454200969,0.532280730215671
41.2034336194683,0.532280730215671,0.813338641951715,0.996163570069865,0.901692294816495,0.693580058986274,0.532280730215671
41.2134344528711,0.532280730215671,0.813346802249301,0.996171187943007,0.901637933921305,0.69352988258064,0.532280730215671
41.2234352862739,0.532280730215671,0.813354907126812,0.996178758307454,0.90158383171967,0.693479940072832,0.532280730215671
41.2334361196766,0.532280730215671,0.813362951320326,0.996186278317977,0.901530006612466,0.693430246192784,0.532280730215671
41.2434369530794,0.532280730215671,0.813370929774198,0.996193745233662,0.901476476458006,0.693380815211859,0.532280730215671
41.2534377864822,0.532280730215671,0.813378837671655,0.99620115643576,0.901423258455162,0.693331660848388,0.532280730215671
41.263438619885,0.532280730215671,0.813386670463187,0.996208509444315,0.901370369033302,0.693282796178953,0.532280730215671
41.2734394532878,0.532280730215671,0.813394423892623,0.996215801933488,0.901317823749552,0.693234233555831,0.532280730215671
41.2834402866906,0.532280730215671,0.813402094020745,0.996223031745505,0.901265637193934,0.693185984531042,0.532280730215671
41.2934411200933,0.532280730215671,0.813409677246358,0.996230196903178,0.901213822902823,0.693138059787296,0.532280730215671
41.3034419534961,0.532280730215671,0.813417170324722,0.996237295620954,0.901162393281079,0.693090469076158,0.532280730215671
41.3134427868989,0.532280730215671,0.813424570383267,0.99624432631445,0.901111359533245,0.693043221163664,0.532280730215671
41.3234436203017,0.532280730215671,0.813431874934549,0.996251287608444,0.901060731604035,0.69299632378362,0.532280730215671
41.3334444537045,0.532280730215671,0.813439081886419,0.996258178343318,0.901010518128337,0.692949783598658,0.532280730215671
41.3434452871073,0.532280730215671,0.813446189549377,0.996264997579927,0.900960726390874,0.692903606169225,0.532280730215671
41.35344612051,0.532280730215671,0.813453196641129,0.996271744602917,0.900911362295614,0.692857795930483,0.532280730215671
41.3634469539128,0.532280730215671,0.813460102288354,0.996278418922484,0.900862430344918,0.69281235617714,0.532280730215671
41.3734477873156,0.532280730215671,0.81346690602573,0.996285020274611,0.900813933628411,0.692767289056163,0.532280730215671
41.3834486207184,0.532280730215671,0.813473607792288,0.996291548619809,0.900765873821451,0.692722595567232,0.532280730215671
41.3934494541212,0.532280730215671,0.813480207925125,0.996298004140396,0.900718251193028,0.692678275570815,0.532280730215671
41.403450287524,0.532280730215671,0.813486707150628,0.996304387236372,0.90067106462288,0.692634327803641,0.532280730215671
41.4134511209267,0.532280730215671,0.81349310657326,0.996310698519938,0.900624311627501,0.692590749901323,0.532280730215671
41.4234519543295,0.532280730215671,0.813499407662063,0.996316938808726,0.900577988394753,0.692547538427856,0.532280730215671
41.4334527877323,0.532280730215671,0.813505612234998,0.996323109117819,0.900532089826647,0.692504688911641,0.532280730215671
41.4434536211351,0.532280730215671,0.813511722441259,0.996329210650619,0.900486609589879,0.692462195887689,0.532280730215671
41.4534544545379,0.532280730215671,0.813517740741759,0.996335244788667,0.900441540173604,0.692420052945576,0.532280730215671
41.4634552879407,0.532280730215671,0.813523669887889,0.996341213080496,0.900396872953967,0.692378252782739,0.532280730215671
41.4734561213434,0.532280730215671,0.813529512898802,0.996347117229609,0.900352598264769,0.692336787262636,0.532280730215671
41.4834569547462,0.532280730215671,0.813535273037358,0.996352959081683,0.900308705473731,0.692295647477291,0.532280730215671
41.493457788149,0.532280730215671,0.813540953784912,0.996358740611095,0.900265183063674,0.69225482381371,0.532280730215671
41.5034586215518,0.532280730215671,0.813546558815196,0.996364463906887,0.900222018718016,0.692214306023645,0.532280730215671
41.5134594549546,0.532280730215671,0.813552091967428,0.996370131158257,0.900179199409892,0.692174083296173,0.532280730215671
41.5234602883574,0.532280730215671,0.813557557218888,0.996375744639699,0.900136711494225,0.692134144332536,0.532280730215671
41.5334611217601,0.532280730215671,0.813562958657137,0.996381306695891,0.900094540802075,0.692094477422689,0.532280730215671
41.5434619551629,0.532280730215671,0.813568300452091,0.996386819726436,0.900052672736556,0.692055070523024,0.532280730215671
41.5534627885657,0.532280730215671,0.813573586828141,0.996392286170567,0.90001109236966,0.692015911334677,0.532280730215671
41.5634636219685,0.532280730215671,0.813578822036493,0.996397708491917,0.899969784539294,0.691976987381932,0.532280730215671
41.5734644553713,0.532280730215671,0.813584010327931,0.996403089163458,0.899928733945879,0.691938286090134,0.532280730215671
41.5834652887741,0.532280730215671,0.81358915592617,0.996408430652695,0.899887925247847,0.69189979486263,0.532280730215671
41.5934661221768,0.532280730215671,0.813594263001974,0.996413735407229,0.899847343155426,0.691861501156241,0.532280730215671
41.6034669555796,0.532280730215671,0.813599335648169,0.996419005840751,0.899806972522112,0.691823392554755,0.532280730215671
41.6134677889824,0.532280730215671,0.813604377855765,0.996424244319589,0.899766798433236,0.691785456840013,0.532280730215671
41.6234686223852,0.532280730215671,0.81360939349124,0.99642945314984,0.899726806291133,0.691747682060153,0.532280730215671
41.633469455788,0.532280730215671,0.813614386275179,0.996434634565203,0.899686981896354,0.691710056594624,0.532280730215671
41.6434702891908,0.532280730215671,0.813619359762363,0.99643979071555,0.899647311524514,0.691672569215578,0.532280730215671
41.6534711225936,0.532280730215671,0.813624317323374,0.996444923656312,0.899607781998323,0.691635209145338,0.532280730215671
41.6634719559963,0.532280730215671,0.813629262127873,0.99645003533872,0.899568380754421,0.691597966109636,0.532280730215671
41.6734727893991,0.532280730215671,0.813634197129546,0.996455127600955,0.89952909590471,0.691560830386329,0.532280730215671
41.6834736228019,0.532280730215671,0.813639125052856,0.996460202160244,0.899489916291868,0.691523792849428,0.532280730215671
41.6934744562047,0.532280730215671,0.813644048381575,0.996465260605928,0.899450831538824,0.69148684500819,0.532280730215671
41.7034752896075,0.532280730215671,0.813648969349198,0.996470304393533,0.899411832091992,0.691449979041181,0.532280730215671
41.7134761230103,0.532280730215671,0.813653889931194,0.996475334839851,0.899372909258121,0.691413187825157,0.532280730215671
41.723476956413,0.532280730215671,0.813658811839155,0.996480353119047,0.89933405523467,0.691376464958722,0.532280730215671
41.7334777898158,0.532280730215671,0.813663736516804,0.996485360259789,0.899295263133639,0.6913398047807,0.532280730215671
41.7434786232186,0.532280730215671,0.813668665137866,0.996490357143402,0.899256526998869,0.691303202383254,0.532280730215671
41.7534794566214,0.532280730215671,0.813673598605745,0.996495344503022,0.899217841816832,0.69126665361976,0.532280730215671
41.7634802900242,0.532280730215671,0.813678537554994,0.99650032292374,0.89917920352101,0.691230155107529,0.532280730215671
41.773481123427,0.532280730215671,0.8136834823545,0.996505292843717,0.899140608989953,0.691193704225473,0.532280730215671
41.7834819568297,0.532280730215671,0.813688433112364,0.996510254556218,0.899102056039215,0.691157299106844,0.532280730215671
41.7934827902325,0.532280730215671,0.813693389682338,0.996515208212555,0.899063543407322,0.691120938627217,0.532280730215671
41.8034836236353,0.532280730215671,0.813698351671812,0.996520153825876,0.899025070736046,0.69108462238792,0.532280730215671
41.8134844570381,0.532280730215671,0.813703318451204,0.996525091275769,0.898986638545203,0.69104835069509,0.532280730215671
41.8234852904409,0.532280730215671,0.813708289164707,0.996530020313626,0.898948248202297,0.691012124534656,0.532280730215671
41.8334861238437,0.532280730215671,0.813713262742249,0.996534940568703,0.898909901887317,0.690975945543441,0.532280730215671
41.8434869572464,0.532280730215671,0.81371823791259,0.996539851554842,0.898871602553027,0.690939815976727,0.532280730215671
41.8534877906492,0.532280730215671,0.813723213217441,0.996544752677776,0.898833353881102,0.690903738672508,0.532280730215671
41.863488624052,0.532280730215671,0.81372818702647,0.996549643242956,0.898795160234519,0.690867717012828,0.532280730215671
41.8734894574548,0.532280730215671,0.813733157553109,0.996554522463851,0.898757026606553,0.690831754882426,0.532280730215671
41.8834902908576,0.532280730215671,0.813738122871021,0.996559389470637,0.898718958566827,0.690795856625119,0.532280730215671
41.8934911242604,0.532280730215671,0.813743080931095,0.996564243319227,0.898680962204806,0.690760026998157,0.532280730215671
41.9034919576631,0.532280730215671,0.813748029578899,0.996569083000552,0.89864304407117,0.690724271124991,0.532280730215671
41.9134927910659,0.532280730215671,0.813752966572396,0.996573907450059,0.898605211117474,0.690688594446716,0.532280730215671
41.9234936244687,0.532280730215671,0.813757889599869,0.996578715557324,0.898567470634564,0.690653002672582,0.532280730215671
41.9334944578715,0.532280730215671,0.813762796297888,0.996583506175741,0.89852983019011,0.690617501729898,0.532280730215671
41.9434952912743,0.532280730215671,0.813767684269233,0.996588278132214,0.898492297565755,0.69058209771366,0.532280730215671
41.9534961246771,0.532280730215671,0.813772551100647,0.99659303023678,0.898454880694221,0.690546796836251,0.532280730215671
41.9634969580798,0.532280730215671,0.813777394380298,0.996597761292125,0.898417587596834,0.690511605377526,0.532280730215671
41.9734977914826,0.532280730215671,0.813782211714865,0.996602470102903,0.898380426321833,0.690476529635591,0.532280730215671
41.9834986248854,0.532280730215671,0.813787000746132,0.996607155484831,0.898343404883853,0.6904415758786,0.532280730215671
41.9934994582882,0.532280730215671,0.81379175916699,0.996611816273495,0.898306531204959,0.690406750297823,0.532280730215671
42.003500291691,0.532280730215671,0.813796484736775,0.996616451332805,0.898269813057552,0.6903720589623,0.532280730215671
42.0135011250938,0.532280730215671,0.813801175295824,0.996621059563079,0.898233258009516,0.690337507775321,0.532280730215671
42.0235019584965,0.532280730215671,0.813805828779216,0.996625639908682,0.898196873371882,0.690303102432966,0.532280730215671
42.0335027918993,0.532280730215671,0.813810443229573,0.996630191365206,0.898160666149307,0.690268848384949,0.532280730215671
42.0435036253021,0.532280730215671,0.813815016808903,0.996634712986142,0.898124642993651,0.690234750797947,0.532280730215671
42.0535044587049,0.532280730215671,0.813819547809401,0.99663920388901,0.898088810160851,0.690200814521629,0.532280730215671
42.0635052921077,0.532280730215671,0.813824034663166,0.996643663260928,0.89805317347135,0.690167044057525,0.532280730215671
42.0735061255105,0.532280730215671,0.81382847595079,0.996648090363593,0.898017738274221,0.690133443530881,0.532280730215671
42.0835069589132,0.532280730215671,0.813832870408792,0.99665248453765,0.897982509415201,0.690100016665634,0.532280730215671
42.093507792316,0.532280730215671,0.813837216935869,0.996656845206441,0.897947491208697,0.690066766762573,0.532280730215671
42.1035086257188,0.532280730215671,0.81384151459793,0.996661171879118,0.897912687413945,0.690033696680822,0.532280730215671
42.1135094591216,0.532280730215671,0.813845762631938,0.996665464153118,0.897878101215318,0.690000808822629,0.532280730215671
42.1235102925244,0.532280730215671,0.813849960448526,0.996669721715995,0.897843735206892,0.689968105121531,0.532280730215671
42.1335111259272,0.532280730215671,0.81385410763341,0.996673944346606,0.897809591381252,0.689935587033899,0.532280730215671
42.1435119593299,0.532280730215671,0.81385820394761,0.996678131915672,0.897775671122528,0.689903255533839,0.532280730215671
42.1535127927327,0.532280730215671,0.813862249326506,0.996682284385708,0.897741975203657,0.689871111111429,0.532280730215671
42.1635136261355,0.532280730215671,0.813866243877744,0.996686401810342,0.897708503787743,0.68983915377421,0.532280730215671
42.1735144595383,0.532280730215671,0.81387018787805,0.996690484333043,0.897675256433497,0.689807383051887,0.532280730215671
42.1835152929411,0.532280730215671,0.813874081768978,0.996694532185278,0.897642232104581,0.68977579800411,0.532280730215671
42.1935161263439,0.532280730215671,0.813877926151638,0.996698545684117,0.897609429182747,0.689744397231241,0.532280730215671
42.2035169597466,0.532280730215671,0.813881721780497,0.996702525229324,0.897576845484592,0.689713178887979,0.532280730215671
42.2135177931494,0.532280730215671,0.813885469556243,0.996706471299948,0.897544478281772,0.689682140699675,0.532280730215671
42.2235186265522,0.532280730215671,0.81388917051786,0.99671038445047,0.897512324324434,0.689651279981183,0.532280730215671
42.233519459955,0.532280730215671,0.813892825833913,0.996714265306516,0.897480379867667,0.689620593658076,0.532280730215671
42.2435202933578,0.532280730215671,0.813896436793169,0.99671811456019,0.897448640700745,0.689590078290015,0.532280730215671
42.2535211267606,0.532280730215671,0.813900004794593,0.996721932965067,0.897417102178879,0.689559730096114,0.532280730215671
42.2635219601633,0.532280730215671,0.81390353133682,0.996725721330869,0.897385759257245,0.689529544982044,0.532280730215671
42.2735227935661,0.532280730215671,0.813907018007184,0.996729480517891,0.897354606526993,0.689499518568671,0.532280730215671
42.2835236269689,0.532280730215671,0.813910466470374,0.996733211431195,0.89732363825298,0.689469646222043,0.532280730215671
42.2935244603717,0.532280730215671,0.813913878456808,0.996736915014635,0.897292848412897,0.689439923084429,0.532280730215671
42.3035252937745,0.532280730215671,0.813917255750815,0.996740592244747,0.89726223073756,0.689410344106259,0.532280730215671
42.3135261271773,0.532280730215671,0.813920600178702,0.996744244124544,0.897231778752,0.689380904078649,0.532280730215671
42.32352696058,0.532280730215671,0.813923913596781,0.996747871677271,0.897201485817128,0.689351597666359,0.532280730215671
42.3335277939828,0.532280730215671,0.813927197879456,0.996751475940149,0.897171345171628,0.68932241944091,0.532280730215671
42.3435286273856,0.532280730215671,0.813930454907433,0.996755057958166,0.897141349973836,0.689293363913628,0.532280730215671
42.3535294607884,0.532280730215671,0.813933686556131,0.996758618777937,0.897111493343286,0.689264425568435,0.532280730215671
42.3635302941912,0.532280730215671,0.81393689468438,0.996762159441687,0.89708176840168,0.689235598894138,0.532280730215671
42.373531127594,0.532280730215671,0.813940081123462,0.996765680981385,0.897052168313011,0.689206878416018,0.532280730215671
42.3835319609967,0.532280730215671,0.813943247666558,0.996769184413077,0.897022686322582,0.689178258726538,0.532280730215671
42.3935327943995,0.532280730215671,0.813946396058691,0.996772670731436,0.896993315794676,0.689149734514962,0.532280730215671
42.4035336278023,0.532280730215671,0.813949527987174,0.996776140904568,0.896964050248694,0.689121300595722,0.532280730215671
42.4135344612051,0.532280730215671,0.813952645072673,0.99677959586911,0.896934883393489,0.689092951935377,0.532280730215671
42.4235352946079,0.532280730215671,0.813955748860875,0.996783036525633,0.896905809159761,0.689064683677996,0.532280730215671
42.4335361280107,0.532280730215671,0.813958840814849,0.996786463734384,0.896876821730296,0.689036491168843,0.532280730215671
42.4435369614135,0.532280730215671,0.813961922308103,0.99678987831138,0.896847915567941,0.68900836997624,0.532280730215671
42.4535377948162,0.532280730215671,0.813964994618394,0.996793281024884,0.89681908544111,0.688980315911503,0.532280730215671
42.463538628219,0.532280730215671,0.813968058922287,0.996796672592261,0.896790326446786,0.688952325046856,0.532280730215671
42.4735394616218,0.532280730215671,0.813971116290521,0.996800053677244,0.89676163403084,0.688924393731257,0.532280730215671
42.4835402950246,0.532280730215671,0.813974167684146,0.996803424887604,0.896733004005652,0.688896518604069,0.532280730215671
42.4935411284274,0.532280730215671,0.813977213951492,0.996806786773243,0.896704432564948,0.688868696606524,0.532280730215671
42.5035419618302,0.532280730215671,0.813980255825922,0.996810139824702,0.896675916295804,0.688840924990983,0.532280730215671
42.5135427952329,0.532280730215671,0.813983293924417,0.996813484472096,0.896647452187834,0.688813201327944,0.532280730215671
42.5235436286357,0.532280730215671,0.813986328746925,0.996816821084456,0.896619037639531,0.68878552351083,0.532280730215671
42.5335444620385,0.532280730215671,0.813989360676516,0.996820149969501,0.896590670461798,0.688757889758548,0.532280730215671
42.5435452954413,0.532280730215671,0.813992389980301,0.996823471373795,0.896562348878704,0.688730298615881,0.532280730215671
42.5535461288441,0.532280730215671,0.813995416811071,0.996826785483318,0.896534071525517,0.688702748951743,0.532280730215671
42.5635469622469,0.532280730215671,0.81399844120968,0.996830092424405,0.896505837444094,0.688675239955341,0.532280730215671
42.5735477956496,0.532280730215671,0.81400146310808,0.996833392265058,0.896477646075717,0.688647771130356,0.532280730215671
42.5835486290524,0.532280730215671,0.814004482333029,0.996836685016608,0.896449497251458,0.688620342287184,0.532280730215671
42.5935494624552,0.532280730215671,0.814007498610386,0.996839970635704,0.896421391180235,0.688592953533371,0.532280730215671
42.603550295858,0.532280730215671,0.814010511569984,0.99684324902662,0.896393328434636,0.6885656052623,0.532280730215671
42.6135511292608,0.532280730215671,0.814013520751026,0.996846520043837,0.896365309934693,0.688538298140286,0.532280730215671
42.6235519626636,0.532280730215671,0.814016525607946,0.996849783494904,0.896337336929743,0.688511033092184,0.532280730215671
42.6335527960663,0.532280730215671,0.814019525516702,0.996853039143526,0.896309410978531,0.688483811285629,0.532280730215671
42.6435536294691,0.532280730215671,0.814022519781445,0.996856286712873,0.896281533927744,0.688456634114049,0.532280730215671
42.6535544628719,0.532280730215671,0.814025507641508,0.996859525889069,0.896253707889126,0.688429503178599,0.532280730215671
42.6635552962747,0.532280730215671,0.81402848827867,0.996862756324849,0.896225935215377,0.688402420269152,0.532280730215671
42.6735561296775,0.532280730215671,0.814031460824615,0.996865977643337,0.896198218475016,0.688375387344475,0.532280730215671
42.6835569630803,0.532280730215671,0.814034424368601,0.996869189441938,0.896170560426378,0.68834840651178,0.532280730215671
42.693557796483,0.532280730215671,0.814037377965178,0.9968723912963,0.896142963990967,0.688321480005753,0.532280730215671
42.7035586298858,0.532280730215671,0.814040320642012,0.996875582764322,0.896115432226319,0.688294610167249,0.532280730215671
42.7135594632886,0.532280730215671,0.814043251407679,0.99687876339019,0.896087968298596,0.688267799421769,0.532280730215671
42.7235602966914,0.532280730215671,0.814046169259437,0.996881932708402,0.896060575455065,0.688241050257873,0.532280730215671
42.7335611300942,0.532280730215671,0.814049073190875,0.996885090247758,0.896033256996676,0.688214365205702,0.532280730215671
42.743561963497,0.532280730215671,0.814051962199442,0.996888235535299,0.896006016250895,0.6881877468157,0.532280730215671
42.7535627968997,0.532280730215671,0.814054835293763,0.996891368100155,0.895978856544973,0.688161197637701,0.532280730215671
42.7635636303025,0.532280730215671,0.814057691500727,0.996894487477293,0.895951781179814,0.68813472020051,0.532280730215671
42.7735644637053,0.532280730215671,0.814060529872303,0.996897593211137,0.895924793404609,0.688108316992082,0.532280730215671
42.7835652971081,0.532280730215671,0.814063349492028,0.996900684859034,0.895897896392374,0.688081990440442,0.532280730215671
42.7935661305109,0.532280730215671,0.81406614948116,0.996903761994556,0.895871093216546,0.688055742895435,0.532280730215671
42.8035669639137,0.532280730215671,0.814068929004419,0.996906824210615,0.895844386828759,0.688029576611419,0.532280730215671
42.8135677973164,0.532280730215671,0.814071687275345,0.996909871122375,0.895817780037921,0.688003493730974,0.532280730215671
42.8235686307192,0.532280730215671,0.814074423561193,0.996912902369945,0.895791275490715,0.687977496269759,0.532280730215671
42.833569464122,0.532280730215671,0.814077137187366,0.996915917620845,0.895764875653604,0.687951586102533,0.532280730215671
42.8435702975248,0.532280730215671,0.814079827541376,0.996918916572229,0.895738582796438,0.687925764950441,0.532280730215671
42.8535711309276,0.532280730215671,0.81408249407629,0.996921898952861,0.895712398977745,0.687900034369629,0.532280730215671
42.8635719643304,0.532280730215671,0.814085136313676,0.996924864524828,0.895686326031739,0.687874395741206,0.532280730215671
42.8735727977331,0.532280730215671,0.814087753846031,0.996927813084995,0.895660365557126,0.687848850262599,0.532280730215671
42.8835736311359,0.532280730215671,0.814090346338657,0.99693074446619,0.895634518907733,0.687823398940356,0.532280730215671
42.8935744645387,0.532280730215671,0.814092913531051,0.996933658538121,0.895608787184974,0.687798042584373,0.532280730215671
42.9035752979415,0.532280730215671,0.814095455237738,0.996936555208025,0.895583171232177,0.687772781803572,0.532280730215671
42.9135761313443,0.532280730215671,0.814097971348599,0.99693943442105,0.895557671630763,0.68774761700303,0.532280730215671
42.9235769647471,0.532280730215671,0.814100461828673,0.996942296160369,0.895532288698278,0.68772254838255,0.532280730215671
42.9335777981498,0.532280730215671,0.81410292671749,0.996945140447046,0.895507022488212,0.687697575936622,0.532280730215671
42.9435786315526,0.532280730215671,0.814105366127888,0.996947967339633,0.89548187279163,0.687672699455791,0.532280730215671
42.9535794649554,0.532280730215671,0.814107780244379,0.996950776933542,0.895456839140517,0.687647918529359,0.532280730215671
42.9635802983582,0.532280730215671,0.81411016932107,0.996953569360167,0.895431920812793,0.687623232549385,0.532280730215671
42.973581131761,0.532280730215671,0.814112533679168,0.996956344785794,0.895407116838937,0.687598640715932,0.532280730215671
42.9835819651638,0.532280730215671,0.814114873704063,0.996959103410291,0.895382426010139,0.687574142043496,0.532280730215671
42.9935827985665,0.532280730215671,0.814117189842081,0.996961845465608,0.895357846887879,0.687549735368535,0.532280730215671
43.0035836319693,0.532280730215671,0.814119482596862,0.996964571214086,0.895333377814865,0.687525419358059,0.532280730215671
43.0135844653721,0.532280730215671,0.81412175252545,0.996967280946605,0.895309016927221,0.687501192519175,0.532280730215671
43.0235852987749,0.532280730215671,0.814124000234108,0.996969974980573,0.895284762167782,0.687477053209489,0.532280730215671
43.0335861321777,0.532280730215671,0.814126226373882,0.996972653657783,0.89526061130044,0.687452999648324,0.532280730215671
43.0435869655805,0.532280730215671,0.814128431635959,0.996975317342153,0.895236561925399,0.687429029928619,0.532280730215671
43.0535877989833,0.532280730215671,0.814130616746871,0.996977966417361,0.895212611495194,0.68740514202943,0.532280730215671
43.063588632386,0.532280730215671,0.814132782463533,0.996980601284401,0.895188757331391,0.687381333828944,0.532280730215671
43.0735894657888,0.532280730215671,0.81413492956821,0.996983222359071,0.895164996641818,0.6873576031179,0.532280730215671
43.0835902991916,0.532280730215671,0.814137058863405,0.996985830069419,0.895141326538201,0.687333947613302,0.532280730215671
43.0935911325944,0.532280730215671,0.814139171166724,0.996988424853154,0.895117744054099,0.687310364972387,0.532280730215671
43.1035919659972,0.532280730215671,0.814141267305741,0.996991007155054,0.89509424616298,0.687286852806659,0.532280730215671
43.1135927994,0.532280730215671,0.814143348112914,0.996993577424372,0.895070829796345,0.687263408695968,0.532280730215671
43.1235936328027,0.532280730215671,0.814145414420566,0.996996136112276,0.895047491861751,0.687240030202508,0.532280730215671
43.1335944662055,0.532280730215671,0.814147467055974,0.996998683669319,0.895024229260651,0.687216714884645,0.532280730215671
43.1435952996083,0.532280730215671,0.814149506836595,0.997001220542973,0.895001038905881,0.687193460310496,0.532280730215671
43.1535961330111,0.532280730215671,0.81415153456546,0.997003747175234,0.894977917738751,0.687170264071149,0.532280730215671
43.1635969664139,0.532280730215671,0.814153551026755,0.997006264000307,0.894954862745574,0.687147123793485,0.532280730215671
43.1735977998167,0.532280730215671,0.814155556981619,0.997008771442398,0.894931870973574,0.687124037152473,0.532280730215671
43.1835986332194,0.532280730215671,0.814157553164186,0.997011269913609,0.894908939546073,0.687101001882933,0.532280730215671
43.1935994666222,0.532280730215671,0.814159540277892,0.997013759811972,0.894886065676847,0.68707801579062,0.532280730215671
43.203600300025,0.532280730215671,0.814161518992056,0.997016241519595,0.894863246683614,0.687055076762645,0.532280730215671
43.2136011334278,0.532280730215671,0.814163489938753,0.997018715400973,0.894840480000554,0.687032182777139,0.532280730215671
43.2236019668306,0.532280730215671,0.814165453710022,0.997021181801431,0.894817763189788,0.687009331912111,0.532280730215671
43.2336028002333,0.532280730215671,0.814167410855363,0.997023641045745,0.894795093951818,0.68698652235347,0.532280730215671
43.2436036336361,0.532280730215671,0.814169361879606,0.997026093436905,0.894772470134801,0.686963752402183,0.532280730215671
43.2536044670389,0.532280730215671,0.814171307241076,0.997028539255067,0.894749889742696,0.686941020480515,0.532280730215671
43.2636053004417,0.532280730215671,0.814173247350145,0.997030978756661,0.894727350942205,0.686918325137366,0.532280730215671
43.2736061338445,0.532280730215671,0.814175182568095,0.997033412173683,0.894704852068505,0.686895665052641,0.532280730215671
43.2836069672473,0.532280730215671,0.814177113206357,0.997035839713154,0.894682391629763,0.686873039040694,0.532280730215671
43.2936078006501,0.532280730215671,0.814179039526066,0.99703826155676,0.89465996831043,0.686850446052824,0.532280730215671
43.3036086340528,0.532280730215671,0.81418096173798,0.997040677860659,0.894637580973297,0.686827885178809,0.532280730215671
43.3136094674556,0.532280730215671,0.814182880002707,0.997043088755459,0.894615228660367,0.68680535564752,0.532280730215671
43.3236103008584,0.532280730215671,0.814184794431284,0.997045494346368,0.894592910592527,0.686782856826616,0.532280730215671
43.3336111342612,0.532280730215671,0.814186705086033,0.997047894713497,0.894570626168065,0.68676038822133,0.532280730215671
43.343611967664,0.532280730215671,0.814188611981752,0.997050289912326,0.894548374960064,0.686737949472417,0.532280730215671
43.3536128010668,0.532280730215671,0.814190515087165,0.997052679974313,0.894526156712709,0.68671554035323,0.532280730215671
43.3636136344695,0.532280730215671,0.814192414326654,0.997055064907652,0.894503971336576,0.686693160766028,0.532280730215671
43.3736144678723,0.532280730215671,0.814194309582242,0.997057444698159,0.894481818902921,0.686670810737519,0.532280730215671
43.3836153012751,0.532280730215671,0.814196200695806,0.997059819310286,0.894459699637062,0.686648490413691,0.532280730215671
43.3936161346779,0.532280730215671,0.814198087471502,0.997062188688246,0.894437613910903,0.686626200053994,0.532280730215671
43.4036169680807,0.532280730215671,0.814199969678392,0.997064552757253,0.894415562234662,0.686603940024899,0.532280730215671
43.4136178014835,0.532280730215671,0.814201847053231,0.997066911424845,0.89439354524789,0.68658171079293,0.532280730215671
43.4236186348862,0.532280730215671,0.814203719303413,0.997069264582296,0.894371563709845,0.686559512917188,0.532280730215671
43.433619468289,0.532280730215671,0.81420558611003,0.997071612106101,0.894349618489303,0.686537347041452,0.532280730215671
43.4436203016918,0.532280730215671,0.81420744713105,0.997073953859527,0.894327710553877,0.686515213885899,0.532280730215671
43.4536211350946,0.532280730215671,0.814209302004573,0.997076289694198,0.894305840958944,0.686493114238534,0.532280730215671
43.4636219684974,0.532280730215671,0.814211150352126,0.997078619451738,0.894284010836242,0.686471048946361,0.532280730215671
43.4736228019002,0.532280730215671,0.814212991782013,0.997080942965424,0.894262221382229,0.686449018906389,0.532280730215671
43.4836236353029,0.532280730215671,0.814214825892668,0.997083260061863,0.894240473846281,0.686427025056497,0.532280730215671
43.4936244687057,0.532280730215671,0.814216652275999,0.997085570562669,0.894218769518826,0.686405068366283,0.532280730215671
43.5036253021085,0.532280730215671,0.81421847052069,0.997087874286131,0.894197109719458,0.686383149827882,0.532280730215671
43.5136261355113,0.532280730215671,0.814220280215462,0.997090171048869,0.894175495785161,0.686361270446872,0.532280730215671
43.5236269689141,0.532280730215671,0.814222080952256,0.99709246066745,0.894153929058665,0.686339431233308,0.532280730215671
43.5336278023169,0.532280730215671,0.814223872329307,0.997094742959974,0.894132410877051,0.686317633192933,0.532280730215671
43.5436286357196,0.532280730215671,0.814225653954142,0.997097017747608,0.894110942560647,0.686295877318621,0.532280730215671
43.5536294691224,0.532280730215671,0.814227425446398,0.997099284856066,0.894089525402295,0.686274164582119,0.532280730215671
43.5636303025252,0.532280730215671,0.814229186440544,0.997101544117011,0.89406816065705,0.686252495926126,0.532280730215671
43.573631135928,0.532280730215671,0.814230936588408,0.997103795369402,0.894046849532365,0.686230872256729,0.532280730215671
43.5836319693308,0.532280730215671,0.814232675561556,0.997106038460741,0.89402559317882,0.686209294436298,0.532280730215671
43.5936328027336,0.532280730215671,0.814234403053462,0.997108273248249,0.894004392681451,0.686187763276805,0.532280730215671
43.6036336361363,0.532280730215671,0.814236118781504,0.997110499599934,0.893983249051698,0.68616627953367,0.532280730215671
43.6136344695391,0.532280730215671,0.814237822488743,0.997112717395571,0.89396216322006,0.686144843900104,0.532280730215671
43.6236353029419,0.532280730215671,0.814239513945493,0.997114926527578,0.893941136029424,0.686123457002014,0.532280730215671
43.6336361363447,0.532280730215671,0.814241192950672,0.99711712690178,0.893920168229165,0.686102119393478,0.532280730215671
43.6436369697475,0.532280730215671,0.814242859332938,0.997119318438075,0.893899260469991,0.68608083155281,0.532280730215671
43.6536378031503,0.532280730215671,0.814244512951593,0.997121501070975,0.893878413299571,0.686059593879221,0.532280730215671
43.663638636553,0.532280730215671,0.814246153697269,0.997123674750053,0.893857627158961,0.686038406690092,0.532280730215671
43.6736394699558,0.532280730215671,0.814247781492373,0.997125839440262,0.89383690237982,0.686017270218866,0.532280730215671
43.6836403033586,0.532280730215671,0.814249396291336,0.997127995122152,0.893816239182431,0.685996184613552,0.532280730215671
43.6936411367614,0.532280730215671,0.814250998080603,0.997130141791973,0.893795637674521,0.685975149935847,0.532280730215671
43.7036419701642,0.532280730215671,0.814252586878458,0.997132279461669,0.893775097850859,0.685954166160843,0.532280730215671
43.713642803567,0.532280730215671,0.814254162734588,0.997134408158766,0.893754619593633,0.685933233177361,0.532280730215671
43.7236436369697,0.532280730215671,0.814255725729479,0.99713652792616,0.893734202673574,0.685912350788819,0.532280730215671
43.7336444703725,0.532280730215671,0.814257275973611,0.997138638821801,0.893713846751821,0.685891518714706,0.532280730215671
43.7436453037753,0.532280730215671,0.814258813606461,0.997140740918282,0.893693551382465,0.685870736592549,0.532280730215671
43.7536461371781,0.532280730215671,0.814260338795336,0.997142834302344,0.893673316015792,0.685850003980434,0.532280730215671
43.7636469705809,0.532280730215671,0.814261851734054,0.997144919074286,0.893653140002131,0.685829320359971,0.532280730215671
43.7736478039837,0.532280730215671,0.814263352641453,0.997146995347307,0.893633022596312,0.685808685139743,0.532280730215671
43.7836486373864,0.532280730215671,0.814264841759792,0.997149063246764,0.893612962962672,0.685788097659168,0.532280730215671
43.7936494707892,0.532280730215671,0.814266319353005,0.997151122909372,0.893592960180568,0.685767557192743,0.532280730215671
43.803650304192,0.532280730215671,0.814267785704856,0.997153174482343,0.893573013250345,0.685747062954633,0.532280730215671
43.8136511375948,0.532280730215671,0.814269241117009,0.997155218122465,0.893553121099714,0.685726614103586,0.532280730215671
43.8236519709976,0.532280730215671,0.814270685906996,0.997157253995148,0.893533282590495,0.685706209748116,0.532280730215671
43.8336528044004,0.532280730215671,0.814272120406143,0.99715928227342,0.893513496525657,0.685685848951905,0.532280730215671
43.8436536378032,0.532280730215671,0.814273544957437,0.9971613031369,0.893493761656611,0.685665530739411,0.532280730215671
43.8536544712059,0.532280730215671,0.814274959913359,0.997163316770749,0.893474076690703,0.685645254101612,0.532280730215671
43.8636553046087,0.532280730215671,0.814276365633708,0.997165323364596,0.893454440298857,0.685625018001875,0.532280730215671
43.8736561380115,0.532280730215671,0.814277762483406,0.99716732311147,0.893434851123292,0.685604821381873,0.532280730215671
43.8836569714143,0.532280730215671,0.814279150830325,0.997169316206716,0.893415307785286,0.685584663167534,0.532280730215671
43.8936578048171,0.532280730215671,0.814280531043141,0.997171302846934,0.893395808892939,0.685564542274986,0.532280730215671
43.9036586382199,0.532280730215671,0.814281903489223,0.997173283228917,0.893376353048823,0.685544457616422,0.532280730215671
43.9136594716226,0.532280730215671,0.814283268532563,0.997175257548616,0.893356938857577,0.685524408105908,0.532280730215671
43.9236603050254,0.532280730215671,0.814284626531805,0.997177226000133,0.893337564933281,0.685504392665033,0.532280730215671
43.9336611384282,0.532280730215671,0.814285977838304,0.997179188774742,0.893318229906664,0.685484410228411,0.532280730215671
43.943661971831,0.532280730215671,0.814287322794317,0.997181146059952,0.893298932432021,0.685464459748977,0.532280730215671
43.9536628052338,0.532280730215671,0.814288661731254,0.997183098038615,0.893279671193869,0.685444540203071,0.532280730215671
43.9636636386366,0.532280730215671,0.814289994968072,0.997185044888076,0.893260444913247,0.685424650595252,0.532280730215671
43.9736644720393,0.532280730215671,0.814291322809754,0.997186986779385,0.893241252353666,0.685404789962834,0.532280730215671
43.9836653054421,0.532280730215671,0.814292645545929,0.997188923876562,0.893222092326644,0.68538495738012,0.532280730215671
43.9936661388449,0.532280730215671,0.814293963449621,0.997190856335922,0.893202963696835,0.6853651519623,0.532280730215671
44.0036669722477,0.532280730215671,0.814295276776122,0.997192784305468,0.893183865386688,0.685345372869004,0.532280730215671
44.0136678056505,0.532280730215671,0.814296585762019,0.997194707924347,0.893164796380648,0.685325619307512,0.532280730215671
44.0236686390533,0.532280730215671,0.814297890624351,0.997196627322377,0.893145755728858,0.685305890535556,0.532280730215671
44.033669472456,0.532280730215671,0.814299191559925,0.997198542619644,0.893126742550357,0.685286185863753,0.532280730215671
44.0436703058588,0.532280730215671,0.814300488744768,0.997200453926171,0.893107756035775,0.685266504657654,0.532280730215671
44.0536711392616,0.532280730215671,0.814301782333729,0.997202361341659,0.893088795449492,0.685246846339372,0.532280730215671
44.0636719726644,0.532280730215671,0.814303072460232,0.997204264955297,0.893069860131285,0.68522721038883,0.532280730215671
44.0736728060672,0.532280730215671,0.814304359236168,0.997206164845653,0.893050949497444,0.685207596344589,0.532280730215671
44.08367363947,0.532280730215671,0.814305642751937,0.997208061080623,0.893032063041373,0.6851880038043,0.532280730215671
44.0936744728727,0.532280730215671,0.814306923076621,0.997209953717465,0.893013200333676,0.685168432424746,0.532280730215671
44.1036753062755,0.532280730215671,0.814308200258295,0.997211842802886,0.892994361021745,0.685148881921517,0.532280730215671
44.1136761396783,0.532280730215671,0.814309474324479,0.997213728373204,0.892975544828858,0.6851293520683,0.532280730215671
44.1236769730811,0.532280730215671,0.814310745282692,0.997215610454573,0.892956751552798,0.68510984269581,0.532280730215671
44.1336778064839,0.532280730215671,0.814312013121143,0.997217489063268,0.892937981064039,0.685090353690392,0.532280730215671
44.1436786398867,0.532280730215671,0.814313277809526,0.99721936420602,0.892919233303481,0.685070884992276,0.532280730215671
44.1536794732894,0.532280730215671,0.814314539299916,0.997221235880418,0.89290050827979,0.685051436593534,0.532280730215671
44.1636803066922,0.532280730215671,0.81431579752776,0.997223104075347,0.892881806066361,0.685032008535748,0.532280730215671
44.173681140095,0.532280730215671,0.81431705241296,0.997224968771486,0.892863126797918,0.685012600907404,0.532280730215671
44.1836819734978,0.532280730215671,0.81431830386103,0.997226829941834,0.892844470666802,0.684993213841046,0.532280730215671
44.1936828069006,0.532280730215671,0.814319551764311,0.997228687552281,0.892825837918978,0.68497384751022,0.532280730215671
44.2036836403034,0.532280730215671,0.814320796003264,0.997230541562212,0.892807228849757,0.684954502126208,0.532280730215671
44.2136844737061,0.532280730215671,0.814322036447794,0.997232391925136,0.892788643799325,0.684935177934598,0.532280730215671
44.2236853071089,0.532280730215671,0.814323272958617,0.997234238589335,0.892770083148069,0.684915875211725,0.532280730215671
44.2336861405117,0.532280730215671,0.814324505388667,0.997236081498541,0.892751547311747,0.684896594260968,0.532280730215671
44.2436869739145,0.532280730215671,0.814325733584505,0.997237920592616,0.892733036736543,0.684877335408988,0.532280730215671
44.2536878073173,0.532280730215671,0.814326957387748,0.997239755808247,0.892714551894047,0.684858099001887,0.532280730215671
44.2636886407201,0.532280730215671,0.814328176636491,0.997241587079642,0.892696093276169,0.684838885401332,0.532280730215671
44.2736894741228,0.532280730215671,0.814329391166726,0.997243414339227,0.892677661390052,0.684819694980681,0.532280730215671
44.2836903075256,0.532280730215671,0.814330600813741,0.997245237518334,0.892659256753005,0.684800528121112,0.532280730215671
44.2936911409284,0.532280730215671,0.814331805413479,0.997247056547887,0.892640879887482,0.684781385207806,0.532280730215671
44.3036919743312,0.532280730215671,0.814333004803884,0.997248871359062,0.892622531316152,0.684762266626184,0.532280730215671
44.313692807734,0.532280730215671,0.814334198826175,0.99725068188394,0.892604211557079,0.684743172758249,0.532280730215671
44.3236936411368,0.532280730215671,0.814335387326092,0.99725248805613,0.892585921119058,0.684724103979017,0.532280730215671
44.3336944745395,0.532280730215671,0.814336570155073,0.997254289811374,0.892567660497105,0.684705060653117,0.532280730215671
44.3436953079423,0.532280730215671,0.814337747171355,0.997256087088113,0.892549430168172,0.684686043131501,0.532280730215671
44.3536961413451,0.532280730215671,0.814338918241036,0.99725787982803,0.892531230587055,0.68466705174835,0.532280730215671
44.3636969747479,0.532280730215671,0.814340083239018,0.997259667976553,0.892513062182568,0.684648086818169,0.532280730215671
44.3736978081507,0.532280730215671,0.814341242049902,0.99726145148332,0.892494925353976,0.684629148633068,0.532280730215671
44.3836986415535,0.532280730215671,0.81434239456878,0.99726323030261,0.892476820467707,0.684610237460279,0.532280730215671
44.3936994749562,0.532280730215671,0.814343540701955,0.997265004393724,0.892458747854366,0.684591353539883,0.532280730215671
44.403700308359,0.532280730215671,0.81434468036754,0.997266773721328,0.892440707806059,0.684572497082777,0.532280730215671
44.4137011417618,0.532280730215671,0.814345813495999,0.99726853825575,0.892422700574036,0.684553668268905,0.532280730215671
44.4237019751646,0.532280730215671,0.81434694003057,0.997270297973233,0.892404726366672,0.684534867245709,0.532280730215671
44.4337028085674,0.532280730215671,0.814348059927596,0.997272052856137,0.892386785347781,0.684516094126874,0.532280730215671
44.4437036419702,0.532280730215671,0.814349173156767,0.997273802893104,0.892368877635262,0.68449734899129,0.532280730215671
44.4537044753729,0.532280730215671,0.814350279701258,0.997275548079161,0.892351003300107,0.684478631882316,0.532280730215671
44.4637053087757,0.532280730215671,0.814351379557777,0.997277288415796,0.892333162365729,0.684459942807278,0.532280730215671
44.4737061421785,0.532280730215671,0.814352472736534,0.997279023910972,0.892315354807643,0.68444128173722,0.532280730215671
44.4837069755813,0.532280730215671,0.814353559261083,0.997280754579104,0.89229758055348,0.684422648606938,0.532280730215671
44.4937078089841,0.532280730215671,0.814354639168118,0.997282480440995,0.892279839483306,0.68440404331522,0.532280730215671
44.5037086423869,0.532280730215671,0.814355712507166,0.997284201523719,0.892262131430293,0.68438546572536,0.532280730215671
44.5137094757896,0.532280730215671,0.814356779340194,0.997285917860479,0.892244456181657,0.684366915665889,0.532280730215671
44.5237103091924,0.532280730215671,0.814357839741155,0.997287629490414,0.892226813479919,0.684348392931522,0.532280730215671
44.5337111425952,0.532280730215671,0.814358893795455,0.99728933645837,0.89220920302442,0.684329897284322,0.532280730215671
44.543711975998,0.532280730215671,0.814359941599349,0.997291038814651,0.892191624473121,0.684311428455074,0.532280730215671
44.5537128094008,0.532280730215671,0.814360983259297,0.997292736614718,0.892174077444623,0.684292986144819,0.532280730215671
44.5637136428036,0.532280730215671,0.814362018891227,0.997294429918874,0.892156561520424,0.684274570026566,0.532280730215671
44.5737144762063,0.532280730215671,0.814363048619803,0.997296118791919,0.892139076247383,0.684256179747177,0.532280730215671
44.5837153096091,0.532280730215671,0.814364072577597,0.997297803302777,0.892121621140362,0.684237814929363,0.532280730215671
44.5937161430119,0.532280730215671,0.814365090904261,0.997299483524112,0.892104195685036,0.684219475173825,0.532280730215671
44.6037169764147,0.532280730215671,0.814366103745649,0.997301159531914,0.892086799340836,0.684201160061481,0.532280730215671
44.6137178098175,0.532280730215671,0.814367111252926,0.997302831405084,0.892069431544021,0.684182869155804,0.532280730215671
44.6237186432203,0.532280730215671,0.814368113581657,0.997304499224999,0.892052091710834,0.684164602005215,0.532280730215671
44.633719476623,0.532280730215671,0.814369110890882,0.997306163075074,0.892034779240734,0.684146358145525,0.532280730215671
44.6437203100258,0.532280730215671,0.814370103342193,0.997307823040315,0.892017493519682,0.684128137102438,0.532280730215671
44.6537211434286,0.532280730215671,0.814371091098804,0.997309479206872,0.89200023392344,0.684109938394044,0.532280730215671
44.6637219768314,0.532280730215671,0.814372074324644,0.997311131661598,0.891982999820886,0.684091761533332,0.532280730215671
44.6737228102342,0.532280730215671,0.814373053183441,0.997312780491601,0.891965790577308,0.684073606030677,0.532280730215671
44.683723643637,0.532280730215671,0.814374027837849,0.997314425783817,0.891948605557649,0.684055471396306,0.532280730215671
44.6937244770398,0.532280730215671,0.814374998448587,0.997316067624578,0.891931444129702,0.684037357142715,0.532280730215671
44.7037253104425,0.532280730215671,0.814375965173608,0.997317706099208,0.89191430566722,0.68401926278701,0.532280730215671
44.7137261438453,0.532280730215671,0.814376928167315,0.997319341291616,0.891897189552922,0.684001187853203,0.532280730215671
44.7237269772481,0.532280730215671,0.814377887579794,0.997320973283927,0.891880095181386,0.683983131874367,0.532280730215671
44.7337278106509,0.532280730215671,0.814378843556122,0.997322602156112,0.891863021961813,0.683965094394754,0.532280730215671
44.7437286440537,0.532280730215671,0.814379796235685,0.997324227985649,0.891845969320626,0.683947074971743,0.532280730215671
44.7537294774565,0.532280730215671,0.814380745751585,0.997325850847215,0.891828936703924,0.683929073177694,0.532280730215671
44.7637303108592,0.532280730215671,0.814381692230069,0.997327470812381,0.891811923579747,0.68391108860166,0.532280730215671
44.773731144262,0.532280730215671,0.814382635790031,0.997329087949355,0.891794929440155,0.683893120850956,0.532280730215671
44.7837319776648,0.532280730215671,0.814383576542577,0.997330702322742,0.891777953803111,0.683875169552577,0.532280730215671
44.7937328110676,0.532280730215671,0.814384514590631,0.99733231399333,0.891760996214166,0.683857234354464,0.532280730215671
44.8037336444704,0.532280730215671,0.814385450028617,0.997333923017907,0.891744056247915,0.683839314926607,0.532280730215671
44.8137344778732,0.532280730215671,0.814386382942205,0.997335529449117,0.891727133509251,0.683821410961983,0.532280730215671
44.8237353112759,0.532280730215671,0.814387313408102,0.997337133335328,0.891710227634395,0.68380352217733,0.532280730215671
44.8337361446787,0.532280730215671,0.814388241493927,0.997338734720544,0.891693338291693,0.683785648313743,0.532280730215671
44.8437369780815,0.532280730215671,0.814389167258133,0.997340333644343,0.891676465182201,0.683767789137116,0.532280730215671
44.8537378114843,0.532280730215671,0.814390090749998,0.997341930141844,0.891659608040043,0.683749944438402,0.532280730215671
44.8637386448871,0.532280730215671,0.814391012009669,0.997343524243699,0.891642766632551,0.683732114033716,0.532280730215671
44.8737394782899,0.532280730215671,0.81439193106827,0.997345115976126,0.891625940760181,0.683714297764266,0.532280730215671
44.8837403116926,0.532280730215671,0.814392847948064,0.997346705360955,0.891609130256233,0.683696495496137,0.532280730215671
44.8937411450954,0.532280730215671,0.814393762662662,0.997348292415712,0.891592334986346,0.683678707119901,0.532280730215671
44.9037419784982,0.532280730215671,0.814394675217307,0.997349877153724,0.891575554847821,0.683660932550104,0.532280730215671
44.913742811901,0.532280730215671,0.81439558560917,0.997351459584246,0.891558789768727,0.68364317172459,0.532280730215671
44.9237436453038,0.532280730215671,0.814396493827719,0.997353039712618,0.891542039706858,0.683625424603705,0.532280730215671
44.9337444787066,0.532280730215671,0.814397399855126,0.997354617540437,0.891525304648501,0.68360769116936,0.532280730215671
44.9437453121093,0.532280730215671,0.814398303666701,0.997356193065753,0.891508584607058,0.683589971423993,0.532280730215671
44.9537461455121,0.532280730215671,0.814399205231366,0.997357766283284,0.891491879621524,0.683572265389414,0.532280730215671
44.9637469789149,0.532280730215671,0.814400104512171,0.997359337184638,0.891475189754833,0.683554573105551,0.532280730215671
44.9737478123177,0.532280730215671,0.814401001466814,0.997360905758566,0.891458515092084,0.683536894629118,0.532280730215671
44.9837486457205,0.532280730215671,0.814401896048203,0.997362471991209,0.891441855738684,0.683519230032196,0.532280730215671
44.9937494791233,0.532280730215671,0.814402788205031,0.997364035866374,0.891425211818373,0.683501579400756,0.532280730215671
45.003750312526,0.532280730215671,0.814403677882356,0.997365597365801,0.891408583471199,0.68348394283312,0.532280730215671
45.0137511459288,0.532280730215671,0.814404565022207,0.997367156469451,0.891391970851433,0.68346632043839,0.532280730215671
45.0237519793316,0.532280730215671,0.814405449564183,0.99736871315579,0.891375374125428,0.683448712334833,0.532280730215671
45.0337528127344,0.532280730215671,0.814406331446058,0.997370267402078,0.891358793469471,0.683431118648261,0.532280730215671
45.0437536461372,0.532280730215671,0.814407210604384,0.997371819184659,0.891342229067598,0.683413539510375,0.532280730215671
45.05375447954,0.532280730215671,0.814408086975086,0.997373368479252,0.891325681109436,0.683395975057148,0.532280730215671
45.0637553129427,0.532280730215671,0.814408960494055,0.997374915261232,0.891309149788038,0.683378425427194,0.532280730215671
45.0737561463455,0.532280730215671,0.814409831097713,0.997376459505915,0.891292635297763,0.683360890760161,0.532280730215671
45.0837569797483,0.532280730215671,0.814410698723569,0.997378001188826,0.891276137832199,0.683343371195174,0.532280730215671
45.0937578131511,0.532280730215671,0.814411563310762,0.99737954028597,0.891259657582128,0.683325866869295,0.532280730215671
45.1037586465539,0.532280730215671,0.814412424800563,0.997381076774084,0.89124319473358,0.68330837791607,0.532280730215671
45.1137594799567,0.532280730215671,0.814413283136864,0.997382610630883,0.89122674946595,0.683290904464098,0.532280730215671
45.1237603133594,0.532280730215671,0.814414138266632,0.997384141835286,0.89121032195021,0.683273446635697,0.532280730215671
45.1337611467622,0.532280730215671,0.814414990140341,0.99738567036764,0.891193912347227,0.683256004545633,0.532280730215671
45.143761980165,0.532280730215671,0.814415838712351,0.99738719620992,0.891177520806179,0.683238578299929,0.532280730215671
45.1537628135678,0.532280730215671,0.814416683941274,0.997388719345911,0.891161147463102,0.683221167994775,0.532280730215671
45.1637636469706,0.532280730215671,0.814417525790285,0.997390239761382,0.891144792439548,0.683203773715522,0.532280730215671
45.1737644803734,0.532280730215671,0.814418364227408,0.997391757444235,0.891128455841382,0.683186395535773,0.532280730215671
45.1837653137761,0.532280730215671,0.814419199225756,0.997393272384637,0.891112137757707,0.683169033516578,0.532280730215671
45.1937661471789,0.532280730215671,0.814420030763729,0.997394784575138,0.89109583825994,0.683151687705745,0.532280730215671
45.2037669805817,0.532280730215671,0.814420858825178,0.997396294010761,0.891079557401015,0.683134358137234,0.532280730215671
45.2137678139845,0.532280730215671,0.814421683399523,0.997397800689082,0.891063295214747,0.683117044830693,0.532280730215671
45.2237686473873,0.532280730215671,0.814422504481834,0.997399304610285,0.891047051715327,0.683099747791063,0.532280730215671
45.2337694807901,0.532280730215671,0.81442332207287,0.997400805777199,0.891030826896974,0.683082467008339,0.532280730215671
45.2437703141929,0.532280730215671,0.814424136179079,0.997402304195316,0.891014620733726,0.6830652024574,0.532280730215671
45.2537711475956,0.532280730215671,0.814424946812559,0.997403799872791,0.890998433179376,0.683047954097968,0.532280730215671
45.2637719809984,0.532280730215671,0.814425753990984,0.997405292820423,0.890982264167548,0.683030721874665,0.532280730215671
45.2737728144012,0.532280730215671,0.814426557737486,0.997406783051619,0.890966113611908,0.683013505717178,0.532280730215671
45.283773647804,0.532280730215671,0.814427358080515,0.997408270582337,0.890949981406511,0.682996305540515,0.532280730215671
45.2937744812068,0.532280730215671,0.814428155053653,0.997409755431018,0.890933867426283,0.682979121245372,0.532280730215671
45.3037753146096,0.532280730215671,0.814428948695406,0.9974112376185,0.890917771527589,0.682961952718566,0.532280730215671
45.3137761480123,0.532280730215671,0.814429739048967,0.997412717167918,0.890901693548974,0.682944799833579,0.532280730215671
45.3237769814151,0.532280730215671,0.814430526161943,0.997414194104587,0.890885633311952,0.682927662451171,0.532280730215671
45.3337778148179,0.532280730215671,0.814431310086068,0.997415668455877,0.890869590621938,0.682910540420066,0.532280730215671
45.3437786482207,0.532280730215671,0.81443209087689,0.997417140251076,0.890853565269247,0.68289343357771,0.532280730215671
45.3537794816235,0.532280730215671,0.814432868593439,0.997418609521239,0.890837557030188,0.682876341751086,0.532280730215671
45.3637803150263,0.532280730215671,0.814433643297879,0.99742007629903,0.890821565668222,0.682859264757595,0.532280730215671
45.373781148429,0.532280730215671,0.81443441505514,0.997421540618561,0.890805590935196,0.682842202405975,0.532280730215671
45.3837819818318,0.532280730215671,0.814435183932554,0.997423002515215,0.890789632572623,0.682825154497261,0.532280730215671
45.3937828152346,0.532280730215671,0.814435949999466,0.997424462025469,0.890773690313003,0.682808120825781,0.532280730215671
45.4037836486374,0.532280730215671,0.814436713326841,0.997425919186716,0.890757763881197,0.682791101180185,0.532280730215671
45.4137844820402,0.532280730215671,0.814437473986887,0.997427374037082,0.890741852995805,0.682774095344475,0.532280730215671
45.423785315443,0.532280730215671,0.814438232052648,0.997428826615233,0.89072595737058,0.68275710309907,0.532280730215671
45.4337861488457,0.532280730215671,0.814438987597624,0.9974302769602,0.890710076715823,0.682740124221853,0.532280730215671
45.4437869822485,0.532280730215671,0.814439740695383,0.997431725111186,0.890694210739804,0.682723158489229,0.532280730215671
45.4537878156513,0.532280730215671,0.814440491419183,0.99743317110739,0.890678359150145,0.682706205677163,0.532280730215671
45.4637886490541,0.532280730215671,0.814441239841604,0.997434614987828,0.890662521655195,0.682689265562218,0.532280730215671
45.4737894824569,0.532280730215671,0.814441986034189,0.997436056791154,0.890646697965372,0.68267233792255,0.532280730215671
45.4837903158597,0.532280730215671,0.814442730067107,0.997437496555498,0.890630887794463,0.682655422538884,0.532280730215671
45.4937911492624,0.532280730215671,0.814443472008828,0.997438934318304,0.890615090860881,0.682638519195456,0.532280730215671
45.5037919826652,0.532280730215671,0.814444211925795,0.997440370116169,0.890599306888866,0.682621627680913,0.532280730215671
45.513792816068,0.532280730215671,0.814444949882167,0.997441803984708,0.890583535609627,0.682604747789165,0.532280730215671
45.5237936494708,0.532280730215671,0.814445685939516,0.99744323595841,0.890567776762418,0.682587879320185,0.532280730215671
45.5337944828736,0.532280730215671,0.814446420156605,0.997444666070514,0.890552030095534,0.682571022080763,0.532280730215671
45.5437953162764,0.532280730215671,0.81444715258915,0.997446094352894,0.890536295367242,0.682554175885192,0.532280730215671
45.5537961496791,0.532280730215671,0.814447883289629,0.997447520835951,0.89052057234662,0.682537340555899,0.532280730215671
45.5637969830819,0.532280730215671,0.814448612307105,0.997448945548526,0.890504860814306,0.682520515924013,0.532280730215671
45.5737978164847,0.532280730215671,0.814449339687074,0.997450368517811,0.890489160563183,0.682503701829853,0.532280730215671
45.5837986498875,0.532280730215671,0.81445006547135,0.997451789769285,0.890473471398929,0.68248689812336,0.532280730215671
45.5937994832903,0.532280730215671,0.814450789697965,0.997453209326655,0.890457793140524,0.68247010466446,0.532280730215671
45.6038003166931,0.532280730215671,0.814451512401096,0.997454627211811,0.89044212562062,0.682453321323354,0.532280730215671
45.6138011500958,0.532280730215671,0.814452233611031,0.997456043444796,0.890426468685837,0.682436547980721,0.532280730215671
45.6238019834986,0.532280730215671,0.814452953354138,0.997457458043785,0.890410822196966,0.682419784527878,0.532280730215671
45.6338028169014,0.532280730215671,0.814453671652892,0.997458871025078,0.890395186029061,0.682403030866845,0.532280730215671
45.6438036503042,0.532280730215671,0.814454388525887,0.997460282403102,0.890379560071459,0.682386286910358,0.532280730215671
45.653804483707,0.532280730215671,0.814455103987911,0.997461692190435,0.890363944227694,0.682369552581803,0.532280730215671
45.6638053171098,0.532280730215671,0.814455818050015,0.997463100397824,0.890348338415324,0.682352827815081,0.532280730215671
45.6738061505125,0.532280730215671,0.814456530719625,0.997464507034232,0.890332742565682,0.682336112554432,0.532280730215671
45.6838069839153,0.532280730215671,0.814457242000657,0.997465912106881,0.890317156623533,0.682319406754162,0.532280730215671
45.6938078173181,0.532280730215671,0.814457951893667,0.997467315621316,0.890301580546665,0.682302710378344,0.532280730215671
45.7038086507209,0.532280730215671,0.814458660396015,0.997468717581469,0.890286014305394,0.682286023400447,0.532280730215671
45.7138094841237,0.532280730215671,0.814459367502034,0.99747011798974,0.890270457882011,0.682269345802918,0.532280730215671
45.7238103175265,0.532280730215671,0.814460073203234,0.99747151684708,0.890254911270155,0.68225267757672,0.532280730215671
45.7338111509292,0.532280730215671,0.81446077748851,0.997472914153083,0.890239374474142,0.682236018720815,0.532280730215671
45.743811984332,0.532280730215671,0.814461480344355,0.997474309906083,0.890223847508229,0.682219369241623,0.532280730215671
45.7538128177348,0.532280730215671,0.814462181755098,0.997475704103263,0.890208330395834,0.682202729152448,0.532280730215671
45.7638136511376,0.532280730215671,0.814462881703139,0.997477096740758,0.890192823168726,0.682186098472847,0.532280730215671
45.7738144845404,0.532280730215671,0.814463580169198,0.997478487813771,0.89017732586616,0.682169477228012,0.532280730215671
45.7838153179432,0.532280730215671,0.814464277132562,0.997479877316692,0.89016183853401,0.682152865448094,0.532280730215671
45.7938161513459,0.532280730215671,0.814464972571348,0.997481265243208,0.89014636122386,0.682136263167547,0.532280730215671
45.8038169847487,0.532280730215671,0.814465666462747,0.997482651586433,0.890130893992093,0.682119670424436,0.532280730215671
45.8138178181515,0.532280730215671,0.81446635878329,0.997484036339022,0.890115436898964,0.682103087259749,0.532280730215671
45.8238186515543,0.532280730215671,0.8144670495091,0.997485419493292,0.890099990007672,0.682086513716699,0.532280730215671
45.8338194849571,0.532280730215671,0.814467738616136,0.997486801041344,0.890084553383445,0.682069949840047,0.532280730215671
45.8438203183599,0.532280730215671,0.814468426080444,0.99748818097518,0.890069127092618,0.682053395675409,0.532280730215671
45.8538211517626,0.532280730215671,0.814469111878401,0.997489559286816,0.890053711201742,0.682036851268599,0.532280730215671
45.8638219851654,0.532280730215671,0.814469795986937,0.997490935968397,0.890038305776707,0.682020316664966,0.532280730215671
45.8738228185682,0.532280730215671,0.814470478383755,0.997492311012305,0.890022910881898,0.682003791908768,0.532280730215671
45.883823651971,0.532280730215671,0.81447115904755,0.997493684411262,0.890007526579366,0.68198727704256,0.532280730215671
45.8938244853738,0.532280730215671,0.814471837958206,0.997495056158428,0.889992152928061,0.681970772106608,0.532280730215671
45.9038253187766,0.532280730215671,0.814472515096979,0.997496426247498,0.889976789983081,0.681954277138351,0.532280730215671
45.9138261521793,0.532280730215671,0.81447319044667,0.997497794672784,0.889961437794987,0.681937792171869,0.532280730215671
45.9238269855821,0.532280730215671,0.814473863991786,0.997499161429303,0.889946096409146,0.681921317237405,0.532280730215671
45.9338278189849,0.532280730215671,0.81447453571868,0.997500526512841,0.889930765865142,0.681904852360929,0.532280730215671
45.9438286523877,0.532280730215671,0.814475205615679,0.99750188992003,0.889915446196234,0.681888397563729,0.532280730215671
45.9538294857905,0.532280730215671,0.814475873673189,0.9975032516484,0.889900137428866,0.681871952862044,0.532280730215671
45.9638303191933,0.532280730215671,0.8144765398838,0.997504611696434,0.889884839582246,0.681855518266761,0.532280730215671
45.973831152596,0.532280730215671,0.814477204242347,0.997505970063611,0.889869552667986,0.681839093783136,0.532280730215671
45.9838319859988,0.532280730215671,0.814477866745983,0.99750732675044,0.889854276689782,0.681822679410566,0.532280730215671
45.9938328194016,0.532280730215671,0.814478527394214,0.997508681758489,0.889839011643185,0.681806275142416,0.532280730215671
46.0038336528044,0.532280730215671,0.814479186188922,0.997510035090406,0.889823757515414,0.681789880965873,0.532280730215671
46.0138344862072,0.532280730215671,0.814479843134381,0.997511386749927,0.889808514285238,0.681773496861871,0.532280730215671
46.02383531961,0.532280730215671,0.81448049823724,0.997512736741882,0.889793281922922,0.681757122805045,0.532280730215671
46.0338361530128,0.532280730215671,0.814481151506504,0.997514085072191,0.889778060390229,0.681740758763729,0.532280730215671
46.0438369864155,0.532280730215671,0.814481802953493,0.997515431747853,0.889762849640475,0.681724404700006,0.532280730215671
46.0538378198183,0.532280730215671,0.814482452591786,0.997516776776924,0.88974764961866,0.6817080605698,0.532280730215671
46.0638386532211,0.532280730215671,0.814483100437149,0.997518120168495,0.889732460261634,0.681691726323005,0.532280730215671
46.0738394866239,0.532280730215671,0.814483746507457,0.997519461932657,0.889717281498332,0.681675401903648,0.532280730215671
46.0838403200267,0.532280730215671,0.814484390822596,0.997520802080462,0.889702113250041,0.68165908725011,0.532280730215671
46.0938411534295,0.532280730215671,0.814485033404357,0.997522140623883,0.889686955430738,0.681642782295354,0.532280730215671
46.1038419868322,0.532280730215671,0.814485674276317,0.997523477575756,0.889671807947447,0.681626486967207,0.532280730215671
46.113842820235,0.532280730215671,0.814486313463704,0.997524812949732,0.889656670700658,0.681610201188666,0.532280730215671
46.1238436536378,0.532280730215671,0.814486950993281,0.997526146760214,0.889641543584766,0.681593924878221,0.532280730215671
46.1338444870406,0.532280730215671,0.814487586893178,0.997527479022293,0.889626426488558,0.681577657950224,0.532280730215671
46.1438453204434,0.532280730215671,0.814488221192755,0.997528809751682,0.889611319295718,0.681561400315263,0.532280730215671
46.1538461538462,0.532280730215671,0.814488853922446,0.997530138964646,0.88959622188536,0.681545151880549,0.532280730215671
46.1638469872489,0.532280730215671,0.814489485113594,0.997531466677929,0.889581134132587,0.681528912550348,0.532280730215671
46.1738478206517,0.532280730215671,0.81449011479829,0.997532792908681,0.889566055909061,0.68151268222639,0.532280730215671
46.1838486540545,0.532280730215671,0.81449074300921,0.997534117674377,0.889550987083588,0.681496460808309,0.532280730215671
46.1938494874573,0.532280730215671,0.814491369779445,0.997535440992748,0.889535927522717,0.681480248194085,0.532280730215671
46.2038503208601,0.532280730215671,0.814491995142346,0.997536762881697,0.889520877091327,0.681464044280488,0.532280730215671
46.2138511542629,0.532280730215671,0.814492619131344,0.997538083359228,0.889505835653242,0.681447848963524,0.532280730215671
46.2238519876656,0.532280730215671,0.814493241779806,0.997539402443364,0.889490803071813,0.68143166213887,0.532280730215671
46.2338528210684,0.532280730215671,0.814493863120863,0.997540720152078,0.889475779210511,0.68141548370232,0.532280730215671
46.2438536544712,0.532280730215671,0.814494483187267,0.997542036503217,0.889460763933499,0.681399313550201,0.532280730215671
46.253854487874,0.532280730215671,0.81449510201124,0.997543351514429,0.889445757106206,0.6813831515798,0.532280730215671
46.2638553212768,0.532280730215671,0.814495719624331,0.9975446652031,0.889430758595855,0.681366997689759,0.532280730215671
46.2738561546796,0.532280730215671,0.81449633605728,0.997545977586281,0.889415768271996,0.681350851780467,0.532280730215671
46.2838569880823,0.532280730215671,0.814496951339904,0.997547288680636,0.889400786006996,0.68133471375443,0.532280730215671
46.2938578214851,0.532280730215671,0.814497565500961,0.997548598502371,0.889385811676519,0.681318583516612,0.532280730215671
46.3038586548879,0.532280730215671,0.814498178568053,0.997549907067191,0.889370845159956,0.681302460974765,0.532280730215671
46.3138594882907,0.532280730215671,0.814498790567524,0.997551214390243,0.889355886340844,0.681286346039738,0.532280730215671
46.3238603216935,0.532280730215671,0.814499401524373,0.997552520486071,0.88934093510723,0.681270238625742,0.532280730215671
46.3338611550963,0.532280730215671,0.814500011462171,0.997553825368578,0.889325991352018,0.681254138650606,0.532280730215671
46.343861988499,0.532280730215671,0.814500620402995,0.997555129050986,0.88931105497327,0.681238046036009,0.532280730215671
46.3538628219018,0.532280730215671,0.814501228367374,0.997556431545807,0.889296125874463,0.68122196070766,0.532280730215671
46.3638636553046,0.532280730215671,0.814501835374238,0.997557732864817,0.889281203964719,0.681205882595466,0.532280730215671
46.3738644887074,0.532280730215671,0.814502441440887,0.997559033019034,0.889266289158984,0.681189811633676,0.532280730215671
46.3838653221102,0.532280730215671,0.814503046582967,0.997560332018701,0.889251381378175,0.681173747760978,0.532280730215671
46.393866155513,0.532280730215671,0.814503650814456,0.997561629873279,0.889236480549279,0.681157690920575,0.532280730215671
46.4038669889157,0.532280730215671,0.814504254147666,0.99756292659144,0.889221586605417,0.681141641060237,0.532280730215671
46.4138678223185,0.532280730215671,0.814504856593245,0.997564222181063,0.889206699485869,0.681125598132311,0.532280730215671
46.4238686557213,0.532280730215671,0.814505458160205,0.997565516649246,0.88919181913605,0.681109562093702,0.532280730215671
46.4338694891241,0.532280730215671,0.814506058855945,0.997566810002306,0.889176945507467,0.681093532905849,0.532280730215671
46.4438703225269,0.532280730215671,0.814506658686296,0.997568102245801,0.889162078557613,0.681077510534645,0.532280730215671
46.4538711559297,0.532280730215671,0.814507257655561,0.997569393384546,0.889147218249853,0.681061494950335,0.532280730215671
46.4638719893324,0.532280730215671,0.814507855766582,0.997570683422633,0.889132364553253,0.681045486127417,0.532280730215671
46.4738728227352,0.532280730215671,0.814508453020797,0.997571972363459,0.889117517442389,0.681029484044479,0.532280730215671
46.483873656138,0.532280730215671,0.814509049418315,0.99757326020976,0.889102676897126,0.681013488684035,0.532280730215671
46.4938744895408,0.532280730215671,0.814509644958,0.99757454696364,0.889087842902364,0.680997500032351,0.532280730215671
46.5038753229436,0.532280730215671,0.814510239637546,0.997575832626608,0.889073015447755,0.680981518079225,0.532280730215671
46.5138761563464,0.532280730215671,0.814510833453579,0.997577117199623,0.889058194527415,0.680965542817771,0.532280730215671
46.5238769897491,0.532280730215671,0.81451142640174,0.997578400683129,0.889043380139587,0.680949574244176,0.532280730215671
46.5338778231519,0.532280730215671,0.814512018476802,0.997579683077106,0.88902857228631,0.680933612357454,0.532280730215671
46.5438786565547,0.532280730215671,0.814512609672758,0.997580964381112,0.889013770973054,0.68091765715917,0.532280730215671
46.5538794899575,0.532280730215671,0.81451319998293,0.997582244594333,0.888998976208364,0.680901708653184,0.532280730215671
46.5638803233603,0.532280730215671,0.81451378940008,0.997583523715629,0.888984188003468,0.680885766845353,0.532280730215671
46.5738811567631,0.532280730215671,0.814514377916514,0.997584801743588,0.888969406371893,0.680869831743258,0.532280730215671
46.5838819901658,0.532280730215671,0.814514965524194,0.997586078676574,0.888954631329073,0.680853903355906,0.532280730215671
46.5938828235686,0.532280730215671,0.814515552214841,0.997587354512774,0.888939862891959,0.680837981693435,0.532280730215671
46.6038836569714,0.532280730215671,0.814516137980045,0.997588629250253,0.88892510107862,0.680822066766835,0.532280730215671
46.6138844903742,0.532280730215671,0.814516722811371,0.997589902887003,0.888910345907849,0.680806158587643,0.532280730215671
46.623885323777,0.532280730215671,0.814517306700461,0.997591175420986,0.888895597398785,0.680790257167676,0.532280730215671
46.6338861571798,0.532280730215671,0.814517889639129,0.997592446850189,0.888880855570532,0.680774362518738,0.532280730215671
46.6438869905826,0.532280730215671,0.814518471619464,0.997593717172665,0.888866120441794,0.680758474652353,0.532280730215671
46.6538878239853,0.532280730215671,0.814519052633913,0.997594986386577,0.88885139203051,0.680742593579504,0.532280730215671
46.6638886573881,0.532280730215671,0.814519632675379,0.997596254490245,0.888836670353532,0.680726719310385,0.532280730215671
46.6738894907909,0.532280730215671,0.814520211737288,0.99759752148218,0.888821955426281,0.680710851854151,0.532280730215671
46.6838903241937,0.532280730215671,0.814520789813678,0.997598787361127,0.888807247262463,0.680694991218709,0.532280730215671
46.6938911575965,0.532280730215671,0.814521366899261,0.997600052126094,0.888792545873759,0.68067913741049,0.532280730215671
46.7038919909993,0.532280730215671,0.814521942989492,0.997601315776391,0.888777851269581,0.680663290434265,0.532280730215671
46.713892824402,0.532280730215671,0.814522518080618,0.997602578311655,0.888763163456822,0.680647450292962,0.532280730215671
46.7238936578048,0.532280730215671,0.814523092169736,0.997603839731877,0.888748482439635,0.680631616987509,0.532280730215671
46.7338944912076,0.532280730215671,0.814523665254831,0.997605100037424,0.888733808219243,0.680615790516685,0.532280730215671
46.7438953246104,0.532280730215671,0.814524237334814,0.997606359229063,0.888719140793768,0.680599970877001,0.532280730215671
46.7538961580132,0.532280730215671,0.814524808409553,0.997607617307971,0.888704480158095,0.680584158062598,0.532280730215671
46.763896991416,0.532280730215671,0.814525378479887,0.997608874275756,0.888689826303745,0.680568352065145,0.532280730215671
46.7738978248187,0.532280730215671,0.814525947547647,0.997610130134458,0.888675179218792,0.680552552873795,0.532280730215671
46.7838986582215,0.532280730215671,0.814526515615661,0.997611384886563,0.888660538887802,0.680536760475126,0.532280730215671
46.7938994916243,0.532280730215671,0.814527082687753,0.997612638535004,0.888645905291788,0.680520974853112,0.532280730215671
46.8039003250271,0.532280730215671,0.814527648768734,0.997613891083157,0.8886312784082,0.680505195989118,0.532280730215671
46.8139011584299,0.532280730215671,0.814528213864394,0.997615142534844,0.888616658210947,0.680489423861913,0.532280730215671
46.8239019918327,0.532280730215671,0.814528777981479,0.997616392894322,0.888602044670427,0.680473658447697,0.532280730215671
46.8339028252354,0.532280730215671,0.81452934112766,0.997617642166276,0.888587437753594,0.680457899720145,0.532280730215671
46.8439036586382,0.532280730215671,0.814529903311508,0.997618890355807,0.888572837424039,0.680442147650472,0.532280730215671
46.853904492041,0.532280730215671,0.814530464542452,0.997620137468415,0.888558243642105,0.680426402207511,0.532280730215671
46.8639053254438,0.532280730215671,0.814531024830738,0.997621383509984,0.888543656365006,0.680410663357806,0.532280730215671
46.8739061588466,0.532280730215671,0.814531584187379,0.997622628486762,0.888529075546983,0.68039493106573,0.532280730215671
46.8839069922494,0.532280730215671,0.814532142624107,0.997623872405337,0.888514501139468,0.680379205293598,0.532280730215671
46.8939078256521,0.532280730215671,0.814532700153312,0.997625115272618,0.888499933091262,0.680363486001802,0.532280730215671
46.9039086590549,0.532280730215671,0.814533256787987,0.997626357095802,0.888485371348734,0.680347773148956,0.532280730215671
46.9139094924577,0.532280730215671,0.814533812541663,0.997627597882354,0.888470815856031,0.680332066692058,0.532280730215671
46.9239103258605,0.532280730215671,0.814534367428349,0.997628837639974,0.888456266555303,0.680316366586641,0.532280730215671
46.9339111592633,0.532280730215671,0.814534921462456,0.99763007637657,0.888441723386931,0.680300672786954,0.532280730215671
46.9439119926661,0.532280730215671,0.814535474658738,0.997631314100227,0.888427186289764,0.680284985246134,0.532280730215671
46.9539128260688,0.532280730215671,0.81453602703222,0.997632550819171,0.888412655201375,0.680269303916391,0.532280730215671
46.9639136594716,0.532280730215671,0.814536578598125,0.997633786541747,0.888398130058303,0.680253628749179,0.532280730215671
46.9739144928744,0.532280730215671,0.814537129371807,0.997635021276376,0.888383610796306,0.680237959695401,0.532280730215671
46.9839153262772,0.532280730215671,0.814537679368683,0.997636255031533,0.888369097350622,0.680222296705588,0.532280730215671
46.99391615968,0.532280730215671,0.81453822860416,0.997637487815708,0.888354589656217,0.680206639730073,0.532280730215671
47.0039169930828,0.532280730215671,0.814538777093573,0.997638719637379,0.888340087648039,0.680190988719202,0.532280730215671
47.0139178264855,0.532280730215671,0.814539324852115,0.997639950504979,0.888325591261261,0.68017534362349,0.532280730215671
47.0239186598883,0.532280730215671,0.814539871894773,0.997641180426866,0.888311100431531,0.680159704393814,0.532280730215671
47.0339194932911,0.532280730215671,0.814540418236275,0.997642409411296,0.888296615095197,0.680144070981577,0.532280730215671
47.0439203266939,0.532280730215671,0.814540963891022,0.997643637466394,0.888282135189541,0.680128443338883,0.532280730215671
47.0539211600967,0.532280730215671,0.814541508873036,0.997644864600127,0.888267660652989,0.680112821418688,0.532280730215671
47.0639219934995,0.532280730215671,0.814542053195914,0.99764609082028,0.888253191425323,0.680097205174946,0.532280730215671
47.0739228269022,0.532280730215671,0.814542596872774,0.997647316134432,0.888238727447867,0.68008159456277,0.532280730215671
47.083923660305,0.532280730215671,0.814543139916211,0.997648540549934,0.888224268663674,0.680065989538542,0.532280730215671
47.0939244937078,0.532280730215671,0.814543682338262,0.997649764073889,0.888209815017689,0.680050390060054,0.532280730215671
47.1039253271106,0.532280730215671,0.814544224150369,0.997650986713135,0.888195366456896,0.680034796086596,0.532280730215671
47.1139261605134,0.532280730215671,0.814544765363345,0.997652208474229,0.888180922930462,0.680019207579084,0.532280730215671
47.1239269939162,0.532280730215671,0.814545305987352,0.997653429363431,0.88816648438985,0.680003624500122,0.532280730215671
47.1339278273189,0.532280730215671,0.814545846031874,0.997654649386696,0.888152050788924,0.679988046814087,0.532280730215671
47.1439286607217,0.532280730215671,0.814546385505708,0.997655868549658,0.888137622084033,0.679972474487197,0.532280730215671
47.1539294941245,0.532280730215671,0.814546924416945,0.99765708685763,0.888123198234086,0.679956907487554,0.532280730215671
47.1639303275273,0.532280730215671,0.814547462772969,0.997658304315593,0.888108779200594,0.679941345785184,0.532280730215671
47.1739311609301,0.532280730215671,0.814548000580445,0.997659520928195,0.888094364947715,0.679925789352061,0.532280730215671
47.1839319943329,0.532280730215671,0.814548537845329,0.99766073669975,0.888079955442261,0.679910238162124,0.532280730215671
47.1939328277356,0.532280730215671,0.814549074572871,0.997661951634237,0.888065550653706,0.67989469219127,0.532280730215671
47.2039336611384,0.532280730215671,0.814549610767625,0.997663165735305,0.88805115055417,0.679879151417346,0.532280730215671
47.2139344945412,0.532280730215671,0.814550146433466,0.997664379006278,0.888036755118383,0.679863615820126,0.532280730215671
47.223935327944,0.532280730215671,0.814550681573605,0.99766559145016,0.888022364323635,0.679848085381275,0.532280730215671
47.2339361613468,0.532280730215671,0.814551216190616,0.997666803069646,0.88800797814973,0.679832560084304,0.532280730215671
47.2439369947496,0.532280730215671,0.814551750286456,0.997668013867129,0.887993596578886,0.679817039914512,0.532280730215671
47.2539378281523,0.532280730215671,0.8145522838625,0.997669223844715,0.887979219595667,0.679801524858922,0.532280730215671
47.2639386615551,0.532280730215671,0.81455281691957,0.997670433004236,0.887964847186869,0.679786014906209,0.532280730215671
47.2739394949579,0.532280730215671,0.814553349457973,0.997671641347262,0.887950479341412,0.679770510046607,0.532280730215671
47.2839403283607,0.532280730215671,0.814553881477531,0.997672848875121,0.887936116050212,0.67975501027183,0.532280730215671
47.2939411617635,0.532280730215671,0.814554412977628,0.997674055588914,0.887921757306054,0.679739515574973,0.532280730215671
47.3039419951663,0.532280730215671,0.814554943957249,0.997675261489532,0.887907403103442,0.679724025950392,0.532280730215671
47.313942828569,0.532280730215671,0.814555474415026,0.997676466577678,0.887893053438462,0.67970854139362,0.532280730215671
47.3239436619718,0.532280730215671,0.814556004349272,0.997677670853883,0.887878708308614,0.679693061901229,0.532280730215671
47.3339444953746,0.532280730215671,0.814556533758037,0.997678874318528,0.887864367712666,0.679677587470734,0.532280730215671
47.3439453287774,0.532280730215671,0.814557062639152,0.997680076971867,0.887850031650474,0.67966211810046,0.532280730215671
47.3539461621802,0.532280730215671,0.814557590990265,0.997681278814043,0.887835700122832,0.67964665378942,0.532280730215671
47.363946995583,0.532280730215671,0.814558118808901,0.997682479845111,0.887821373131297,0.679631194537202,0.532280730215671
47.3739478289857,0.532280730215671,0.814558646092496,0.99768368006506,0.88780705067802,0.679615740343835,0.532280730215671
47.3839486623885,0.532280730215671,0.814559172838447,0.997684879473834,0.887792732765578,0.679600291209674,0.532280730215671
47.3939494957913,0.532280730215671,0.814559699044156,0.997686078071348,0.887778419396816,0.679584847135277,0.532280730215671
47.4039503291941,0.532280730215671,0.814560224707074,0.997687275857515,0.887764110574675,0.679569408121279,0.532280730215671
47.4139511625969,0.532280730215671,0.814560749824734,0.997688472832259,0.887749806302041,0.679553974168292,0.532280730215671
47.4239519959997,0.532280730215671,0.814561274394804,0.997689668995536,0.887735506581584,0.679538545276775,0.532280730215671
47.4339528294025,0.532280730215671,0.814561798415111,0.997690864347356,0.887721211415618,0.679523121446933,0.532280730215671
47.4439536628052,0.532280730215671,0.814562321883687,0.997692058887794,0.887706920805955,0.679507702678616,0.532280730215671
47.453954496208,0.532280730215671,0.814562844798793,0.997693252617008,0.88769263475377,0.679492288971223,0.532280730215671
47.4639553296108,0.532280730215671,0.814563367158963,0.997694445535257,0.887678353259475,0.679476880323598,0.532280730215671
47.4739561630136,0.532280730215671,0.814563888963019,0.997695637642912,0.88766407632261,0.679461476733957,0.532280730215671
47.4839569964164,0.532280730215671,0.814564410210099,0.99769682894047,0.887649803941722,0.679446078199801,0.532280730215671
47.4939578298192,0.532280730215671,0.814564930899687,0.997698019428566,0.887635536114278,0.67943068471785,0.532280730215671
47.5039586632219,0.532280730215671,0.814565451031624,0.997699209107981,0.887621272836572,0.679415296283975,0.532280730215671
47.5139594966247,0.532280730215671,0.814565970606132,0.997700397979653,0.887607014103648,0.679399912893146,0.532280730215671
47.5239603300275,0.532280730215671,0.814566489623825,0.997701586044686,0.887592759909236,0.679384534539376,0.532280730215671
47.5339611634303,0.532280730215671,0.814567008085711,0.997702773304352,0.887578510245698,0.679369161215689,0.532280730215671
47.5439619968331,0.532280730215671,0.814567525993213,0.997703959760099,0.887564265103977,0.679353792914083,0.532280730215671
47.5539628302359,0.532280730215671,0.814568043348168,0.997705145413554,0.887550024473572,0.679338429625509,0.532280730215671
47.5639636636386,0.532280730215671,0.814568560152825,0.997706330266524,0.887535788342512,0.679323071339854,0.532280730215671
47.5739644970414,0.532280730215671,0.814569076409848,0.997707514320997,0.887521556697349,0.679307718045931,0.532280730215671
47.5839653304442,0.532280730215671,0.814569592122308,0.997708697579141,0.887507329523156,0.679292369731484,0.532280730215671
47.593966163847,0.532280730215671,0.814570107293683,0.997709880043305,0.887493106803537,0.679277026383193,0.532280730215671
47.6039669972498,0.532280730215671,0.814570621927836,0.997711061716012,0.887478888520654,0.679261687986691,0.532280730215671
47.6139678306526,0.532280730215671,0.814571136029013,0.997712242599954,0.887464674655251,0.679246354526586,0.532280730215671
47.6239686640553,0.532280730215671,0.814571649601826,0.997713422697991,0.887450465186703,0.679231025986494,0.532280730215671
47.6339694974581,0.532280730215671,0.814572162651231,0.997714602013142,0.887436260093056,0.679215702349069,0.532280730215671
47.6439703308609,0.532280730215671,0.814572675182518,0.997715780548574,0.887422059351098,0.679200383596055,0.532280730215671
47.6539711642637,0.532280730215671,0.81457318720128,0.9977169583076,0.887407862936413,0.679185069708323,0.532280730215671
47.6639719976665,0.532280730215671,0.814573698713396,0.997718135293662,0.887393670823464,0.679169760665936,0.532280730215671
47.6739728310693,0.532280730215671,0.814574209725006,0.997719311510329,0.887379482985672,0.679154456448206,0.532280730215671
47.683973664472,0.532280730215671,0.814574720242487,0.997720486961277,0.887365299395496,0.679139157033745,0.532280730215671
47.6939744978748,0.532280730215671,0.814575230272416,0.997721661650287,0.887351120024532,0.679123862400548,0.532280730215671
47.7039753312776,0.532280730215671,0.81457573982156,0.997722835581223,0.887336944843607,0.679108572526056,0.532280730215671
47.7139761646804,0.532280730215671,0.814576248896831,0.99772400875803,0.887322773822879,0.679093287387225,0.532280730215671
47.7239769980832,0.532280730215671,0.814576757505269,0.99772518118471,0.88730860693194,0.679078006960611,0.532280730215671
47.733977831486,0.532280730215671,0.814577265653998,0.997726352865319,0.88729444413992,0.679062731222436,0.532280730215671
47.7439786648887,0.532280730215671,0.81457777335022,0.997727523803947,0.887280285415595,0.679047460148672,0.532280730215671
47.7539794982915,0.532280730215671,0.814578280601161,0.997728694004709,0.887266130727496,0.67903219371512,0.532280730215671
47.7639803316943,0.532280730215671,0.814578787414053,0.997729863471729,0.887251980044017,0.679016931897487,0.532280730215671
47.7739811650971,0.532280730215671,0.814579293796109,0.997731032209126,0.887237833333521,0.679001674671463,0.532280730215671
47.7839819984999,0.532280730215671,0.814579799754488,0.997732200221008,0.887223690564442,0.678986422012801,0.532280730215671
47.7939828319027,0.532280730215671,0.81458030529627,0.997733367511448,0.887209551705398,0.678971173897388,0.532280730215671
47.8039836653054,0.532280730215671,0.814580810428434,0.997734534084484,0.88719541672528,0.678955930301321,0.532280730215671
47.8139844987082,0.532280730215671,0.814581315157822,0.997735699944099,0.887181285593361,0.678940691200979,0.532280730215671
47.823985332111,0.532280730215671,0.814581819491129,0.99773686509421,0.887167158279385,0.678925456573093,0.532280730215671
47.8339861655138,0.532280730215671,0.814582323434871,0.997738029538663,0.887153034753652,0.678910226394799,0.532280730215671
47.8439869989166,0.532280730215671,0.81458282699537,0.997739193281218,0.887138914987111,0.678895000643721,0.532280730215671
47.8539878323194,0.532280730215671,0.814583330178726,0.997740356325541,0.887124798951433,0.678879779298006,0.532280730215671
47.8639886657221,0.532280730215671,0.81458383299081,0.997741518675196,0.887110686619087,0.678864562336392,0.532280730215671
47.8739894991249,0.532280730215671,0.814584335437242,0.997742680333636,0.887096577963404,0.678849349738253,0.532280730215671
47.8839903325277,0.532280730215671,0.814584837523374,0.997743841304196,0.887082472958644,0.67883414148364,0.532280730215671
47.8939911659305,0.532280730215671,0.814585339254294,0.997745001590089,0.887068371580043,0.678818937553323,0.532280730215671
47.9039919993333,0.532280730215671,0.814585840634791,0.997746161194398,0.887054273803863,0.678803737928822,0.532280730215671
47.9139928327361,0.532280730215671,0.814586341669369,0.997747320120072,0.887040179607431,0.678788542592443,0.532280730215671
47.9239936661388,0.532280730215671,0.814586842362229,0.997748478369925,0.887026088969174,0.678773351527289,0.532280730215671
47.9339944995416,0.532280730215671,0.81458734271727,0.99774963594663,0.887012001868641,0.678758164717294,0.532280730215671
47.9439953329444,0.532280730215671,0.814587842738081,0.997750792852717,0.886997918286523,0.678742982147222,0.532280730215671
47.9539961663472,0.532280730215671,0.814588342427954,0.997751949090578,0.88698383820466,0.678727803802685,0.532280730215671
47.96399699975,0.532280730215671,0.814588841789868,0.997753104662459,0.886969761606054,0.678712629670138,0.532280730215671
47.9739978331528,0.532280730215671,0.814589340826504,0.997754259570466,0.886955688474855,0.67869745973688,0.532280730215671
47.9839986665555,0.532280730215671,0.814589839540248,0.997755413816564,0.886941618796354,0.678682293991044,0.532280730215671
47.9939994999583,0.532280730215671,0.8145903379332,0.997756567402583,0.886927552556969,0.678667132421589,0.532280730215671
48.0040003333611,0.532280730215671,0.814590836007178,0.997757720330217,0.886913489744217,0.67865197501828,0.532280730215671
48.0140011667639,0.532280730215671,0.814591333740486,0.997758872590756,0.886899430430904,0.678636821832665,0.532280730215671
48.0240020001667,0.532280730215671,0.814591830553804,0.997760023926754,0.886885376734056,0.678621674397795,0.532280730215671
48.0340028335695,0.532280730215671,0.814592326589187,0.997761174384735,0.886871328308698,0.678606532468675,0.532280730215671
48.0440036669722,0.532280730215671,0.814592826895665,0.997762326237709,0.88685726642835,0.678591382467422,0.532280730215671
48.054004500375,0.532280730215671,0.814593338658593,0.997763482777588,0.886843163834152,0.678576204614908,0.532280730215671
48.0640053337778,0.532280730215671,0.814593869470772,0.997764647493306,0.886828991580664,0.678560977911966,0.532280730215671
48.0740061671806,0.532280730215671,0.814594426736943,0.997765823813187,0.886814721138001,0.678545681659783,0.532280730215671
48.0840070005834,0.532280730215671,0.814595017592713,0.997767015068561,0.886800324691884,0.678530295677254,0.532280730215671
48.0940078339862,0.532280730215671,0.814595648808665,0.997768224450137,0.886785775504892,0.67851480056279,0.532280730215671
48.1040086673889,0.532280730215671,0.814596326701368,0.997769454967165,0.886771048255897,0.678499177940295,0.532280730215671
48.1140095007917,0.532280730215671,0.814597057054824,0.997770709410928,0.88675611934503,0.678483410680192,0.532280730215671
48.1240103341945,0.532280730215671,0.814597845052501,0.997771990322666,0.886740967163227,0.678467483094775,0.532280730215671
48.1340111675973,0.532280730215671,0.814598695220144,0.997773299966082,0.886725572325028,0.678451381106923,0.532280730215671
48.1440120010001,0.532280730215671,0.814599611379503,0.997774640304523,0.886709917863776,0.678435092391562,0.532280730215671
48.1540128344029,0.532280730215671,0.8146005966129,0.997776012982869,0.886693989388844,0.678418606489588,0.532280730215671
48.1640136678056,0.532280730215671,0.814601653238538,0.997777419314103,0.886677775204931,0.678401914894277,0.532280730215671
48.1740145012084,0.532280730215671,0.814602782796233,0.997778860270494,0.886661266393954,0.678385011110549,0.532280730215671
48.1840153346112,0.532280730215671,0.814603986043263,0.997780336479271,0.886644456860377,0.678367890687729,0.532280730215671
48.194016168014,0.532280730215671,0.814605262959821,0.997781848222614,0.886627343341261,0.678350551226678,0.532280730215671
48.2040170014168,0.532280730215671,0.814606612763575,0.997783395441757,0.886609925382575,0.678332992362483,0.532280730215671
48.2140178348196,0.532280730215671,0.814608033932714,0.997784977744966,0.886592205283657,0.678315215724004,0.532280730215671
48.2240186682223,0.532280730215671,0.814609524236804,0.997786594419111,0.886574188011918,0.678297224871876,0.532280730215671
48.2340195016251,0.532280730215671,0.814611080774745,0.997788244444532,0.886555881090126,0.678279025216604,0.532280730215671
48.2440203350279,0.532280730215671,0.814612700019067,0.997789926512881,0.886537294458778,0.678260623918625,0.532280730215671
48.2540211684307,0.532280730215671,0.814614377865807,0.997791639047606,0.886518440316198,0.678242029772234,0.532280730215671
48.2640220018335,0.532280730215671,0.814616109689098,0.997793380226712,0.886499332939142,0.678223253075407,0.532280730215671
48.2740228352363,0.532280730215671,0.814617890399749,0.997795148007466,0.886479988486671,0.678204305487545,0.532280730215671
48.2840236686391,0.532280730215671,0.814619714506928,0.997796940152663,0.886460424790225,0.678185199877251,0.532280730215671
48.2940245020418,0.532280730215671,0.814621576182174,0.997798754258114,0.886440661132708,0.678165950162221,0.532280730215671
48.3040253354446,0.532280730215671,0.814623469324952,0.997800587780983,0.886420718019446,0.678146571143281,0.532280730215671
48.3140261688474,0.532280730215671,0.814625387628963,0.997802438068646,0.886400616943822,0.678127078334676,0.532280730215671
48.3240270022502,0.532280730215671,0.81462732464848,0.997804302387727,0.886380380150285,0.678107487792506,0.532280730215671
48.334027835653,0.532280730215671,0.814629273864011,0.997806177952988,0.886360030397355,0.678087815943256,0.532280730215671
48.3440286690558,0.532280730215671,0.81463122874659,0.99780806195578,0.886339590723154,0.678068079414231,0.532280730215671
48.3540295024585,0.532280730215671,0.814633182820109,0.997809951591767,0.886319084215796,0.678048294867597,0.532280730215671
48.3640303358613,0.532280730215671,0.814635129721085,0.997811844087648,0.886298533790873,0.678028478839621,0.532280730215671
48.3740311692641,0.532280730215671,0.814637063255338,0.997813736726652,0.886277961978075,0.678008647586628,0.532280730215671
48.3840320026669,0.532280730215671,0.814638977451119,0.997815626872577,0.88625739071882,0.677988816938964,0.532280730215671
48.3940328360697,0.532280730215671,0.814640866608251,0.997817511992184,0.886236841176586,0.67796900216423,0.532280730215671
48.4040336694725,0.532280730215671,0.814642725342922,0.997819389675776,0.886216333561424,0.677949217840825,0.532280730215671
48.4140345028752,0.532280730215671,0.814644548627829,0.997821257655812,0.886195886969933,0.677929477742712,0.532280730215671
48.424035336278,0.532280730215671,0.814646331827432,0.997823113823457,0.886175519241813,0.677909794736203,0.532280730215671
48.4340361696808,0.532280730215671,0.814648070728115,0.997824956242954,0.886155246833824,0.677890180689351,0.532280730215671
48.4440370030836,0.532280730215671,0.814649761563123,0.99782678316377,0.886135084711867,0.677870646394458,0.532280730215671
48.4540378364864,0.532280730215671,0.814651401032216,0.997828593030463,0.886115046261628,0.677851201503987,0.532280730215671
48.4640386698892,0.532280730215671,0.814652986316013,0.997830384490257,0.886095143218034,0.677831854480073,0.532280730215671
48.4740395032919,0.532280730215671,0.814654515085057,0.997832156398338,0.88607538561362,0.677812612557655,0.532280730215671
48.4840403366947,0.532280730215671,0.814655985503691,0.997833907820885,0.88605578174565,0.677793481721133,0.532280730215671
48.4940411700975,0.532280730215671,0.814657396228907,0.9978356380359,0.886036338161693,0.677774466694317,0.532280730215671
48.5040420035003,0.532280730215671,0.814658746404295,0.997837346531902,0.886017059663175,0.677755570943315,0.532280730215671
48.5140428369031,0.532280730215671,0.814660035649383,0.997839033004574,0.885997949326248,0.677736796691853,0.532280730215671
48.5240436703059,0.532280730215671,0.814661264044585,0.997840697351461,0.885979008539204,0.677718144948508,0.532280730215671
48.5340445037086,0.532280730215671,0.814662432112074,0.997842339664857,0.885960237055465,0.677699615545102,0.532280730215671
48.5440453371114,0.532280730215671,0.814663540792921,0.997843960222995,0.885941633061128,0.677681207185558,0.532280730215671
48.5540461705142,0.532280730215671,0.814664591420822,0.997845559479703,0.885923193255881,0.677662917504327,0.532280730215671
48.564047003917,0.532280730215671,0.814665585692843,0.997847138052673,0.885904912946017,0.677644743133508,0.532280730215671
48.5740478373198,0.532280730215671,0.814666525637526,0.997848696710502,0.885886786148248,0.677626679777664,0.532280730215671
48.5840486707226,0.532280730215671,0.814667413580796,0.997850236358696,0.885868805702884,0.677608722295378,0.532280730215671
48.5940495041253,0.532280730215671,0.814668252110081,0.997851758024778,0.88585096339496,0.677590864786464,0.532280730215671
48.6040503375281,0.532280730215671,0.814669044037048,0.997853262842713,0.88583325008183,0.677573100683802,0.532280730215671
48.6140511709309,0.532280730215671,0.814669792359388,0.997854752036799,0.885815655825751,0.677555422848733,0.532280730215671
48.6240520043337,0.532280730215671,0.814670500222053,0.997856226905215,0.885798170029974,0.677537823668938,0.532280730215671
48.6340528377365,0.532280730215671,0.814671170878359,0.997857688803392,0.885780781576892,0.677520295157775,0.532280730215671
48.6440536711393,0.532280730215671,0.814671807651316,0.997859139127379,0.885763478966813,0.677502829054028,0.532280730215671
48.654054504542,0.532280730215671,0.814672413895594,0.997860579297365,0.885746250455966,0.677485416921099,0.532280730215671
48.6640553379448,0.532280730215671,0.81467299296044,0.997862010741512,0.885729084192448,0.677468050244681,0.532280730215671
48.6740561713476,0.532280730215671,0.814673548153901,0.99786343488024,0.885711968348829,0.677450720528012,0.532280730215671
48.6840570047504,0.532280730215671,0.814674082708639,0.997864853111114,0.885694891250255,0.677433419383896,0.532280730215671
48.6940578381532,0.532280730215671,0.814674599749622,0.997866266794438,0.88567784149698,0.677416138622677,0.532280730215671
48.704058671556,0.532280730215671,0.814675102263927,0.997867677239688,0.885660808080317,0.677398870335489,0.532280730215671
48.7140595049587,0.532280730215671,0.814675593072882,0.997869085692871,0.885643780491142,0.677381606972126,0.532280730215671
48.7240603383615,0.532280730215671,0.81467607480672,0.997870493324913,0.885626748820158,0.677364341413008,0.532280730215671
48.7340611717643,0.532280730215671,0.814676549881901,0.99787190122113,0.885609703849269,0.677347067034724,0.532280730215671
48.7440620051671,0.532280730215671,0.81467702048123,0.997873310371864,0.885592637133498,0.677329777768774,0.532280730215671
48.7540628385699,0.532280730215671,0.814677488536829,0.997874721664319,0.885575541073007,0.677312468153203,0.532280730215671
48.7640636719727,0.532280730215671,0.814677955716068,0.997876135875641,0.885558408974897,0.677295133376899,0.532280730215671
48.7740645053754,0.532280730215671,0.814678423410429,0.997877553667244,0.885541235104563,0.677277769316344,0.532280730215671
48.7840653387782,0.532280730215671,0.814678892727345,0.997878975580422,0.885524014726506,0.677260372564828,0.532280730215671
48.794066172181,0.532280730215671,0.81467936448494,0.997880402033203,0.885506744134577,0.67724294045404,0.532280730215671
48.8040670055838,0.532280730215671,0.814679839209654,0.997881833318471,0.885489420671763,0.677225471068167,0.532280730215671
48.8140678389866,0.532280730215671,0.814680317136642,0.997883269603287,0.885472042739699,0.677207963250606,0.532280730215671
48.8240686723894,0.532280730215671,0.814680798212848,0.997884710929407,0.885454609798189,0.6771904166035,0.532280730215671
48.8340695057922,0.532280730215671,0.814681282102643,0.99788615721493,0.885437122355074,0.677172831480351,0.532280730215671
48.8440703391949,0.532280730215671,0.814681768195854,0.997887608257017,0.88541958194692,0.677155208972046,0.532280730215671
48.8540711725977,0.532280730215671,0.814682255618068,0.997889063735634,0.885401991110975,0.677137550886622,0.532280730215671
48.8640720060005,0.532280730215671,0.814682743242979,0.997890523218236,0.885384353349011,0.677119859723209,0.532280730215671
48.8740728394033,0.532280730215671,0.814683229706651,0.997891986165312,0.88536667308361,0.677102138640567,0.532280730215671
48.8840736728061,0.532280730215671,0.814683713423455,0.997893451936727,0.885348955607598,0.677084391420716,0.532280730215671
48.8940745062089,0.532280730215671,0.814684192603508,0.997894919798755,0.885331207027275,0.677066622428128,0.532280730215671
48.9040753396116,0.532280730215671,0.814684665271387,0.997896388931729,0.885313434200198,0.67704883656503,0.532280730215671
48.9140761730144,0.532280730215671,0.814685129285917,0.997897858438213,0.885295644668232,0.677031039223314,0.532280730215671
48.9240770064172,0.532280730215671,0.814685582360807,0.997899327351601,0.885277846586622,0.677013236233645,0.532280730215671
48.93407783982,0.532280730215671,0.814686022085953,0.997900794645064,0.885260048649871,0.676995433812258,0.532280730215671
48.9440786732228,0.532280730215671,0.814686445949161,0.997902259240742,0.88524226001514,0.676977638506037,0.532280730215671
48.9540795066256,0.532280730215671,0.814686851358107,0.997903720019088,0.885224490223943,0.676959857136364,0.532280730215671
48.9640803400283,0.532280730215671,0.814687235662337,0.997905175828303,0.885206749122884,0.676942096742322,0.532280730215671
48.9740811734311,0.532280730215671,0.814687596175104,0.997906625493742,0.885189046784111,0.676924364523715,0.532280730215671
48.9840820068339,0.532280730215671,0.814687930194871,0.997908067827236,0.885171393426216,0.676906667784419,0.532280730215671
48.9940828402367,0.532280730215671,0.814688235026303,0.997909501636249,0.885153799336217,0.676889013876549,0.532280730215671
49.0040836736395,0.532280730215671,0.814688508000572,0.997910925732783,0.885136274793259,0.676871410145864,0.532280730215671
49.0140845070423,0.532280730215671,0.814688746494855,0.997912338941989,0.885118829994613,0.676853863878835,0.532280730215671
49.024085340445,0.532280730215671,0.814688947950866,0.997913740110394,0.88510147498453,0.676836382251801,0.532280730215671
49.0340861738478,0.532280730215671,0.814689109892294,0.997915128113709,0.885084219586438,0.676818972282509,0.532280730215671
49.0440870072506,0.532280730215671,0.81468922994106,0.997916501864162,0.885067073338945,0.67680164078441,0.532280730215671
49.0540878406534,0.532280730215671,0.814689305832267,0.997917860317302,0.885050045436055,0.676784394323969,0.532280730215671
49.0640886740562,0.532280730215671,0.814689335427797,0.997919202478247,0.885033144671952,0.67676723918128,0.532280730215671
49.074089507459,0.532280730215671,0.814689316728444,0.99792052740734,0.885016379390641,0.676750181314143,0.532280730215671
49.0840903408617,0.532280730215671,0.81468924788457,0.997921834225187,0.884999757440728,0.676733226325841,0.532280730215671
49.0940911742645,0.532280730215671,0.814689127205231,0.997923122117051,0.884983286135516,0.676716379436707,0.532280730215671
49.1040920076673,0.532280730215671,0.81468895316574,0.997924390336601,0.884966972218579,0.676699645459626,0.532280730215671
49.1140928410701,0.532280730215671,0.814688724413662,0.997925638208994,0.884950821834905,0.67668302877952,0.532280730215671
49.1240936744729,0.532280730215671,0.814688439773265,0.9979268651333,0.884934840507657,0.676666533336838,0.532280730215671
49.1340945078757,0.532280730215671,0.814688098248401,0.997928070584265,0.884919033120571,0.676650162615076,0.532280730215671
49.1440953412784,0.532280730215671,0.814687699023894,0.997929254113421,0.884903403905914,0.676633919632274,0.532280730215671
49.1540961746812,0.532280730215671,0.81468724146543,0.997930415349566,0.884887956437938,0.676617806936425,0.532280730215671
49.164097008084,0.532280730215671,0.814686725118037,0.997931553998616,0.88487269363169,0.676601826604704,0.532280730215671
49.1740978414868,0.532280730215671,0.814686149703189,0.997932669842867,0.884857617747008,0.676585980246391,0.532280730215671
49.1840986748896,0.532280730215671,0.81468551511462,0.997933762739687,0.884842730397491,0.676570269009352,0.532280730215671
49.1940995082924,0.532280730215671,0.81468482141292,0.997934832619668,0.884828032564205,0.676554693589871,0.532280730215671
49.2041003416951,0.532280730215671,0.814684068819002,0.997935879484268,0.884813524613861,0.676539254245672,0.532280730215671
49.2141011750979,0.532280730215671,0.814683257706517,0.997936903402991,0.884799206321166,0.676523950811925,0.532280730215671
49.2241020085007,0.532280730215671,0.814682388593346,0.997937904510133,0.88478507689501,0.67650878271995,0.532280730215671
49.2341028419035,0.532280730215671,0.814681462132231,0.997938883001133,0.884771135008174,0.676493749018451,0.532280730215671
49.2441036753063,0.532280730215671,0.814680479100681,0.997939839128585,0.88475737883019,0.676478848396972,0.532280730215671
49.2541045087091,0.532280730215671,0.814679440390234,0.997940773197941,0.884743806062981,0.676464079211334,0.532280730215671
49.2641053421118,0.532280730215671,0.814678346995215,0.997941685562955,0.884730413978908,0.676449439510779,0.532280730215671
49.2741061755146,0.532280730215671,0.814677200001057,0.99794257662091,0.884717199460841,0.676434927066546,0.532280730215671
49.2841070089174,0.532280730215671,0.814676000572329,0.997943446807684,0.884704159043873,0.67642053940162,0.532280730215671
49.2941078423202,0.532280730215671,0.814674749940548,0.997944296592676,0.88469128895827,0.676406273821345,0.532280730215671
49.304108675723,0.532280730215671,0.81467344939191,0.997945126473665,0.884678585173321,0.676392127444675,0.532280730215671
49.3141095091258,0.532280730215671,0.814672100255013,0.997945936971619,0.884666043441655,0.676378097235763,0.532280730215671
49.3241103425285,0.532280730215671,0.814670703888662,0.997946728625514,0.884653659343726,0.676364180035649,0.532280730215671
49.3341111759313,0.532280730215671,0.814669261669899,0.997947501987194,0.884641428332052,0.676350372593786,0.532280730215671
49.3441120093341,0.532280730215671,0.81466777498228,0.997948257616307,0.884629345774931,0.676336671599176,0.532280730215671
49.3541128427369,0.532280730215671,0.814666245204522,0.997948996075368,0.884617406999275,0.676323073710881,0.532280730215671
49.3641136761397,0.532280730215671,0.814664673699585,0.997949717924959,0.884605607332271,0.676309575587703,0.532280730215671
49.3741145095425,0.532280730215671,0.814663061804257,0.997950423719125,0.884593942141606,0.676296173916829,0.532280730215671
49.3841153429452,0.532280730215671,0.814661410819295,0.99795111400097,0.884582406873983,0.676282865441264,0.532280730215671
49.394116176348,0.532280730215671,0.814659722000203,0.997951789298495,0.884570997091692,0.676269646985875,0.532280730215671
49.4041170097508,0.532280730215671,0.814657996548659,0.997952450120693,0.884559708507042,0.676256515481922,0.532280730215671
49.4141178431536,0.532280730215671,0.814656235604673,0.997953096953923,0.88454853701445,0.676243467989908,0.532280730215671
49.4241186765564,0.532280730215671,0.81465444023947,0.997953730258588,0.884537478720056,0.676230501720671,0.532280730215671
49.4341195099592,0.532280730215671,0.814652611449158,0.99795435046611,0.884526529968685,0.676217614054596,0.532280730215671
49.4441203433619,0.532280730215671,0.814650750149177,0.997954957976247,0.884515687368102,0.676204802558888,0.532280730215671
49.4541211767647,0.532280730215671,0.814648857169565,0.997955553154719,0.884504947810419,0.67619206500283,0.532280730215671
49.4641220101675,0.532280730215671,0.81464693325101,0.997956136331194,0.88449430849065,0.676179399371008,0.532280730215671
49.4741228435703,0.532280730215671,0.814644979041738,0.997956707797592,0.884483766922342,0.67616680387445,0.532280730215671
49.4841236769731,0.532280730215671,0.81464299509519,0.997957267806743,0.884473320950278,0.676154276959689,0.532280730215671
49.4941245103759,0.532280730215671,0.814640981868487,0.997957816571381,0.884462968760281,0.676141817315765,0.532280730215671
49.5041253437786,0.532280730215671,0.814638939721677,0.997958354263458,0.884452708886131,0.676129423879165,0.532280730215671
49.5141261771814,0.532280730215671,0.814636868917729,0.997958881013801,0.884442540213653,0.676117095836762,0.532280730215671
49.5241270105842,0.532280730215671,0.814634769623246,0.997959396912073,0.884432461982058,0.676104832626781,0.532280730215671
49.534127843987,0.532280730215671,0.814632641909875,0.997959902007044,0.884422473782613,0.676092633937898,0.532280730215671
49.5441286773898,0.532280730215671,0.814630485756368,0.997960396307149,0.884412575554759,0.67608049970649,0.532280730215671
49.5541295107926,0.532280730215671,0.814628301051261,0.997960879781328,0.884402767579775,0.67606843011216,0.532280730215671
49.5641303441953,0.532280730215671,0.814626087596125,0.997961352360126,0.884393050472157,0.676056425571631,0.532280730215671
49.5741311775981,0.532280730215671,0.814623845109348,0.997961813937033,0.884383425168819,0.676044486731091,0.532280730215671
49.5841320110009,0.532280730215671,0.814621573230405,0.997962264370052,0.88437389291629,0.676032614457119,0.532280730215671
49.5941328444037,0.532280730215671,0.814619271524547,0.997962703483475,0.884364455256077,0.676020809826294,0.532280730215671
49.6041336778065,0.532280730215671,0.814616939487904,0.997963131069837,0.884355114008342,0.676009074113622,0.532280730215671
49.6141345112093,0.532280730215671,0.81461457655289,0.997963546892045,0.884345871254089,0.675997408779893,0.532280730215671
49.624135344612,0.532280730215671,0.814612182093913,0.997963950685639,0.884336729316028,0.675985815458101,0.532280730215671
49.6341361780148,0.532280730215671,0.814609755433319,0.997964342161191,0.884327690738304,0.675974295939053,0.532280730215671
49.6441370114176,0.532280730215671,0.814607295847505,0.997964721006791,0.884318758265261,0.675962852156303,0.532280730215671
49.6541378448204,0.532280730215671,0.814604802573187,0.99796508689062,0.884309934819449,0.675951486170539,0.532280730215671
49.6641386782232,0.532280730215671,0.814602274813734,0.997965439463587,0.884301223479022,0.675940200153532,0.532280730215671
49.674139511626,0.532280730215671,0.814599711745547,0.997965778361998,0.884292627454732,0.675928996371819,0.532280730215671
49.6841403450288,0.532280730215671,0.814597112524436,0.997966103210246,0.884284150066666,0.675917877170178,0.532280730215671
49.6941411784315,0.532280730215671,0.814594476291942,0.997966413623508,0.884275794720928,0.67590684495508,0.532280730215671
49.7041420118343,0.532280730215671,0.814591802181553,0.997966709210411,0.884267564886403,0.675895902178197,0.532280730215671
49.7141428452371,0.532280730215671,0.814589089324811,0.997966989575677,0.884259464071761,0.675885051320075,0.532280730215671
49.7241436786399,0.532280730215671,0.814586336857227,0.997967254322703,0.884251495802862,0.67587429487409,0.532280730215671
49.7341445120427,0.532280730215671,0.814583543924001,0.997967503056077,0.884243663600697,0.675863635330802,0.532280730215671
49.7441453454455,0.532280730215671,0.814580709685504,0.997967735384015,0.884235970959994,0.675853075162746,0.532280730215671
49.7541461788482,0.532280730215671,0.814577833322493,0.997967950920694,0.884228421328604,0.675842616809821,0.532280730215671
49.764147012251,0.532280730215671,0.814574914041036,0.99796814928848,0.884221018087804,0.67583226266529,0.532280730215671
49.7741478456538,0.532280730215671,0.814571951077117,0.997968330120038,0.88421376453359,0.675822015062499,0.532280730215671
49.7841486790566,0.532280730215671,0.814568943700903,0.997968493060305,0.884206663859074,0.675811876262385,0.532280730215671
49.7941495124594,0.532280730215671,0.81456589122067,0.997968637768327,0.884199719138052,0.675801848441799,0.532280730215671
49.8041503458622,0.532280730215671,0.814562792986348,0.997968763918957,0.884192933309821,0.675791933682728,0.532280730215671
49.8141511792649,0.532280730215671,0.814559648392694,0.997968871204385,0.884186309165305,0.67578213396243,0.532280730215671
49.8241520126677,0.532280730215671,0.814556456882075,0.997968959335522,0.884179849334536,0.67577245114455,0.532280730215671
49.8341528460705,0.532280730215671,0.814553217946858,0.997969028043219,0.884173556275534,0.675762886971205,0.532280730215671
49.8441536794733,0.532280730215671,0.814549931131398,0.997969077079322,0.884167432264598,0.675753443056084,0.532280730215671
49.8541545128761,0.532280730215671,0.814546596033656,0.997969106217556,0.884161479388056,0.675744120878572,0.532280730215671
49.8641553462789,0.532280730215671,0.814543212306375,0.99796911525425,0.884155699535453,0.675734921778908,0.532280730215671
49.8741561796816,0.532280730215671,0.814539779657915,0.997969104008894,0.884150094394185,0.675725846954351,0.532280730215671
49.8841570130844,0.532280730215671,0.814536297852683,0.997969072324527,0.884144665445579,0.675716897456367,0.532280730215671
49.8941578464872,0.532280730215671,0.814532766711189,0.997969020067974,0.884139413962381,0.675708074188838,0.532280730215671
49.90415867989,0.532280730215671,0.814529186109756,0.997968947129914,0.884134341007636,0.675699377907237,0.532280730215671
49.9141595132928,0.532280730215671,0.814525555979864,0.997968853424804,0.884129447434925,0.675690809218765,0.532280730215671
49.9241603466956,0.532280730215671,0.814521876307182,0.99796873889065,0.884124733889897,0.675682368583415,0.532280730215671
49.9341611800983,0.532280730215671,0.814518147130268,0.997968603488642,0.88412020081308,0.675674056315934,0.532280730215671
49.9441620135011,0.532280730215671,0.81451436853899,0.997968447202644,0.884115848443871,0.675665872588626,0.532280730215671
49.9541628469039,0.532280730215671,0.81451054067265,0.997968270038569,0.884111676825685,0.675657817434973,0.532280730215671
49.9641636803067,0.532280730215671,0.814506663717867,0.997968072023625,0.884107685812161,0.675649890754004,0.532280730215671
49.9741645137095,0.532280730215671,0.814502737906227,0.997967853205455,0.884103875074378,0.675642092315382,0.532280730215671
49.9841653471123,0.532280730215671,0.814498763511699,0.997967613651174,0.884100244108985,0.675634421765151,0.532280730215671
49.994166180515,0.532280730215671,0.814494740847894,0.997967353446309,0.88409679224718,0.67562687863205,0.532280730215671
50.0041670139178,0.532280730215671,0.814490670265132,0.997967072693661,0.884093518664447,0.675619462334415,0.532280730215671
50.0141678473206,0.532280730215671,0.814486552121041,0.997966771500804,0.884090422488699,0.675612172256717,0.532280730215671
50.0241686807234,0.532280730215671,0.814482386416019,0.997966449821294,0.884087504180282,0.67560500872764,0.532280730215671
50.0341695141262,0.532280730215671,0.814478167584081,0.997966105201729,0.884084785077183,0.675597986865747,0.532280730215671
50.044170347529,0.532280730215671,0.8144738765213,0.997965729170271,0.88408233903848,0.675591159052667,0.532280730215671
50.0541711809317,0.532280730215671,0.814469488775509,0.997965310740535,0.884080262099921,0.675584593445909,0.532280730215671
50.0641720143345,0.532280730215671,0.81446497916544,0.997964838537353,0.88407865376439,0.675578360677175,0.532280730215671
50.0741728477373,0.532280730215671,0.814460323194228,0.997964301393894,0.88407761183648,0.675572530200113,0.532280730215671
50.0841736811401,0.532280730215671,0.814455497172921,0.997963688407038,0.884077231922877,0.675567169937726,0.532280730215671
50.0941745145429,0.532280730215671,0.814450478360544,0.997962989000313,0.884077606864454,0.675562345881659,0.532280730215671
50.1041753479457,0.532280730215671,0.814445245098409,0.997962192984561,0.884078826186119,0.675558121704253,0.532280730215671
50.1141761813484,0.532280730215671,0.814439776934907,0.997961290614817,0.884080975578137,0.675554558393048,0.532280730215671
50.1241770147512,0.532280730215671,0.814434054740194,0.997960272643154,0.884084136411425,0.675551713909383,0.532280730215671
50.134177848154,0.532280730215671,0.814428060810095,0.997959130367274,0.884088385289497,0.675549642872912,0.532280730215671
50.1441786815568,0.532280730215671,0.814421778958686,0.997957855674607,0.884093793639511,0.67554839627367,0.532280730215671
50.1541795149596,0.532280730215671,0.814415194598998,0.997956441081755,0.88410042734463,0.675548021213145,0.532280730215671
50.1641803483624,0.532280730215671,0.814408294811456,0.9979548797691,0.884108346419674,0.675548560675704,0.532280730215671
50.1741811817651,0.532280730215671,0.81440106839963,0.997953165610448,0.884117604731738,0.675550053331431,0.532280730215671
50.1841820151679,0.532280730215671,0.814393505933115,0.997951293197612,0.884128249767181,0.675552533371315,0.532280730215671
50.1941828485707,0.532280730215671,0.814385599777287,0.99794925785985,0.884140322446066,0.67555603037548,0.532280730215671
50.2041836819735,0.532280730215671,0.814377344109902,0.997947055678109,0.884153856984826,0.675560569214964,0.532280730215671
50.2141845153763,0.532280730215671,0.814368734924528,0.997944683494073,0.884168880807578,0.67556616998729,0.532280730215671
50.2241853487791,0.532280730215671,0.814359770020946,0.997942138914004,0.88418541450618,0.675572847985881,0.532280730215671
50.2341861821819,0.532280730215671,0.814350448982721,0.997939420307445,0.884203471848758,0.675580613703133,0.532280730215671
50.2441870155846,0.532280730215671,0.814340773142267,0.997936526800843,0.88422305983607,0.6755894728667,0.532280730215671
50.2541878489874,0.532280730215671,0.814330745533848,0.997933458266203,0.884244178804732,0.675599426508309,0.532280730215671
50.2641886823902,0.532280730215671,0.814320370834982,0.997930215304911,0.884266822575961,0.675610471064251,0.532280730215671
50.274189515793,0.532280730215671,0.81430965529692,0.997926799226892,0.884290978648128,0.675622598506349,0.532280730215671
50.2841903491958,0.532280730215671,0.814298606664854,0.997923212025303,0.884316628431114,0.675635796502086,0.532280730215671
50.2941911825986,0.532280730215671,0.814287234088647,0.997919456346986,0.884343747520108,0.675650048602318,0.532280730215671
50.3041920160013,0.532280730215671,0.814275548024951,0.997915535458938,0.884372306006179,0.675665334454765,0.532280730215671
50.3141928494041,0.532280730215671,0.814263560131622,0.99791145321108,0.884402268820725,0.675681630041324,0.532280730215671
50.3241936828069,0.532280730215671,0.814251283155412,0.997907213995635,0.88443359611059,0.675698907937103,0.532280730215671
50.3341945162097,0.532280730215671,0.81423873081395,0.997902822703441,0.884466243640462,0.675717137588819,0.532280730215671
50.3441953496125,0.532280730215671,0.814225917673085,0.997898284677558,0.884500163218973,0.675736285610218,0.532280730215671
50.3541961830153,0.532280730215671,0.814212859020651,0.997893605664532,0.884535303144753,0.675756316091897,0.532280730215671
50.364197016418,0.532280730215671,0.814199570737754,0.9978887917637,0.884571608668628,0.67577719092303,0.532280730215671
50.3741978498208,0.532280730215671,0.814186069168655,0.997883849374942,0.884609022468014,0.675798870122215,0.532280730215671
50.3841986832236,0.532280730215671,0.814172370990345,0.997878785145269,0.884647485129593,0.675821312174835,0.532280730215671
50.3941995166264,0.532280730215671,0.81415849308285,0.997873605914671,0.884686935636321,0.675844474374175,0.532280730215671
50.4042003500292,0.532280730215671,0.814144452401279,0.997868318661628,0.884727311854885,0.675868313163629,0.532280730215671
50.414201183432,0.532280730215671,0.814130265850615,0.997862930448688,0.884768551019818,0.675892784477344,0.532280730215671
50.4242020168347,0.532280730215671,0.814115950164141,0.997857448368528,0.884810590210566,0.675917844076765,0.532280730215671
50.4342028502375,0.532280730215671,0.814101521786402,0.997851879490872,0.884853366818018,0.675943447880564,0.532280730215671
50.4442036836403,0.532280730215671,0.814086996761452,0.997846230810658,0.884896818997112,0.675969552285622,0.532280730215671
50.4542045170431,0.532280730215671,0.814072390627161,0.997840509197813,0.884940886102427,0.675996114476815,0.532280730215671
50.4642053504459,0.532280730215671,0.814057718316192,0.997834721348967,0.88498550910384,0.676023092723565,0.532280730215671
50.4742061838487,0.532280730215671,0.814042994064233,0.997828873741442,0.88503063097961,0.676050446661203,0.532280730215671
50.4842070172514,0.532280730215671,0.814028231325955,0.997822972589799,0.885076197084536,0.676078137555445,0.532280730215671
50.4942078506542,0.532280730215671,0.814013442699133,0.997817023805211,0.885122155491075,0.676106128548434,0.532280730215671
50.504208684057,0.532280730215671,0.813998639857175,0.997811032957901,0.885168457301661,0.676134384885012,0.532280730215671
50.5142095174598,0.532280730215671,0.813983833490384,0.997805005242854,0.885215056930708,0.676162874118086,0.532280730215671
50.5242103508626,0.532280730215671,0.813969033256037,0.997798945448966,0.885261912355092,0.676191566292135,0.532280730215671
50.5342111842654,0.532280730215671,0.813954247737394,0.997792857931792,0.885308985332243,0.676220434104158,0.532280730215671
50.5442120176681,0.532280730215671,0.813939484411615,0.997786746589981,0.885356241585208,0.676249453041539,0.532280730215671
50.5542128510709,0.532280730215671,0.813924749626551,0.997780614845486,0.885403650954362,0.676278601496471,0.532280730215671
50.5642136844737,0.532280730215671,0.813910048586232,0.997774465627599,0.885451187515732,0.676307860856861,0.532280730215671
50.5742145178765,0.532280730215671,0.81389538534489,0.997768301360806,0.885498829666105,0.676337215573735,0.532280730215671
50.5842153512793,0.532280730215671,0.813880762809258,0.997762123956461,0.885546560175404,0.676366653205399,0.532280730215671
50.5942161846821,0.532280730215671,0.813866182748819,0.997755934808224,0.885594366206982,0.676396164438738,0.532280730215671
50.6042170180848,0.532280730215671,0.813851645813701,0.997749734791193,0.88564223930673,0.676425743088241,0.532280730215671
50.6142178514876,0.532280730215671,0.813837151559791,0.997743524264628,0.885690175362085,0.676455386073416,0.532280730215671
50.6242186848904,0.532280730215671,0.813822698480673,0.997737303078143,0.885738174532183,0.676485093375452,0.532280730215671
50.6342195182932,0.532280730215671,0.813808284045922,0.997731070581223,0.885786241150573,0.676514867974062,0.532280730215671
50.644220351696,0.532280730215671,0.813793904745293,0.997724825635904,0.88583438360202,0.676544715765567,0.532280730215671
50.6542211850988,0.532280730215671,0.813779556138304,0.997718566632436,0.885882614175087,0.676574645463362,0.532280730215671
50.6642220185015,0.532280730215671,0.813765232908703,0.997712291507719,0.885930948892232,0.67660466848199,0.532280730215671
50.6742228519043,0.532280730215671,0.813750928923291,0.997705997766326,0.88597940731927,0.676634798806081,0.532280730215671
50.6842236853071,0.532280730215671,0.813736637294608,0.997699682503883,0.886028012356106,0.676665052845539,0.532280730215671
50.6942245187099,0.532280730215671,0.813722350446897,0.997693342432572,0.886076790010692,0.676695449278322,0.532280730215671
50.7042253521127,0.532280730215671,0.813708060184868,0.997686973908545,0.886125769158209,0.676726008882233,0.532280730215671
50.7142261855155,0.532280730215671,0.813693757764705,0.997680572960988,0.886174981287455,0.676756754357139,0.532280730215671
50.7242270189182,0.532280730215671,0.813679433966799,0.997674135322617,0.886224460236485,0.676787710139073,0.532280730215671
50.734227852321,0.532280730215671,0.813665079169703,0.997667656461355,0.886274241919485,0.676818902207636,0.532280730215671
50.7442286857238,0.532280730215671,0.813650683424805,0.997661131612958,0.886324364046885,0.67685035788811,0.532280730215671
50.7542295191266,0.532280730215671,0.813636236531211,0.997654555814344,0.886374865840687,0.676882105649738,0.532280730215671
50.7642303525294,0.532280730215671,0.813621728110394,0.997647923937414,0.886425787746915,0.676914174901509,0.532280730215671
50.7742311859322,0.532280730215671,0.813607147680118,0.997641230723117,0.886477171147084,0.676946595786808,0.532280730215671
50.7842320193349,0.532280730215671,0.813592484727211,0.997634470815547,0.886529058070525,0.676979398978284,0.532280730215671
50.7942328527377,0.532280730215671,0.81357772877878,0.997627638795867,0.886581490909334,0.677012615474159,0.532280730215671
50.8042336861405,0.532280730215671,0.813562869471416,0.99762072921584,0.886634512137657,0.677046276397257,0.532280730215671
50.8142345195433,0.532280730215671,0.813547896618064,0.997613736630783,0.886688164036941,0.677080412797891,0.532280730215671
50.8242353529461,0.532280730215671,0.813532800272164,0.997606655631751,0.88674248842872,0.677115055461765,0.532280730215671
50.8342361863489,0.532280730215671,0.81351757078874,0.997599480876775,0.886797526416413,0.677150234723922,0.532280730215671
50.8442370197516,0.532280730215671,0.813502198882126,0.997592207120982,0.886853318137506,0.677185980289778,0.532280730215671
50.8542378531544,0.532280730215671,0.81348667568004,0.997584829245457,0.886909902527446,0.677222321064148,0.532280730215671
50.8642386865572,0.532280730215671,0.813470992773767,0.997577342284679,0.886967317096419,0.677259284989153,0.532280730215671
50.87423951996,0.532280730215671,0.813455142264183,0.997569741452418,0.887025597720146,0.677296898891797,0.532280730215671
50.8842403533628,0.532280730215671,0.813439116803472,0.997562022165958,0.887084778445664,0.677335188341953,0.532280730215671
50.8942411867656,0.532280730215671,0.813422909632313,0.997554180068546,0.887144891313,0.677374177521396,0.532280730215671
50.9042420201683,0.532280730215671,0.813406514612432,0.997546211049957,0.887205966193537,0.67741388910446,0.532280730215671
50.9142428535711,0.532280730215671,0.813389926254382,0.997538111265105,0.887268030645694,0.677454344150838,0.532280730215671
50.9242436869739,0.532280730215671,0.813373139740507,0.997529877150616,0.887331109788522,0.677495562010898,0.532280730215671
50.9342445203767,0.532280730215671,0.813356150942981,0.99752150543931,0.887395226193619,0.677537560243894,0.532280730215671
50.9442453537795,0.532280730215671,0.813338956436979,0.997512993172532,0.887460399795709,0.677580354549291,0.532280730215671
50.9542461871823,0.532280730215671,0.813321553508936,0.997504337710325,0.88752664782204,0.677623958711392,0.532280730215671
50.964247020585,0.532280730215671,0.813303940159958,0.99749553673939,0.887593984740731,0.677668384557339,0.532280730215671
50.9742478539878,0.532280730215671,0.813286115104482,0.997486588278846,0.887662422227979,0.677713641928519,0.532280730215671
50.9842486873906,0.532280730215671,0.813268077764261,0.997477490683792,0.887731969153985,0.677759738665254,0.532280730215671
50.9942495207934,0.532280730215671,0.813249828257827,0.997468242646683,0.887802631587326,0.677806680604634,0.532280730215671
51.0042503541962,0.532280730215671,0.81323136738559,0.997458843196546,0.887874412817358,0.677854471591285,0.532280730215671
51.014251187599,0.532280730215671,0.813212696610771,0.997449291696094,0.88794731339416,0.677903113500679,0.532280730215671
51.0242520210018,0.532280730215671,0.813193818036383,0.997439587836773,0.888021331185409,0.677952606274668,0.532280730215671
51.0342528544045,0.532280730215671,0.813174734378496,0.99742973163182,0.888096461449443,0.678002947968726,0.532280730215671
51.0442536878073,0.532280730215671,0.813155448936054,0.997419723407406,0.888172696923744,0.678054134810384,0.532280730215671
51.0542545212101,0.532280730215671,0.813135965557521,0.997409563791952,0.888250027927898,0.678106161268259,0.532280730215671
51.0642553546129,0.532280730215671,0.813116288604658,0.997399253703713,0.88832844248006,0.678159020131004,0.532280730215671
51.0742561880157,0.532280730215671,0.813096422913749,0.99738879433675,0.888407926425882,0.678212702595473,0.532280730215671
51.0842570214185,0.532280730215671,0.813076373754587,0.997378187145388,0.88848846357874,0.678267198363352,0.532280730215671
51.0942578548212,0.532280730215671,0.813056146787574,0.9973674338273,0.888570035870105,0.678322495745399,0.532280730215671
51.104258688224,0.532280730215671,0.813035748019261,0.997356536305351,0.888652623508809,0.678378581772514,0.532280730215671
51.1142595216268,0.532280730215671,0.813015183756677,0.997345496708322,0.888736205147946,0.678435442312702,0.532280730215671
51.1242603550296,0.532280730215671,0.812994460560806,0.997334317350685,0.888820758058086,0.678493062193066,0.532280730215671
51.1342611884324,0.532280730215671,0.812973585199546,0.997323000711553,0.888906258305507,0.678551425325887,0.532280730215671
51.1442620218352,0.532280730215671,0.812952564600481,0.997311549412975,0.888992680934118,0.678610514837882,0.532280730215671
51.1542628552379,0.532280730215671,0.812931405803824,0.997299966197719,0.889080000149718,0.678670313201679,0.532280730215671
51.1642636886407,0.532280730215671,0.812910115915831,0.997288253906703,0.889168189505326,0.678730802368625,0.532280730215671
51.1742645220435,0.532280730215671,0.81288870206302,0.997276415456231,0.889257222086256,0.678791963901948,0.532280730215671
51.1842653554463,0.532280730215671,0.812867171347467,0.997264453815183,0.889347070693695,0.678853779109419,0.532280730215671
51.1942661888491,0.532280730215671,0.81284553080349,0.997252371982314,0.889437708025578,0.678916229174607,0.532280730215671
51.2042670222519,0.532280730215671,0.812823787355967,0.997240172963813,0.889529106853557,0.678979295285883,0.532280730215671
51.2142678556546,0.532280730215671,0.812801947780527,0.997227859751262,0.889621240194998,0.679042958762381,0.532280730215671
51.2242686890574,0.532280730215671,0.81278001866587,0.997215435300136,0.889714081478915,0.679107201176077,0.532280730215671
51.2342695224602,0.532280730215671,0.812758006378372,0.997202902508975,0.889807604704901,0.67917200446934,0.532280730215671
51.244270355863,0.532280730215671,0.812735917029195,0.997190264199359,0.889901784594121,0.679237351067199,0.532280730215671
51.2542711892658,0.532280730215671,0.812713756444044,0.997177523096796,0.889996596731569,0.67930322398375,0.532280730215671
51.2642720226686,0.532280730215671,0.812691530135687,0.997164681812637,0.890092017698835,0.679369606922102,0.532280730215671
51.2742728560713,0.532280730215671,0.812669243279384,0.997151742827119,0.890188025196732,0.679436484367358,0.532280730215671
51.2842736894741,0.532280730215671,0.812646900691262,0.997138708473616,0.890284598157234,0.67950384167218,0.532280730215671
51.2942745228769,0.532280730215671,0.812624506809752,0.997125580924192,0.890381716844237,0.679571665134569,0.532280730215671
51.3042753562797,0.532280730215671,0.812602065680067,0.997112362176513,0.890479362942766,0.679639942067481,0.532280730215671
51.3142761896825,0.532280730215671,0.812579580941795,0.997099054042184,0.890577519636337,0.679708660860082,0.532280730215671
51.3242770230853,0.532280730215671,0.812557055819547,0.997085658136551,0.890676171672289,0.67977781103042,0.532280730215671
51.334277856488,0.532280730215671,0.812534493116679,0.99707217587001,0.890775305414939,0.679847383269351,0.532280730215671
51.3442786898908,0.532280730215671,0.812511895211995,0.997058608440844,0.890874908886573,0.679917369475698,0.532280730215671
51.3542795232936,0.532280730215671,0.812489264059417,0.997044956829604,0.890974971796306,0.679987762782626,0.532280730215671
51.3642803566964,0.532280730215671,0.812466601190479,0.997031221795038,0.891075485556948,0.68005855757523,0.532280730215671
51.3742811900992,0.532280730215671,0.81244390771961,0.997017403871556,0.8911764432901,0.680129749499506,0.532280730215671
51.384282023502,0.532280730215671,0.812421184352018,0.997003503368219,0.891277839819752,0.680201335462848,0.532280730215671
51.3942828569047,0.532280730215671,0.812398431394122,0.996989520369225,0.891379671654752,0.680273313626255,0.532280730215671
51.4042836903075,0.532280730215671,0.812375648766323,0.99697545473585,0.891481936960543,0.680345683388542,0.532280730215671
51.4142845237103,0.532280730215671,0.812352836018015,0.996961306109804,0.891584635520641,0.680418445362839,0.532280730215671
51.4242853571131,0.532280730215671,0.812329992344636,0.996947073917955,0.891687768688392,0.680491601345737,0.532280730215671
51.4342861905159,0.532280730215671,0.812307116606616,0.996932757378342,0.89179133932958,0.680565154279455,0.532280730215671
51.4442870239187,0.532280730215671,0.812284207350027,0.996918355507429,0.891895351756473,0.68063910820744,0.532280730215671
51.4542878573214,0.532280730215671,0.812261262828777,0.996903867128521,0.891999811653984,0.680713468223881,0.532280730215671
51.4642886907242,0.532280730215671,0.812238281028123,0.996889290881252,0.892104725998635,0.680788240417549,0.532280730215671
51.474289524127,0.532280730215671,0.812215259689368,0.996874625232081,0.892210102970986,0.680863431810535,0.532280730215671
51.4842903575298,0.532280730215671,0.812192196335496,0.996859868485685,0.892315951862316,0.680939050292325,0.532280730215671
51.4942911909326,0.532280730215671,0.812169088297606,0.996845018797182,0.89242228297625,0.681015104549812,0.532280730215671
51.5042920243354,0.532280730215671,0.812145932741908,0.996830074185063,0.892529107526119,0.681091603993729,0.532280730215671
51.5142928577381,0.532280730215671,0.81212272669714,0.99681503254476,0.892636437528794,0.681168558682073,0.532280730215671
51.5242936911409,0.532280730215671,0.812099467082177,0.996799891662739,0.892744285695757,0.681245979241098,0.532280730215671
51.5342945245437,0.532280730215671,0.812076150733692,0.996784649231018,0.892852665322182,0.681323876784387,0.532280730215671
51.5442953579465,0.532280730215671,0.812052774433645,0.996769302862018,0.892961590174753,0.68140226283058,0.532280730215671
51.5542961913493,0.532280730215671,0.812029334936487,0.996753850103639,0.893071074378979,0.681481149220298,0.532280730215671
51.5642970247521,0.532280730215671,0.812005828995863,0.996738288454476,0.893181132306711,0.681560548032814,0.532280730215671
51.5742978581548,0.532280730215671,0.811982253390674,0.996722615379054,0.893291778464571,0.681640471502952,0.532280730215671
51.5842986915576,0.532280730215671,0.811958604950378,0.996706828323023,0.893403027383985,0.681720931938797,0.532280730215671
51.5942995249604,0.532280730215671,0.811934880579327,0.996690924728177,0.893514893513458,0.681801941640643,0.532280730215671
51.6043003583632,0.532280730215671,0.811911077280075,0.996674902047245,0.893627391113716,0.681883512821699,0.532280730215671
51.614301191766,0.532280730215671,0.811887192175476,0.996658757758349,0.893740534156334,0.681965657530982,0.532280730215671
51.6243020251688,0.532280730215671,0.811863222529506,0.996642489379043,0.893854336226373,0.68204838757886,0.532280730215671
51.6343028585715,0.532280730215671,0.811839165766674,0.996626094479866,0.893968810429573,0.682131714465612,0.532280730215671
51.6443036919743,0.532280730215671,0.811815019489959,0.996609570697328,0.894083969304577,0.682215649313416,0.532280730215671
51.6543045253771,0.532280730215671,0.811790781497155,0.996592915746256,0.89419982474063,0.682300202802109,0.532280730215671
51.6643053587799,0.532280730215671,0.811766449795608,0.996576127431449,0.894316387901142,0.682385385109027,0.532280730215671
51.6743061921827,0.532280730215671,0.811742022615235,0.996559203658562,0.894433669153489,0.68247120585324,0.532280730215671
51.6843070255855,0.532280730215671,0.811717498419812,0.996542142444183,0.894551678005327,0.682557674044404,0.532280730215671
51.6943078589882,0.532280730215671,0.811692875916503,0.996524941925054,0.894670423047726,0.682644798036502,0.532280730215671
51.704308692391,0.532280730215671,0.811668154063576,0.996507600366375,0.8947899119053,0.682732585486614,0.532280730215671
51.7143095257938,0.532280730215671,0.811643332076325,0.996490116169188,0.894910151193509,0.682821043318921,0.532280730215671
51.7243103591966,0.532280730215671,0.8116184094312,0.996472487876776,0.895031146483265,0.682910177694014,0.532280730215671
51.7343111925994,0.532280730215671,0.811593385868146,0.996454714180085,0.895152902272903,0.682999993983642,0.532280730215671
51.7443120260022,0.532280730215671,0.811568261391167,0.996436793922129,0.895275421967527,0.683090496750912,0.532280730215671
51.7543128594049,0.532280730215671,0.811543036267194,0.996418726101379,0.895398707865725,0.683181689735985,0.532280730215671
51.7643136928077,0.532280730215671,0.811517711023247,0.996400509874141,0.895522761153584,0.683273575847238,0.532280730215671
51.7743145262105,0.532280730215671,0.811492286441997,0.996382144555895,0.895647581905856,0.683366157157811,0.532280730215671
51.7843153596133,0.532280730215671,0.811466763555755,0.996363629621647,0.89577316909416,0.683459434907542,0.532280730215671
51.7943161930161,0.532280730215671,0.811441143638991,0.996344964705264,0.895899520601986,0.683553409510036,0.532280730215671
51.8043170264189,0.532280730215671,0.811415428199453,0.996326149597855,0.896026633246265,0.683648080564873,0.532280730215671
51.8143178598216,0.532280730215671,0.811389618967971,0.996307184245191,0.896154502805241,0.683743446874639,0.532280730215671
51.8243186932244,0.532280730215671,0.811363717887074,0.996288068744215,0.896283124052301,0.68383950646668,0.532280730215671
51.8343195266272,0.532280730215671,0.811337727098469,0.996268803338678,0.896412490795445,0.683936256619282,0.532280730215671
51.84432036003,0.532280730215671,0.811311648929554,0.996249388413938,0.896542595921999,0.684033693892043,0.532280730215671
51.8543211934328,0.532280730215671,0.811285485879029,0.996229824490974,0.896673431448155,0.684131814160162,0.532280730215671
51.8643220268356,0.532280730215671,0.811259240601737,0.996210112219662,0.896804988572955,0.684230612652355,0.532280730215671
51.8743228602384,0.532280730215671,0.81123291589288,0.996190252371381,0.896937257736205,0.68433008399204,0.532280730215671
51.8843236936411,0.532280730215671,0.811206514671684,0.996170245830992,0.897070228679907,0.684430222241502,0.532280730215671
51.8943245270439,0.532280730215671,0.811180039964665,0.996150093588263,0.897203890512703,0.684531020948688,0.532280730215671
51.9043253604467,0.532280730215671,0.811153494888626,0.996129796728804,0.897338231776837,0.684632473196251,0.532280730215671
51.9143261938495,0.532280730215671,0.81112688263347,0.996109356424576,0.897473240517155,0.684734571652492,0.532280730215671
51.9243270272523,0.532280730215671,0.811100206444985,0.996088773924052,0.897608904351635,0.684837308623844,0.532280730215671
51.9343278606551,0.532280730215671,0.811073469607696,0.99606805054208,0.897745210542942,0.6849406761085,0.532280730215671
51.9443286940578,0.532280730215671,0.811046675427902,0.99604718764955,0.89788214607052,0.685044665850834,0.532280730215671
51.9543295274606,0.532280730215671,0.811019827217015,0.996026186662908,0.898019697702744,0.68514926939624,0.532280730215671
51.9643303608634,0.532280730215671,0.810992928275286,0.996005049033599,0.898157852068628,0.68525447814601,0.532280730215671
51.9743311942662,0.532280730215671,0.810965981876047,0.995983776237522,0.898296595728649,0.685360283411905,0.532280730215671
51.984332027669,0.532280730215671,0.81093899125052,0.995962369764536,0.89843591524424,0.685466676470076,0.532280730215671
51.9943328610718,0.532280730215671,0.810911959573327,0.99594083110812,0.898575797245509,0.685573648613974,0.532280730215671
52.0043336944745,0.532280730215671,0.810884889948747,0.995919161755224,0.898716228496794,0.685681191205953,0.532280730215671
52.0143345278773,0.532280730215671,0.810857785397792,0.995897363176389,0.898857195959667,0.685789295727248,0.532280730215671
52.0243353612801,0.532280730215671,0.810830648846191,0.995875436816191,0.898998686853041,0.685897953826011,0.532280730215671
52.0343361946829,0.532280730215671,0.810803483113322,0.995853384084069,0.899140688710036,0.686007157363193,0.532280730215671
52.0443370280857,0.532280730215671,0.810776290902138,0.995831206345584,0.899283189431329,0.686116898455952,0.532280730215671
52.0543378614885,0.532280730215671,0.810749074790126,0.995808904914166,0.899426177334706,0.686227169518407,0.532280730215671
52.0643386948912,0.532280730215671,0.810721837221355,0.995786481043387,0.899569641200602,0.686337963299534,0.532280730215671
52.074339528294,0.532280730215671,0.810694580499604,0.995763935919807,0.899713570313397,0.68644927291795,0.532280730215671
52.0843403616968,0.532280730215671,0.810667306782608,0.99574127065642,0.899857954498338,0.686561091893541,0.532280730215671
52.0943411950996,0.532280730215671,0.810640018077418,0.995718486286747,0.900002784153932,0.686673414175692,0.532280730215671
52.1043420285024,0.532280730215671,0.810612716236891,0.99569558375958,0.900148050279703,0.686786234168092,0.532280730215671
52.1143428619052,0.532280730215671,0.810585402957282,0.995672563934423,0.900293744499277,0.686899546749958,0.532280730215671
52.1243436953079,0.532280730215671,0.810558079776932,0.995649427577625,0.900439859078732,0.687013347293702,0.532280730215671
52.1343445287107,0.532280730215671,0.810530748076046,0.995626175359234,0.900586386940218,0.687127631678929,0.532280730215671
52.1443453621135,0.532280730215671,0.810503409077504,0.995602807850562,0.900733321670891,0.687242396302805,0.532280730215671
52.1543461955163,0.532280730215671,0.810476063848697,0.995579325522479,0.900880657527212,0.687357638086813,0.532280730215671
52.1643470289191,0.532280730215671,0.810448713304318,0.995555728744423,0.901028389434688,0.687473354479886,0.532280730215671
52.1743478623219,0.532280730215671,0.810421358210114,0.995532017784114,0.901176512983204,0.687589543458053,0.532280730215671
52.1843486957246,0.532280730215671,0.810393999187478,0.995508192807978,0.901325024418043,0.687706203520606,0.532280730215671
52.1943495291274,0.532280730215671,0.810366636718894,0.995484253882242,0.901473920626809,0.687823333682954,0.532280730215671
52.2043503625302,0.532280730215671,0.810339271154124,0.995460200974694,0.901623199122412,0.687940933466239,0.532280730215671
52.214351195933,0.532280730215671,0.810311902717123,0.99543603395708,0.901772858022332,0.688059002883872,0.532280730215671
52.2243520293358,0.532280730215671,0.810284531513572,0.995411752608107,0.901922896024391,0.688177542425166,0.532280730215671
52.2343528627386,0.532280730215671,0.810257157538988,0.995387356617024,0.902073312379289,0.688296553036189,0.532280730215671
52.2443536961413,0.532280730215671,0.810229780687341,0.995362845587744,0.902224106860141,0.688416036098067,0.532280730215671
52.2543545295441,0.532280730215671,0.810202400760102,0.995338219043468,0.902375279729316,0.688535993402922,0.532280730215671
52.2643553629469,0.532280730215671,0.810175017475648,0.995313476431782,0.902526831702843,0.688656427127626,0.532280730215671
52.2743561963497,0.532280730215671,0.810147630478968,0.995288617130165,0.902678763912667,0.688777339805634,0.532280730215671
52.2843570297525,0.532280730215671,0.810120239351566,0.995263640451885,0.902831077867084,0.688898734297072,0.532280730215671
52.2943578631553,0.532280730215671,0.810092843621542,0.995238545652221,0.902983775409627,0.689020613757352,0.532280730215671
52.304358696558,0.532280730215671,0.810065442773724,0.995213331934981,0.903136858676721,0.689142981604512,0.532280730215671
52.3143595299608,0.532280730215671,0.810038036259826,0.995187998459248,0.903290330054404,0.689265841485534,0.532280730215671
52.3243603633636,0.532280730215671,0.810010623508542,0.995162544346328,0.903444192134423,0.689389197241881,0.532280730215671
52.3343611967664,0.532280730215671,0.809983203935517,0.995136968686831,0.903598447670019,0.689513052874493,0.532280730215671
52.3443620301692,0.532280730215671,0.809955776953146,0.995111270547855,0.903753099531632,0.689637412508434,0.532280730215671
52.354362863572,0.532280730215671,0.809928341980107,0.995085448980215,0.903908150662921,0.689762280357506,0.532280730215671
52.3643636969747,0.532280730215671,0.809900898450623,0.995059503025666,0.904063604037258,0.689887660688951,0.532280730215671
52.3743645303775,0.532280730215671,0.809873445823348,0.995033431724091,0.904219462615048,0.690013557788566,0.532280730215671
52.3843653637803,0.532280730215671,0.809845983589856,0.995007234120582,0.904375729302107,0.690139975926369,0.532280730215671
52.3943661971831,0.532280730215671,0.809818511282706,0.994980909272403,0.90453240690932,0.690266919323048,0.532280730215671
52.4043670305859,0.532280730215671,0.809791028482987,0.994954456255764,0.904689498113837,0.690394392117399,0.532280730215671
52.4143678639887,0.532280730215671,0.809763534827352,0.99492787417238,0.904847005422012,0.690522398334924,0.532280730215671
52.4243686973915,0.532280730215671,0.809736030014503,0.994901162155784,0.905004931134269,0.690650941857776,0.532280730215671
52.4343695307942,0.532280730215671,0.809708513811074,0.994874319377334,0.9051632773121,0.690780026396189,0.532280730215671
52.444370364197,0.532280730215671,0.809680986056912,0.994847345051914,0.905322045747349,0.690909655461582,0.532280730215671
52.4543711975998,0.532280730215671,0.809653446669724,0.994820238443269,0.905481237933899,0.691039832341422,0.532280730215671
52.4643720310026,0.532280730215671,0.809625895649091,0.994792998868967,0.90564085504195,0.691170560076018,0.532280730215671
52.4743728644054,0.532280730215671,0.809598333079812,0.994765625704948,0.905800897894918,0.691301841437324,0.532280730215671
52.4843736978082,0.532280730215671,0.809570759134589,0.994738118389655,0.905961366949116,0.691433678909845,0.532280730215671
52.4943745312109,0.532280730215671,0.809543174076073,0.99471047642771,0.906122262276225,0.691566074673723,0.532280730215671
52.5043753646137,0.532280730215671,0.809515578258219,0.994682699393138,0.906283583548639,0.691699030590097,0.532280730215671
52.5143761980165,0.532280730215671,0.809487972127016,0.994654786932112,0.906445330027693,0.691832548188703,0.532280730215671
52.5243770314193,0.532280730215671,0.809460356220556,0.994626738765219,0.906607500554811,0.691966628657863,0.532280730215671
52.5343778648221,0.532280730215671,0.809432731168502,0.994598554689241,0.906770093545505,0.692101272836744,0.532280730215671
52.5443786982249,0.532280730215671,0.809405097690936,0.994570234578445,0.906933106986282,0.692236481210012,0.532280730215671
52.5543795316276,0.532280730215671,0.809377456596619,0.994541778385378,0.907096538434328,0.692372253904766,0.532280730215671
52.5643803650304,0.532280730215671,0.809349808780717,0.994513186141192,0.907260385019965,0.692508590689797,0.532280730215671
52.5743811984332,0.532280730215671,0.809322155221978,0.99448445795548,0.90742464345177,0.692645490977078,0.532280730215671
52.584382031836,0.532280730215671,0.80929449697942,0.994455594015646,0.907589310024279,0.692782953825451,0.532280730215671
52.5943828652388,0.532280730215671,0.80926683518857,0.994426594585828,0.907754380628146,0.69292097794644,0.532280730215671
52.6043836986416,0.532280730215671,0.809239171057262,0.994397460005371,0.90791985076265,0.693059561712112,0.532280730215671
52.6143845320443,0.532280730215671,0.809211505861054,0.994368190686891,0.908085715550414,0.693198703164864,0.532280730215671
52.6243853654471,0.532280730215671,0.809183840938302,0.994338787113927,0.908251969754176,0.693338400029077,0.532280730215671
52.6343861988499,0.532280730215671,0.80915617768493,0.994309249838226,0.908418607795451,0.693478649724492,0.532280730215671
52.6443870322527,0.532280730215671,0.809128517548944,0.994279579476669,0.908585623774956,0.693619449381186,0.532280730215671
52.6543878656555,0.532280730215671,0.809100862024706,0.994249776707875,0.908753011494566,0.693760795856024,0.532280730215671
52.6643886990583,0.532280730215671,0.809073212647057,0.994219842268503,0.90892076448067,0.693902685750467,0.532280730215671
52.674389532461,0.532280730215671,0.8090455709853,0.994189776949288,0.909088876008712,0.694045115429554,0.532280730215671
52.6843903658638,0.532280730215671,0.809017938637084,0.994159581590846,0.909257339128753,0.69418808104195,0.532280730215671
52.6943911992666,0.532280730215671,0.808990317222265,0.994129257079262,0.909426146691829,0.694331578540867,0.532280730215671
52.7043920326694,0.532280730215671,0.808962708376743,0.994098804341517,0.909595291376951,0.694475603705751,0.532280730215671
52.7143928660722,0.532280730215671,0.808935113746344,0.994068224340771,0.909764765718539,0.694620152164545,0.532280730215671
52.724393699475,0.532280730215671,0.808907534980788,0.99403751807154,0.909934562134082,0.694765219416367,0.532280730215671
52.7343945328777,0.532280730215671,0.808879973727759,0.994006686554796,0.910104672951883,0.694910800854486,0.532280730215671
52.7443953662805,0.532280730215671,0.808852431627127,0.993975730833045,0.910275090438666,0.695056891789396,0.532280730215671
52.7543961996833,0.532280730215671,0.808824910305373,0.993944651965377,0.910445806826877,0.695203487471867,0.532280730215671
52.7643970330861,0.532280730215671,0.808797411370214,0.993913451022558,0.910616814341526,0.69535058311581,0.532280730215671
52.7743978664889,0.532280730215671,0.808769936405478,0.993882129082175,0.910788105226391,0.695498173920818,0.532280730215671
52.7843986998917,0.532280730215671,0.808742486966266,0.993850687223867,0.910959671769424,0.695646255094246,0.532280730215671
52.7943995332944,0.532280730215671,0.808715064574397,0.993819126524678,0.911131506327241,0.69579482187269,0.532280730215671
52.8044003666972,0.532280730215671,0.80868767071419,0.993787448054553,0.911303601348523,0.69594386954274,0.532280730215671
52.8144012001,0.532280730215671,0.808660306828573,0.993755652872005,0.911475949396229,0.696093393460902,0.532280730215671
52.8244020335028,0.532280730215671,0.808632974315558,0.993723742019984,0.911648543168501,0.696243389072564,0.532280730215671
52.8344028669056,0.532280730215671,0.808605674525091,0.99369171652196,0.91182137551815,0.696393851929908,0.532280730215671
52.8444037003084,0.532280730215671,0.80857840875626,0.993659577378246,0.911994439470638,0.696544777708672,0.532280730215671
52.8544045337111,0.532280730215671,0.808551178254928,0.993627325562586,0.912167728240493,0.696696162223708,0.532280730215671
52.8644053671139,0.532280730215671,0.80852398421172,0.993594962019019,0.91234123524605,0.696848001443208,0.532280730215671
52.8744062005167,0.532280730215671,0.808496827760443,0.993562487659023,0.912514954122516,0.697000291501587,0.532280730215671
52.8844070339195,0.532280730215671,0.808469709976868,0.993529903358981,0.91268887873328,0.697153028710948,0.532280730215671
52.8944078673223,0.532280730215671,0.808442631877934,0.993497209957941,0.912863003179454,0.697306209571084,0.532280730215671
52.9044087007251,0.532280730215671,0.808415594421318,0.993464408255713,0.913037321807635,0.697459830778001,0.532280730215671
52.9144095341278,0.532280730215671,0.808388598505386,0.993431499011285,0.913211829215861,0.697613889230906,0.532280730215671
52.9244103675306,0.532280730215671,0.80836164496952,0.993398482941568,0.913386520257819,0.697768382037714,0.532280730215671
52.9344112009334,0.532280730215671,0.808334734594794,0.993365360720478,0.913561390045253,0.697923306518994,0.532280730215671
52.9444120343362,0.532280730215671,0.808307868104993,0.993332132978344,0.913736433948671,0.698078660210426,0.532280730215671
52.954412867739,0.532280730215671,0.808281046167948,0.993298800301645,0.913911647596347,0.698234440863751,0.532280730215671
52.9644137011418,0.532280730215671,0.808254269397196,0.993265363233066,0.914087026871695,0.698390646446261,0.532280730215671
52.9744145345445,0.532280730215671,0.808227538353897,0.993231822271869,0.914262567909063,0.698547275138863,0.532280730215671
52.9844153679473,0.532280730215671,0.808200853549051,0.993198177874569,0.914438267088019,0.698704325332748,0.532280730215671
52.9944162013501,0.532280730215671,0.808174215445922,0.993164430455906,0.914614121026207,0.69886179562473,0.532280730215671
53.0044170347529,0.532280730215671,0.808147624462718,0.993130580390093,0.91479012657086,0.699019684811325,0.532280730215671
53.0144178681557,0.532280730215671,0.808121080975431,0.993096628012332,0.914966280789058,0.699177991881611,0.532280730215671
53.0244187015585,0.532280730215671,0.808094585320884,0.993062573620588,0.915142580956828,0.699336716008969,0.532280730215671
53.0344195349612,0.532280730215671,0.808068137799891,0.993028417477583,0.915319024547192,0.69949585654176,0.532280730215671
53.044420368364,0.532280730215671,0.808041738680568,0.99299415981302,0.915495609217261,0.699655412993045,0.532280730215671
53.0544212017668,0.532280730215671,0.80801538820172,0.992959800825993,0.915672332794493,0.699815385029414,0.532280730215671
53.0644220351696,0.532280730215671,0.807989086576304,0.99292534068758,0.915849193262225,0.699975772459034,0.532280730215671
53.0744228685724,0.532280730215671,0.807962833994947,0.992890779543586,0.916026188744589,0.700136575219002,0.532280730215671
53.0844237019752,0.532280730215671,0.807936630629473,0.992856117517427,0.91620331749092,0.700297793362082,0.532280730215671
53.0944245353779,0.532280730215671,0.807910476636434,0.992821354713119,0.916380577859799,0.700459427042979,0.532280730215671
53.1044253687807,0.532280730215671,0.807884372160611,0.992786491218364,0.916557968302806,0.700621476504174,0.532280730215671
53.1144262021835,0.532280730215671,0.807858317338479,0.992751527107704,0.916735487348131,0.700783942061476,0.532280730215671
53.1244270355863,0.532280730215671,0.807832312301582,0.992716462445714,0.916913133584129,0.700946824089387,0.532280730215671
53.1344278689891,0.532280730215671,0.807806357179836,0.99268129729023,0.917090905642943,0.701110123006324,0.532280730215671
53.1444287023919,0.532280730215671,0.80778045210471,0.992646031695573,0.917268802184294,0.701273839259883,0.532280730215671
53.1544295357946,0.532280730215671,0.807754597212286,0.992610665715755,0.917446821879537,0.701437973312142,0.532280730215671
53.1644303691974,0.532280730215671,0.807728792646181,0.992575199407652,0.91762496339609,0.701602525625174,0.532280730215671
53.1744312026002,0.532280730215671,0.807703038560283,0.99253963283411,0.917803225382316,0.701767496646825,0.532280730215671
53.184432036003,0.532280730215671,0.807677335121356,0.992503966066983,0.917981606452952,0.70193288679683,0.532280730215671
53.1944328694058,0.532280730215671,0.807651682511411,0.992468199190063,0.918160105175162,0.702098696453375,0.532280730215671
53.2044337028086,0.532280730215671,0.807626080929925,0.992432332301911,0.9183387200553,0.702264925940156,0.532280730215671
53.2144345362113,0.532280730215671,0.807600530595821,0.992396365518547,0.918517449526432,0.702431575514031,0.532280730215671
53.2244353696141,0.532280730215671,0.807575031749254,0.992360298976002,0.918696291936694,0.702598645353311,0.532280730215671
53.2344362030169,0.532280730215671,0.807549584653166,0.992324132832712,0.918875245538535,0.702766135546743,0.532280730215671
53.2444370364197,0.532280730215671,0.807524189594632,0.99228786727174,0.919054308478902,0.702934046083295,0.532280730215671
53.2544378698225,0.532280730215671,0.80749884688596,0.992251502502819,0.919233478790383,0.703102376842689,0.532280730215671
53.2644387032253,0.532280730215671,0.807473556865582,0.992215038764204,0.919412754383372,0.70327112758684,0.532280730215671
53.2744395366281,0.532280730215671,0.807448319898709,0.992178476324323,0.919592133039256,0.703440297952149,0.532280730215671
53.2844403700308,0.532280730215671,0.807423136377758,0.992141815483227,0.919771612404657,0.703609887442716,0.532280730215671
53.2944412034336,0.532280730215671,0.807398006722563,0.992105056573828,0.919951189986751,0.703779895424512,0.532280730215671
53.3044420368364,0.532280730215671,0.807372931380369,0.992068199962919,0.920130863149619,0.70395032112047,0.532280730215671
53.3144428702392,0.532280730215671,0.807347910825609,0.992031246051978,0.920310629111689,0.704121163606569,0.532280730215671
53.324443703642,0.532280730215671,0.80732294555948,0.991994195277767,0.920490484944225,0.704292421808881,0.532280730215671
53.3344445370448,0.532280730215671,0.807298036109322,0.991957048112689,0.920670427570846,0.704464094501571,0.532280730215671
53.3444453704475,0.532280730215671,0.807273183027817,0.99191980506496,0.920850453768061,0.704636180305866,0.532280730215671
53.3544462038503,0.532280730215671,0.807248386892003,0.991882466678541,0.921030560166793,0.704808677689963,0.532280730215671
53.3644470372531,0.532280730215671,0.807223648302127,0.991845033532887,0.921210743254846,0.704981584969846,0.532280730215671
53.3744478706559,0.532280730215671,0.807198967880344,0.991807506242479,0.921390999380287,0.705154900311021,0.532280730215671
53.3844487040587,0.532280730215671,0.807174346269285,0.991769885456168,0.921571324755689,0.705328621731091,0.532280730215671
53.3944495374615,0.532280730215671,0.807149784130483,0.991732171856337,0.921751715463197,0.705502747103175,0.532280730215671
53.4044503708642,0.532280730215671,0.807125282142699,0.991694366157877,0.921932167460353,0.705677274160109,0.532280730215671
53.414451204267,0.532280730215671,0.807100841000151,0.991656469107007,0.92211267658662,0.705852200499386,0.532280730215671
53.4244520376698,0.532280730215671,0.807076461410637,0.991618481479927,0.922293238570571,0.706027523588801,0.532280730215671
53.4344528710726,0.532280730215671,0.807052144093629,0.991580404081343,0.922473849037637,0.706203240772729,0.532280730215671
53.4444537044754,0.532280730215671,0.807027889778271,0.991542237742848,0.922654503518396,0.706379349278994,0.532280730215671
53.4544545378782,0.532280730215671,0.807003699201359,0.991503983321187,0.922835197457296,0.706555846226264,0.532280730215671
53.4644553712809,0.532280730215671,0.806979573105298,0.991465641696423,0.923015926221776,0.706732728631943,0.532280730215671
53.4744562046837,0.532280730215671,0.806955512236033,0.991427213770011,0.923196685111691,0.706909993420419,0.532280730215671
53.4844570380865,0.532280730215671,0.806931517340999,0.991388700462792,0.923377469368992,0.707087637431726,0.532280730215671
53.4944578714893,0.532280730215671,0.806907589167077,0.991350102712927,0.923558274187581,0.707265657430438,0.532280730215671
53.5044587048921,0.532280730215671,0.806883728458579,0.991311421473789,0.923739094723275,0.707444050114813,0.532280730215671
53.5144595382949,0.532280730215671,0.806859935955287,0.991272657711812,0.923919926103811,0.707622812126075,0.532280730215671
53.5244603716976,0.532280730215671,0.806836212390525,0.991233812404334,0.924100763438836,0.707801940057813,0.532280730215671
53.5344612051004,0.532280730215671,0.806812558489322,0.991194886537426,0.924281601829809,0.707981430465389,0.532280730215671
53.5444620385032,0.532280730215671,0.806788974966624,0.991155881103732,0.924462436379742,0.708161279875334,0.532280730215671
53.554462871906,0.532280730215671,0.806765462525613,0.991116797100343,0.924643262202759,0.708341484794639,0.532280730215671
53.5644637053088,0.532280730215671,0.806742021856104,0.99107763552669,0.924824074433366,0.708522041719911,0.532280730215671
53.5744645387116,0.532280730215671,0.806718653633057,0.991038397382504,0.925004868235436,0.708702947146335,0.532280730215671
53.5844653721143,0.532280730215671,0.806695358515183,0.990999083665819,0.9251856388108,0.708884197576354,0.532280730215671
53.5944662055171,0.532280730215671,0.806672137143678,0.990959695371069,0.925366381407454,0.709065789528068,0.532280730215671
53.6044670389199,0.532280730215671,0.806648990141071,0.990920233487242,0.925547091327297,0.709247719543281,0.532280730215671
53.6144678723227,0.532280730215671,0.806625918110195,0.990880698996152,0.925727763933391,0.709429984195141,0.532280730215671
53.6244687057255,0.532280730215671,0.806602921633289,0.990841092870792,0.925908394656698,0.709612580095355,0.532280730215671
53.6344695391283,0.532280730215671,0.806580001271226,0.990801416073812,0.92608897900226,0.709795503900922,0.532280730215671
53.644470372531,0.532280730215671,0.806557157562872,0.990761669556102,0.926269512554815,0.709978752320386,0.532280730215671
53.6544712059338,0.532280730215671,0.806534391024584,0.990721854255506,0.926449990983806,0.710162322119533,0.532280730215671
53.6644720393366,0.532280730215671,0.806511702149822,0.990681971095663,0.926630410047783,0.710346210126547,0.532280730215671
53.6744728727394,0.532280730215671,0.806489091408914,0.990642020984975,0.92681076559819,0.710530413236586,0.532280730215671
53.6844737061422,0.532280730215671,0.806466559248932,0.99060200481572,0.926991053582511,0.710714928415769,0.532280730215671
53.694474539545,0.532280730215671,0.806444106093689,0.990561923463295,0.92717127004679,0.710899752704559,0.532280730215671
53.7044753729477,0.532280730215671,0.806421732343874,0.990521777785604,0.92735141113752,0.71108488322054,0.532280730215671
53.7144762063505,0.532280730215671,0.806399438377294,0.990481568622588,0.927531473102909,0.711270317160574,0.532280730215671
53.7244770397533,0.532280730215671,0.806377224549218,0.990441296795885,0.927711452293529,0.711456051802348,0.532280730215671
53.7344778731561,0.532280730215671,0.806355091192855,0.990400963108642,0.927891345162355,0.711642084505313,0.532280730215671
53.7444787065589,0.532280730215671,0.806333038619894,0.990360568345457,0.928071148264238,0.711828412711025,0.532280730215671
53.7544795399617,0.532280730215671,0.806311067121171,0.990320113272448,0.928250858254792,0.712015033942904,0.532280730215671
53.7644803733644,0.532280730215671,0.806289176967407,0.990279598637464,0.928430471888755,0.7122019458054,0.532280730215671
53.7744812067672,0.532280730215671,0.806267368410019,0.99023902517041,0.928609986017826,0.712389145982631,0.532280730215671
53.78448204017,0.532280730215671,0.806245641682022,0.990198393583702,0.928789397588016,0.712576632236469,0.532280730215671
53.7944828735728,0.532280730215671,0.806223996998969,0.990157704572822,0.928968703636547,0.712764402404138,0.532280730215671
53.8044837069756,0.532280730215671,0.806202434559968,0.990116958816994,0.929147901288327,0.712952454395318,0.532280730215671
53.8144845403784,0.532280730215671,0.806180954548738,0.990076156979949,0.929326987752036,0.713140786188809,0.532280730215671
53.8244853737812,0.532280730215671,0.806159557134696,0.990035299710793,0.929505960315865,0.713329395828772,0.532280730215671
53.8344862071839,0.532280730215671,0.806138242474085,0.989994387644945,0.929684816342933,0.7135182814206,0.532280730215671
53.8444870405867,0.532280730215671,0.806117010711125,0.989953421405167,0.929863553266447,0.71370744112642,0.532280730215671
53.8544878739895,0.532280730215671,0.806095861979161,0.989912401602647,0.93004216858461,0.7138968731603,0.532280730215671
53.8644887073923,0.532280730215671,0.80607479640184,0.989871328838154,0.930220659855345,0.714086575783193,0.532280730215671
53.8744895407951,0.532280730215671,0.806053814094272,0.989830203703226,0.930399024690858,0.714276547297619,0.532280730215671
53.8844903741979,0.532280730215671,0.806032915164175,0.989789026781417,0.930577260752095,0.714466786042182,0.532280730215671
53.8944912076006,0.532280730215671,0.806012099713029,0.989747798649557,0.930755365743113,0.714657290385925,0.532280730215671
53.9044920410034,0.532280730215671,0.805991367837174,0.98970651987905,0.930933337405425,0.714848058722559,0.532280730215671
53.9144928744062,0.532280730215671,0.805970719628895,0.989665191037166,0.931111173512345,0.715039089464633,0.532280730215671
53.924493707809,0.532280730215671,0.80595015517748,0.989623812688359,0.931288871863362,0.715230381037663,0.532280730215671
53.9344945412118,0.532280730215671,0.805929674570208,0.98958238539556,0.931466430278609,0.715421931874271,0.532280730215671
53.9444953746146,0.532280730215671,0.805909277893311,0.989540909721465,0.931643846593421,0.715613740408355,0.532280730215671
53.9544962080173,0.532280730215671,0.805888965232878,0.989499386229805,0.931821118653043,0.715805805069335,0.532280730215671
53.9644970414201,0.532280730215671,0.805868736675698,0.989457815486575,0.93199824430752,0.715998124276535,0.532280730215671
53.9744978748229,0.532280730215671,0.805848592310049,0.989416198061238,0.932175221406772,0.716190696433682,0.532280730215671
53.9844987082257,0.532280730215671,0.805828532226411,0.98937453452787,0.932352047795905,0.716383519923599,0.532280730215671
53.9944995416285,0.532280730215671,0.805808556518122,0.989332825466273,0.932528721310776,0.716576593103102,0.532280730215671
54.0045003750313,0.532280730215671,0.805788665281963,0.989291071463007,0.932705239773838,0.716769914298139,0.532280730215671
54.014501208434,0.532280730215671,0.805768858618672,0.989249273112382,0.932881600990259,0.71696348179918,0.532280730215671
54.0245020418368,0.532280730215671,0.805749136633379,0.989207431017363,0.933057802744374,0.717157293856895,0.532280730215671
54.0345028752396,0.532280730215671,0.805729499435971,0.989165545790414,0.933233842796464,0.717351348678146,0.532280730215671
54.0445037086424,0.532280730215671,0.805709947141393,0.989123618054261,0.933409718879851,0.717545644422298,0.532280730215671
54.0545045420452,0.532280730215671,0.80569047986986,0.989081648442575,0.933585428698369,0.717740179197867,0.532280730215671
54.064505375448,0.532280730215671,0.805671097747005,0.989039637600569,0.933760969924173,0.717934951059523,0.532280730215671
54.0745062088507,0.532280730215671,0.805651800903957,0.988997586185519,0.933936340195919,0.718129958005477,0.532280730215671
54.0845070422535,0.532280730215671,0.805632589477349,0.988955494867186,0.934111537117293,0.718325197975205,0.532280730215671
54.0945078756563,0.532280730215671,0.80561346360925,0.988913364328161,0.934286558255921,0.718520668847586,0.532280730215671
54.1045087090591,0.532280730215671,0.805594423447044,0.988871195264113,0.934461401142631,0.718716368439409,0.532280730215671
54.1145095424619,0.532280730215671,0.805575469143234,0.988828988383959,0.934636063271057,0.718912294504261,0.532280730215671
54.1245103758647,0.532280730215671,0.8055566008552,0.988786744409936,0.934810542097616,0.719108444731799,0.532280730215671
54.1345112092674,0.532280730215671,0.805537818744897,0.988744464077597,0.934984835041802,0.719304816747403,0.532280730215671
54.1445120426702,0.532280730215671,0.805519122978486,0.988702148135713,0.935158939486825,0.719501408112196,0.532280730215671
54.154512876073,0.532280730215671,0.805500513725944,0.988659797346103,0.93533285278055,0.71969821632343,0.532280730215671
54.1645137094758,0.532280730215671,0.805481991160608,0.988617412483383,0.935506572236752,0.719895238815216,0.532280730215671
54.1745145428786,0.532280730215671,0.805463555458683,0.98857499433463,0.935680095136641,0.720092472959613,0.532280730215671
54.1845153762814,0.532280730215671,0.80544520679873,0.988532543698989,0.935853418730666,0.720289916068008,0.532280730215671
54.1945162096841,0.532280730215671,0.805426945361102,0.9884900613872,0.936026540240556,0.720487565392833,0.532280730215671
54.2045170430869,0.532280730215671,0.805408771327367,0.988447548221068,0.936199456861604,0.720685418129566,0.532280730215671
54.2145178764897,0.532280730215671,0.80539068487971,0.988405005032872,0.936372165765148,0.720883471418991,0.532280730215671
54.2245187098925,0.532280730215671,0.805372686200312,0.988362432664722,0.936544664101233,0.721081722349719,0.532280730215671
54.2345195432953,0.532280730215671,0.805354775470717,0.988319831967863,0.936716949001455,0.721280167960928,0.532280730215671
54.2445203766981,0.532280730215671,0.805336952871207,0.988277203801944,0.93688901758193,0.721478805245332,0.532280730215671
54.2545212101008,0.532280730215671,0.805319218580149,0.98823454903424,0.937060866946385,0.721677631152284,0.532280730215671
54.2645220435036,0.532280730215671,0.805301572773358,0.988191868538849,0.937232494189353,0.721876642591096,0.532280730215671
54.2745228769064,0.532280730215671,0.805284015623481,0.98814916319586,0.937403896399431,0.722075836434444,0.532280730215671
54.2845237103092,0.532280730215671,0.805266547299349,0.9881064338905,0.937575070662585,0.722275209521915,0.532280730215671
54.294524543712,0.532280730215671,0.805249167965392,0.98806368151227,0.937746014065494,0.72247475866361,0.532280730215671
54.3045253771148,0.532280730215671,0.805231877781036,0.988020906954065,0.937916723698888,0.722674480643836,0.532280730215671
54.3145262105175,0.532280730215671,0.805214676900135,0.987978111111303,0.938087196660873,0.7228743722248,0.532280730215671
54.3245270439203,0.532280730215671,0.805197565470429,0.987935294881039,0.938257430060221,0.723074430150338,0.532280730215671
54.3345278773231,0.532280730215671,0.805180543633022,0.987892459161105,0.938427421019594,0.723274651149624,0.532280730215671
54.3445287107259,0.532280730215671,0.805163611521906,0.987849604849249,0.938597166678701,0.72347503194083,0.532280730215671
54.3545295441287,0.532280730215671,0.805146769263485,0.987806732842296,0.938766664197362,0.723675569234748,0.532280730215671
54.3645303775315,0.532280730215671,0.805130016976176,0.987763844035339,0.938935910758442,0.723876259738313,0.532280730215671
54.3745312109342,0.532280730215671,0.805113354770013,0.987720939320943,0.939104903570683,0.724077100158039,0.532280730215671
54.384532044337,0.532280730215671,0.805096782746302,0.987678019588395,0.939273639871379,0.724278087203334,0.532280730215671
54.3945328777398,0.532280730215671,0.805080300997325,0.987635085722978,0.939442116928899,0.724479217589659,0.532280730215671
54.4045337111426,0.532280730215671,0.805063909606059,0.987592138605286,0.939610332045049,0.724680488041556,0.532280730215671
54.4145345445454,0.532280730215671,0.805047608645967,0.987549179110592,0.939778282557243,0.724881895295512,0.532280730215671
54.4245353779482,0.532280730215671,0.805031398180798,0.987506208108242,0.939945965840512,0.725083436102602,0.532280730215671
54.4345362113509,0.532280730215671,0.805015278264465,0.987463226461112,0.940113379309295,0.725285107230982,0.532280730215671
54.4445370447537,0.532280730215671,0.804999248940922,0.987420235025107,0.940280520419053,0.725486905468145,0.532280730215671
54.4545378781565,0.532280730215671,0.804983310244121,0.987377234648716,0.940447386667663,0.725688827622977,0.532280730215671
54.4645387115593,0.532280730215671,0.804967462197989,0.987334226172613,0.940613975596618,0.725890870527588,0.532280730215671
54.4745395449621,0.532280730215671,0.804951704816445,0.987291210429322,0.940780284792005,0.726093031038906,0.532280730215671
54.4845403783649,0.532280730215671,0.804936038103456,0.987248188242922,0.9409463118853,0.726295306040066,0.532280730215671
54.4945412117676,0.532280730215671,0.804920462053135,0.987205160428823,0.941112054553916,0.726497692441528,0.532280730215671
54.5045420451704,0.532280730215671,0.804904976649872,0.987162127793586,0.941277510521593,0.726700187181978,0.532280730215671
54.5145428785732,0.532280730215671,0.804889581868488,0.987119091134798,0.941442677558547,0.726902787229002,0.532280730215671
54.524543711976,0.532280730215671,0.804874277674442,0.987076051241004,0.941607553481455,0.727105489579508,0.532280730215671
54.5345445453788,0.532280730215671,0.804859064024043,0.987033008891693,0.941772136153216,0.727308291259931,0.532280730215671
54.5445453787816,0.532280730215671,0.804843940864701,0.986989964857323,0.941936423482574,0.727511189326213,0.532280730215671
54.5545462121843,0.532280730215671,0.804828908135206,0.986946919899414,0.942100413423512,0.727714180863543,0.532280730215671
54.5645470455871,0.532280730215671,0.804813965766025,0.98690387477067,0.942264103974531,0.727917262985933,0.532280730215671
54.5745478789899,0.532280730215671,0.804799113679611,0.98686083021516,0.942427493177738,0.72812043283554,0.532280730215671
54.5845487123927,0.532280730215671,0.804784351790748,0.986817786968532,0.942590579117807,0.728323687581819,0.532280730215671
54.5945495457955,0.532280730215671,0.804769680006885,0.986774745758272,0.942753359920791,0.728527024420494,0.532280730215671
54.6045503791983,0.532280730215671,0.804755098228509,0.986731707303995,0.94291583375283,0.728730440572365,0.532280730215671
54.6145512126011,0.532280730215671,0.804740606349509,0.986688672317781,0.943077998818722,0.728933933281931,0.532280730215671
54.6245520460038,0.532280730215671,0.804726204257549,0.986645641504526,0.943239853360427,0.729137499815902,0.532280730215671
54.6345528794066,0.532280730215671,0.804711891834453,0.986602615562335,0.943401395655451,0.72934113746155,0.532280730215671
54.6445537128094,0.532280730215671,0.804697668956585,0.986559595182925,0.943562624015194,0.729544843524966,0.532280730215671
54.6545545462122,0.532280730215671,0.804683535495227,0.986516581052065,0.943723536783204,0.729748615329194,0.532280730215671
54.664555379615,0.532280730215671,0.804669491316958,0.986473573850021,0.943884132333402,0.729952450212302,0.532280730215671
54.6745562130178,0.532280730215671,0.804655536284035,0.986430574252012,0.944044409068276,0.730156345525352,0.532280730215671
54.6845570464205,0.532280730215671,0.804641670254746,0.986387582928695,0.94420436541704,0.730360298630337,0.532280730215671
54.6945578798233,0.532280730215671,0.804627893083773,0.986344600546629,0.944363999833794,0.730564306898076,0.532280730215671
54.7045587132261,0.532280730215671,0.804614204622526,0.98630162776877,0.944523310795693,0.73076836770605,0.532280730215671
54.7145595466289,0.532280730215671,0.804600604719491,0.986258665254942,0.944682296801108,0.730972478436273,0.532280730215671
54.7245603800317,0.532280730215671,0.804587093220524,0.986215713662323,0.944840956367843,0.731176636473131,0.532280730215671
54.7345612134345,0.532280730215671,0.804573669969169,0.986172773645911,0.944999288031366,0.731380839201251,0.532280730215671
54.7445620468372,0.532280730215671,0.804560334806922,0.986129845858988,0.945157290343106,0.731585084003411,0.532280730215671
54.75456288024,0.532280730215671,0.804547087573508,0.986086930953569,0.945314961868783,0.731789368258459,0.532280730215671
54.7645637136428,0.532280730215671,0.804533928107114,0.986044029580836,0.945472301186837,0.731993689339339,0.532280730215671
54.7745645470456,0.532280730215671,0.804520856244616,0.986001142391552,0.945629306886896,0.732198044611143,0.532280730215671
54.7845653804484,0.532280730215671,0.804507871821764,0.985958270036456,0.945785977568362,0.732402431429273,0.532280730215671
54.7945662138512,0.532280730215671,0.804494974673387,0.98591541316664,0.945942311839046,0.732606847137651,0.532280730215671
54.8045670472539,0.532280730215671,0.804482164633522,0.98587257243389,0.94609830831394,0.732811289067096,0.532280730215671
54.8145678806567,0.532280730215671,0.804469441535556,0.985829748491013,0.946253965614048,0.733015754533742,0.532280730215671
54.8245687140595,0.532280730215671,0.804456805212341,0.985786941992132,0.946409282365363,0.733220240837611,0.532280730215671
54.8345695474623,0.532280730215671,0.804444255496274,0.985744153592944,0.946564257197909,0.7334247452613,0.532280730215671
54.8445703808651,0.532280730215671,0.804431792219358,0.985701383950959,0.946718888744927,0.73362926506879,0.532280730215671
54.8545712142679,0.532280730215671,0.804419415213262,0.985658633725705,0.94687317564216,0.733833797504406,0.532280730215671
54.8645720476706,0.532280730215671,0.804407124309321,0.985615903578892,0.947027116527253,0.734038339791899,0.532280730215671
54.8745728810734,0.532280730215671,0.80439491933855,0.985573194174557,0.947180710039268,0.734242889133671,0.532280730215671
54.8845737144762,0.532280730215671,0.804382800131624,0.985530506179168,0.947333954818308,0.734447442710147,0.532280730215671
54.894574547879,0.532280730215671,0.80437076651883,0.985487840261695,0.947486849505264,0.734651997679288,0.532280730215671
54.9045753812818,0.532280730215671,0.804358818330023,0.985445197093655,0.94763939274167,0.734856551176263,0.532280730215671
54.9145762146846,0.532280730215671,0.804346955394541,0.98540257734912,0.947791583169652,0.735061100313229,0.532280730215671
54.9245770480873,0.532280730215671,0.804335177541124,0.985359981704694,0.94794341943201,0.735265642179295,0.532280730215671
54.9345778814901,0.532280730215671,0.804323484597805,0.985317410839461,0.948094900172369,0.735470173840589,0.532280730215671
54.9445787148929,0.532280730215671,0.804311876391792,0.985274865434903,0.948246024035458,0.735674692340483,0.532280730215671
54.9545795482957,0.532280730215671,0.804300352749342,0.985232346174788,0.948396789667462,0.735879194699939,0.532280730215671
54.9645803816985,0.532280730215671,0.804288913495615,0.985189853745036,0.948547195716467,0.736083677917979,0.532280730215671
54.9745812151013,0.532280730215671,0.804277558454532,0.985147388833554,0.948697240832989,0.736288138972296,0.532280730215671
54.984582048504,0.532280730215671,0.804266287448609,0.985104952130046,0.948846923670575,0.736492574819934,0.532280730215671
54.9945828819068,0.532280730215671,0.804255100298801,0.985062544325812,0.948996242886479,0.736696982398142,0.532280730215671
55.0045837153096,0.532280730215671,0.804243996824322,0.985020166113506,0.949145197142393,0.73690135862526,0.532280730215671
55.0145845487124,0.532280730215671,0.804232976842488,0.984977818186899,0.949293785105238,0.737105700401746,0.532280730215671
55.0245853821152,0.532280730215671,0.804222040168528,0.984935501240608,0.949442005448005,0.73731000461126,0.532280730215671
55.034586215518,0.532280730215671,0.804211186615425,0.984893215969817,0.949589856850639,0.737514268121838,0.532280730215671
55.0445870489207,0.532280730215671,0.804200415993719,0.984850963069984,0.949737338000949,0.737718487787123,0.532280730215671
55.0545878823235,0.532280730215671,0.804189728111359,0.984808743236543,0.949884447595561,0.737922660447668,0.532280730215671
55.0645887157263,0.532280730215671,0.804179122773513,0.984766557164587,0.950031184340875,0.738126782932272,0.532280730215671
55.0745895491291,0.532280730215671,0.804168599782416,0.984724405548553,0.950177546954046,0.738330852059364,0.532280730215671
55.0845903825319,0.532280730215671,0.804158158937207,0.9846822890819,0.950323534163967,0.738534864638418,0.532280730215671
55.0945912159347,0.532280730215671,0.804147800033774,0.984640208456789,0.950469144712254,0.73873881747138,0.532280730215671
55.1045920493374,0.532280730215671,0.804137522864607,0.984598164363752,0.950614377354221,0.738942707354121,0.532280730215671
55.1145928827402,0.532280730215671,0.804127327218666,0.984556157491378,0.950759230859844,0.739146531077887,0.532280730215671
55.124593716143,0.532280730215671,0.804117212881252,0.984514188525992,0.950903704014706,0.739350285430736,0.532280730215671
55.1345945495458,0.532280730215671,0.804107179633885,0.98447225815134,0.951047795620915,0.739553967198974,0.532280730215671
55.1445953829486,0.532280730215671,0.804097227254203,0.984430367048289,0.951191504497988,0.739757573168562,0.532280730215671
55.1545962163514,0.532280730215671,0.804087355515859,0.984388515894529,0.951334829483715,0.739961100126494,0.532280730215671
55.1645970497541,0.532280730215671,0.804077564188449,0.984346705364288,0.951477769434954,0.74016454486214,0.532280730215671
55.1745978831569,0.532280730215671,0.804067853037418,0.984304936128061,0.951620323228417,0.740367904168534,0.532280730215671
55.1845987165597,0.532280730215671,0.804058221824025,0.984263208852346,0.951762489761375,0.74057117484364,0.532280730215671
55.1945995499625,0.532280730215671,0.804048670305279,0.984221524199407,0.951904267952331,0.740774353691517,0.532280730215671
55.2046003833653,0.532280730215671,0.804039198233913,0.984179882827034,0.952045656741631,0.740977437523468,0.532280730215671
55.2146012167681,0.532280730215671,0.804029805358351,0.984138285388343,0.952186655092019,0.741180423159094,0.532280730215671
55.2246020501708,0.532280730215671,0.804020491422715,0.984096732531572,0.952327261989132,0.741383307427283,0.532280730215671
55.2346028835736,0.532280730215671,0.804011256166809,0.984055224899907,0.952467476441932,0.741586087167121,0.532280730215671
55.2446037169764,0.532280730215671,0.804002099326154,0.984013763131329,0.952607297483078,0.741788759228739,0.532280730215671
55.2546045503792,0.532280730215671,0.803993020631995,0.983972347858467,0.952746724169234,0.741991320474063,0.532280730215671
55.264605383782,0.532280730215671,0.803984019811353,0.983930979708483,0.952885755581314,0.74219376777749,0.532280730215671
55.2746062171848,0.532280730215671,0.803975096587075,0.983889659302978,0.953024390824657,0.742396098026471,0.532280730215671
55.2846070505875,0.532280730215671,0.803966250677883,0.9838483872579,0.953162629029154,0.742598308122032,0.532280730215671
55.2946078839903,0.532280730215671,0.803957481798458,0.983807164183495,0.953300469349293,0.742800394979167,0.532280730215671
55.3046087173931,0.532280730215671,0.803948789659505,0.983765990684259,0.953437910964164,0.7430023555272,0.532280730215671
55.3146095507959,0.532280730215671,0.803940173967864,0.983724867358922,0.953574953077379,0.743204186710017,0.532280730215671
55.3246103841987,0.532280730215671,0.80393163442658,0.983683794800438,0.953711594916964,0.743405885486234,0.532280730215671
55.3346112176015,0.532280730215671,0.803923170735025,0.983642773596002,0.953847835735172,0.743607448829298,0.532280730215671
55.3446120510042,0.532280730215671,0.803914782589005,0.983601804327086,0.953983674808257,0.743808873727474,0.532280730215671
55.354612884407,0.532280730215671,0.803906469680882,0.983560887569481,0.954119111436186,0.744010157183795,0.532280730215671
55.3646137178098,0.532280730215671,0.803898231699681,0.983520023893365,0.95425414494232,0.744211296215915,0.532280730215671
55.3746145512126,0.532280730215671,0.80389006833123,0.983479213863378,0.954388774673041,0.744412287855885,0.532280730215671
55.3846153846154,0.532280730215671,0.803881979258292,0.983438458038721,0.954522999997332,0.744613129149909,0.532280730215671
55.3946162180182,0.532280730215671,0.803873964160684,0.983397756973254,0.954656820306344,0.744813817157986,0.532280730215671
55.4046170514209,0.532280730215671,0.80386602271543,0.983357111215617,0.954790235012896,0.745014348953518,0.532280730215671
55.4146178848237,0.532280730215671,0.803858154596878,0.983316521309359,0.954923243550977,0.745214721622876,0.532280730215671
55.4246187182265,0.532280730215671,0.803850359476857,0.983275987793069,0.955055845375208,0.745414932264904,0.532280730215671
55.4346195516293,0.532280730215671,0.803842637024794,0.983235511200526,0.955188039960281,0.745614977990397,0.532280730215671
55.4446203850321,0.532280730215671,0.803834986907864,0.98319509206085,0.955319826800386,0.745814855921518,0.532280730215671
55.4546212184349,0.532280730215671,0.80382740879112,0.983154730898656,0.955451205408618,0.746014563191207,0.532280730215671
55.4646220518377,0.532280730215671,0.803819902337624,0.983114428234219,0.955582175316384,0.746214096942571,0.532280730215671
55.4746228852404,0.532280730215671,0.803812467208571,0.983074184583639,0.955712736072794,0.746413454328213,0.532280730215671
55.4846237186432,0.532280730215671,0.803805103063425,0.983034000459005,0.955842887244051,0.746612632509595,0.532280730215671
55.494624552046,0.532280730215671,0.803797809560028,0.982993876368567,0.955972628412848,0.746811628656363,0.532280730215671
55.5046253854488,0.532280730215671,0.803790586354725,0.982953812816898,0.956101959177769,0.74701043994568,0.532280730215671
55.5146262188516,0.532280730215671,0.803783433102479,0.982913810305063,0.956230879152685,0.747209063561546,0.532280730215671
55.5246270522544,0.532280730215671,0.803776349456965,0.982873869330785,0.956359387966182,0.747407496694149,0.532280730215671
55.5346278856571,0.532280730215671,0.80376933507068,0.982833990388597,0.956487485260989,0.747605736539201,0.532280730215671
55.5446287190599,0.532280730215671,0.803762389595037,0.982794173970001,0.956615170693423,0.747803780297306,0.532280730215671
55.5546295524627,0.532280730215671,0.803755512680447,0.98275442056362,0.956742443932865,0.748001625173341,0.532280730215671
55.5646303858655,0.532280730215671,0.803748703976416,0.982714730655337,0.956869304661241,0.748199268375877,0.532280730215671
55.5746312192683,0.532280730215671,0.803741963131596,0.982675104728431,0.956995752572543,0.748396707116588,0.532280730215671
55.5846320526711,0.532280730215671,0.803735289793882,0.982635543263707,0.957121787372368,0.748593938609749,0.532280730215671
55.5946328860738,0.532280730215671,0.803728683610448,0.982596046739612,0.957247408777484,0.748790960071715,0.532280730215671
55.6046337194766,0.532280730215671,0.803722144227816,0.982556615632349,0.957372616515435,0.748987768720486,0.532280730215671
55.6146345528794,0.532280730215671,0.803715671291905,0.982517250415974,0.95749741032416,0.74918436177527,0.532280730215671
55.6246353862822,0.532280730215671,0.803709264448058,0.982477951562487,0.957621789951663,0.749380736456113,0.532280730215671
55.634636219685,0.532280730215671,0.803702923341095,0.982438719541915,0.957745755155692,0.749576889983575,0.532280730215671
55.6446370530878,0.532280730215671,0.803696647615338,0.982399554822375,0.957869305703479,0.74977281957844,0.532280730215671
55.6546378864905,0.532280730215671,0.803690436914608,0.982360457870141,0.957992441371493,0.749968522461489,0.532280730215671
55.6646387198933,0.532280730215671,0.803684290882285,0.982321429149682,0.958115161945225,0.750163995853313,0.532280730215671
55.6746395532961,0.532280730215671,0.803678209161272,0.982282469123705,0.958237467219023,0.750359236974168,0.532280730215671
55.6846403866989,0.532280730215671,0.803672191394033,0.982243578253179,0.958359356995941,0.750554243043896,0.532280730215671
55.6946412201017,0.532280730215671,0.80366623722258,0.982204756997348,0.958480831087637,0.750749011281892,0.532280730215671
55.7046420535045,0.532280730215671,0.803660346288469,0.982166005813737,0.958601889314284,0.7509435389071,0.532280730215671
55.7146428869072,0.532280730215671,0.803654518232784,0.982127325158144,0.958722531504531,0.7511378231381,0.532280730215671
55.72464372031,0.532280730215671,0.803648752696133,0.982088715484622,0.958842757495476,0.751331861193197,0.532280730215671
55.7346445537128,0.532280730215671,0.803643049318626,0.982050177245458,0.958962567132682,0.751525650290576,0.532280730215671
55.7446453871156,0.532280730215671,0.803637407739852,0.982011710891131,0.959081960270202,0.751719187648517,0.532280730215671
55.7546462205184,0.532280730215671,0.803631827598861,0.981973316870273,0.959200936770652,0.75191247048563,0.532280730215671
55.7646470539212,0.532280730215671,0.803626308534136,0.981934995629611,0.959319496505281,0.75210549602113,0.532280730215671
55.7746478873239,0.532280730215671,0.80362085018356,0.981896747613911,0.95943763935409,0.752298261475176,0.532280730215671
55.7846487207267,0.532280730215671,0.803615452184392,0.981858573265907,0.959555365205944,0.752490764069217,0.532280730215671
55.7946495541295,0.532280730215671,0.803610114173238,0.981820473026228,0.959672673958726,0.752683001026401,0.532280730215671
55.8046503875323,0.532280730215671,0.80360483578601,0.981782447333317,0.95978956551949,0.752874969571979,0.532280730215671
55.8146512209351,0.532280730215671,0.803599616657911,0.981744496623347,0.95990603980463,0.753066666933768,0.532280730215671
55.8246520543379,0.532280730215671,0.803594456423385,0.981706621330129,0.960022096740079,0.753258090342628,0.532280730215671
55.8346528877406,0.532280730215671,0.803589354716099,0.98166882188502,0.960137736261484,0.75344923703297,0.532280730215671
55.8446537211434,0.532280730215671,0.803584311168905,0.981631098716824,0.96025295831442,0.753640104243252,0.532280730215671
55.8546545545462,0.532280730215671,0.803579325413817,0.981593452251693,0.960367762854598,0.75383068921654,0.532280730215671
55.864655387949,0.532280730215671,0.803574397081981,0.981555882913026,0.960482149848072,0.754020989201034,0.532280730215671
55.8746562213518,0.532280730215671,0.803569525803654,0.981518391121371,0.960596119271449,0.754211001450631,0.532280730215671
55.8846570547546,0.532280730215671,0.803564711208169,0.981480977294312,0.960709671112113,0.7544007232255,0.532280730215671
55.8946578881573,0.532280730215671,0.803559952923925,0.981443641846377,0.960822805368425,0.75459015179263,0.532280730215671
55.9046587215601,0.532280730215671,0.803555250578368,0.981406385188932,0.960935522049929,0.754779284426404,0.532280730215671
55.9146595549629,0.532280730215671,0.803550603797971,0.981369207730081,0.961047821177567,0.754968118409167,0.532280730215671
55.9246603883657,0.532280730215671,0.803546012208221,0.981332109874572,0.961159702783852,0.755156651031782,0.532280730215671
55.9346612217685,0.532280730215671,0.803541475433619,0.981295092023695,0.961271166913073,0.755344879594175,0.532280730215671
55.9446620551713,0.532280730215671,0.803536993097664,0.9812581545752,0.961382213621457,0.755532801405883,0.532280730215671
55.954662888574,0.532280730215671,0.803532564822862,0.981221297923202,0.961492842977337,0.755720413786567,0.532280730215671
55.9646637219768,0.532280730215671,0.803528190230709,0.981184522458098,0.961603055061307,0.755907714066547,0.532280730215671
55.9746645553796,0.532280730215671,0.803523868941724,0.981147828566492,0.961712849966349,0.756094699587256,0.532280730215671
55.9846653887824,0.532280730215671,0.803519600575432,0.981111216631121,0.961822227797964,0.756281367701745,0.532280730215671
55.9946662221852,0.532280730215671,0.803515384750391,0.981074687030781,0.961931188674279,0.756467715775132,0.532280730215671
56.004667055588,0.532280730215671,0.803511221084201,0.98103824014027,0.962039732726131,0.756653741185007,0.532280730215671
56.0146678889908,0.532280730215671,0.803507109193533,0.98100187633033,0.962147860097149,0.756839441321861,0.532280730215671
56.0246687223935,0.532280730215671,0.803503048694142,0.980965595967592,0.96225557094381,0.757024813589443,0.532280730215671
56.0346695557963,0.532280730215671,0.803499039200898,0.980929399414539,0.96236286543547,0.757209855405127,0.532280730215671
56.0446703891991,0.532280730215671,0.803495080327821,0.980893287029461,0.962469743754403,0.757394564200229,0.532280730215671
56.0546712226019,0.532280730215671,0.803491171688107,0.980857259166428,0.962576206095785,0.757578937420289,0.532280730215671
56.0646720560047,0.532280730215671,0.803487312894172,0.980821316175262,0.962682252667698,0.757762972525365,0.532280730215671
56.0746728894075,0.532280730215671,0.803483503557687,0.98078545840152,0.962787883691088,0.757946666990241,0.532280730215671
56.0846737228102,0.532280730215671,0.803479743289617,0.980749686186483,0.962893099399723,0.758130018304657,0.532280730215671
56.094674556213,0.532280730215671,0.803476031700275,0.980713999867145,0.962997900040129,0.758313023973481,0.532280730215671
56.1046753896158,0.532280730215671,0.803472368399364,0.98067839977622,0.963102285871501,0.75849568151685,0.532280730215671
56.1146762230186,0.532280730215671,0.803468752996027,0.980642886242142,0.963206257165613,0.75867798847031,0.532280730215671
56.1246770564214,0.532280730215671,0.803465185098904,0.980607459589083,0.963309814206705,0.758859942384903,0.532280730215671
56.1346778898242,0.532280730215671,0.803461664316171,0.980572120136964,0.963412957291353,0.759041540827237,0.532280730215671
56.1446787232269,0.532280730215671,0.803458190255606,0.980536868201485,0.963515686728334,0.759222781379531,0.532280730215671
56.1546795566297,0.532280730215671,0.80345476252465,0.980501704094148,0.963618002838468,0.759403661639636,0.532280730215671
56.1646803900325,0.532280730215671,0.803451380730446,0.980466628122292,0.963719905954453,0.759584179221029,0.532280730215671
56.1746812234353,0.532280730215671,0.803448044479916,0.980431640589128,0.963821396420695,0.759764331752789,0.532280730215671
56.1846820568381,0.532280730215671,0.803444753379805,0.980396741793784,0.963922474593116,0.759944116879549,0.532280730215671
56.1946828902409,0.532280730215671,0.803441507036753,0.980361932031346,0.964023140838961,0.760123532261438,0.532280730215671
56.2046837236436,0.532280730215671,0.803438305057336,0.980327211592907,0.964123395536597,0.760302575573988,0.532280730215671
56.2146845570464,0.532280730215671,0.803435147048144,0.980292580765619,0.964223239075306,0.760481244508049,0.532280730215671
56.2246853904492,0.532280730215671,0.803432032615824,0.980258039832748,0.964322671855058,0.760659536769668,0.532280730215671
56.234686223852,0.532280730215671,0.80342896136715,0.980223589073724,0.964421694286312,0.760837450079966,0.532280730215671
56.2446870572548,0.532280730215671,0.803425932909069,0.980189228764205,0.964520306789773,0.761014982175018,0.532280730215671
56.2546878906576,0.532280730215671,0.803422946848764,0.980154959176131,0.964618509796178,0.761192130805683,0.532280730215671
56.2646887240603,0.532280730215671,0.803420002793707,0.980120780577786,0.964716303746067,0.761368893737485,0.532280730215671
56.2746895574631,0.532280730215671,0.803417100351714,0.980086693233858,0.964813689089551,0.761545268750437,0.532280730215671
56.2846903908659,0.532280730215671,0.803414239130995,0.980052697405497,0.964910666286095,0.761721253638896,0.532280730215671
56.2946912242687,0.532280730215671,0.803411418740208,0.980018793350377,0.965007235804281,0.761896846211386,0.532280730215671
56.3046920576715,0.532280730215671,0.803408638788502,0.979984981322757,0.965103398121594,0.762072044290455,0.532280730215671
56.3146928910743,0.532280730215671,0.803405898885575,0.979951261573537,0.965199153724198,0.762246845712516,0.532280730215671
56.324693724477,0.532280730215671,0.80340319864171,0.979917634350314,0.965294503106725,0.762421248327693,0.532280730215671
56.3346945578798,0.532280730215671,0.803400537667825,0.979884099897445,0.965389446772061,0.762595249999646,0.532280730215671
56.3446953912826,0.532280730215671,0.803397915575504,0.979850658456091,0.965483985231143,0.762768848605467,0.532280730215671
56.3546962246854,0.532280730215671,0.80339533197705,0.979817310264276,0.965578119002758,0.762942042035516,0.532280730215671
56.3646970580882,0.532280730215671,0.80339278648552,0.979784055556938,0.965671848613355,0.763114828193294,0.532280730215671
56.374697891491,0.532280730215671,0.803390278714746,0.979750894565968,0.965765174596856,0.76328720499534,0.532280730215671
56.3846987248937,0.532280730215671,0.803387808279387,0.979717827520262,0.965858097494489,0.763459170371106,0.532280730215671
56.3946995582965,0.532280730215671,0.803385374794954,0.979684854645761,0.965950617854605,0.763630722262867,0.532280730215671
56.4047003916993,0.532280730215671,0.803382977877827,0.979651976165487,0.966042736232532,0.763801858625646,0.532280730215671
56.4147012251021,0.532280730215671,0.8033806171453,0.979619192299579,0.966134453190417,0.763972577427135,0.532280730215671
56.4247020585049,0.532280730215671,0.803378292215596,0.979586503265326,0.966225769297085,0.764142876647635,0.532280730215671
56.4347028919077,0.532280730215671,0.803376002707891,0.979553909277197,0.966316685127908,0.764312754280019,0.532280730215671
56.4447037253104,0.532280730215671,0.803373748242332,0.979521410546864,0.966407201264677,0.764482208329702,0.532280730215671
56.4547045587132,0.532280730215671,0.803371528440063,0.979489007283226,0.966497318295493,0.76465123681463,0.532280730215671
56.464705392116,0.532280730215671,0.803369342923242,0.979456699692426,0.966587036814658,0.764819837765276,0.532280730215671
56.4747062255188,0.532280730215671,0.803367191315044,0.979424487977864,0.966676357422579,0.764988009224665,0.532280730215671
56.4847070589216,0.532280730215671,0.803365073239693,0.979392372340217,0.966765280725682,0.765155749248395,0.532280730215671
56.4947078923244,0.532280730215671,0.803362988322465,0.979360352977438,0.966853807336333,0.765323055904696,0.532280730215671
56.5047087257271,0.532280730215671,0.803360936189693,0.979328430084769,0.966941937872768,0.765489927274482,0.532280730215671
56.5147095591299,0.532280730215671,0.803358916468795,0.979296603854737,0.967029672959024,0.765656361451423,0.532280730215671
56.5247103925327,0.532280730215671,0.803356928788264,0.979264874477161,0.967117013224896,0.765822356542041,0.532280730215671
56.5347112259355,0.532280730215671,0.803354972777689,0.979233242139141,0.967203959305883,0.765987910665815,0.532280730215671
56.5447120593383,0.532280730215671,0.803353048067755,0.979201707025058,0.967290511843147,0.76615302195528,0.532280730215671
56.5547128927411,0.532280730215671,0.803351154290253,0.979170269316562,0.967376671483482,0.766317688556174,0.532280730215671
56.5647137261438,0.532280730215671,0.803349291078085,0.979138929192562,0.967462438879281,0.76648190862755,0.532280730215671
56.5747145595466,0.532280730215671,0.803347458065264,0.979107686829216,0.967547814688527,0.766645680341949,0.532280730215671
56.5847153929494,0.532280730215671,0.80334565488693,0.979076542399912,0.967632799574756,0.766809001885543,0.532280730215671
56.5947162263522,0.532280730215671,0.803343881179343,0.979045496075254,0.967717394207063,0.766971871458302,0.532280730215671
56.604717059755,0.532280730215671,0.803342136579895,0.979014548023046,0.967801599260081,0.767134287274169,0.532280730215671
56.6147178931578,0.532280730215671,0.803340420727108,0.978983698408266,0.967885415413983,0.767296247561243,0.532280730215671
56.6247187265605,0.532280730215671,0.803338733260646,0.978952947393056,0.967968843354474,0.767457750561961,0.532280730215671
56.6347195599633,0.532280730215671,0.803337073821314,0.978922295136689,0.968051883772795,0.76761879453329,0.532280730215671
56.6447203933661,0.532280730215671,0.803335442051063,0.97889174179556,0.968134537365722,0.767779377746924,0.532280730215671
56.6547212267689,0.532280730215671,0.803333837593,0.978861287523149,0.96821680483557,0.767939498489481,0.532280730215671
56.6647220601717,0.532280730215671,0.80333226009139,0.978830932470016,0.968298686890199,0.768099155062696,0.532280730215671
56.6747228935745,0.532280730215671,0.803330709191664,0.978800676783764,0.968380184243016,0.768258345783637,0.532280730215671
56.6847237269772,0.532280730215671,0.803329184540421,0.978770520609023,0.968461297612975,0.768417068984888,0.532280730215671
56.69472456038,0.532280730215671,0.803327685785443,0.978740464087427,0.968542027724587,0.768575323014757,0.532280730215671
56.7047253937828,0.532280730215671,0.803326212575701,0.978710507357595,0.968622375307922,0.768733106237478,0.532280730215671
56.7147262271856,0.532280730215671,0.803324764561361,0.978680650555108,0.968702341098601,0.768890417033396,0.532280730215671
56.7247270605884,0.532280730215671,0.803323341393797,0.978650893812488,0.968781925837802,0.769047253799163,0.532280730215671
56.7347278939912,0.532280730215671,0.803321942725601,0.978621237259186,0.968861130272254,0.769203614947928,0.532280730215671
56.7447287273939,0.532280730215671,0.803320568210596,0.978591681021557,0.968939955154232,0.769359498909514,0.532280730215671
56.7547295607967,0.532280730215671,0.803319217503855,0.978562225222847,0.969018401241546,0.769514904130596,0.532280730215671
56.7647303941995,0.532280730215671,0.803317890261689,0.97853286998318,0.969096469297533,0.769669829074875,0.532280730215671
56.7747312276023,0.532280730215671,0.803316586141698,0.978503615419546,0.969174160091029,0.769824272223226,0.532280730215671
56.7847320610051,0.532280730215671,0.80331530480276,0.978474461645786,0.969251474396367,0.769978232073881,0.532280730215671
56.7947328944079,0.532280730215671,0.803314045905058,0.978445408772582,0.96932841299334,0.770131707142545,0.532280730215671
56.8047337278106,0.532280730215671,0.803312809110096,0.978416456907453,0.969404976667178,0.770284695962557,0.532280730215671
56.8147345612134,0.532280730215671,0.803311594080722,0.97838760615475,0.969481166208521,0.770437197085007,0.532280730215671
56.8247353946162,0.532280730215671,0.803310400481129,0.978358856615645,0.969556982413376,0.770589209078875,0.532280730215671
56.834736228019,0.532280730215671,0.803309227976899,0.978330208388138,0.969632426083083,0.770740730531117,0.532280730215671
56.8447370614218,0.532280730215671,0.803308076235009,0.978301661567048,0.969707498024273,0.770891760046794,0.532280730215671
56.8547378948246,0.532280730215671,0.803306944923857,0.978273216244023,0.969782199048814,0.771042296249153,0.532280730215671
56.8647387282274,0.532280730215671,0.803305833713285,0.978244872507537,0.969856529973764,0.771192337779715,0.532280730215671
56.8747395616301,0.532280730215671,0.803304742274593,0.9782166304429,0.969930491621312,0.771341883298335,0.532280730215671
56.8847403950329,0.532280730215671,0.80330367028058,0.978188490132264,0.970004084818719,0.771490931483291,0.532280730215671
56.8947412284357,0.532280730215671,0.803302617405544,0.978160451654631,0.970077310398259,0.771639481031327,0.532280730215671
56.9047420618385,0.532280730215671,0.803301583325334,0.978132515085865,0.970150169197146,0.771787530657698,0.532280730215671
56.9147428952413,0.532280730215671,0.803300567717353,0.978104680498706,0.970222662057467,0.771935079096216,0.532280730215671
56.9247437286441,0.532280730215671,0.803299570260588,0.978076947962785,0.970294789826105,0.772082125099275,0.532280730215671
56.9347445620468,0.532280730215671,0.803298590635641,0.978049317544634,0.970366553354664,0.772228667437874,0.532280730215671
56.9447453954496,0.532280730215671,0.803297628524752,0.978021789307709,0.970437953499393,0.772374704901627,0.532280730215671
56.9547462288524,0.532280730215671,0.803296683611817,0.977994363312407,0.970508991121095,0.772520236298772,0.532280730215671
56.9647470622552,0.532280730215671,0.803295755582431,0.977967039616087,0.970579667085052,0.77266526045618,0.532280730215671
56.974747895658,0.532280730215671,0.803294844123896,0.977939818273088,0.970649982260928,0.772809776219319,0.532280730215671
56.9847487290608,0.532280730215671,0.803293948925255,0.977912699334752,0.970719937522692,0.77295378245227,0.532280730215671
56.9947495624635,0.532280730215671,0.803293069677313,0.977885682849448,0.97078953374852,0.7730972780377,0.532280730215671
57.0047503958663,0.532280730215671,0.803292206072664,0.977858768862599,0.970858771820702,0.773240261876824,0.532280730215671
57.0147512292691,0.532280730215671,0.803291357805724,0.977831957416697,0.970927652625557,0.773382732889386,0.532280730215671
57.0247520626719,0.532280730215671,0.803290524572738,0.977805248551337,0.970996177053336,0.773524690013637,0.532280730215671
57.0347528960747,0.532280730215671,0.803289706071819,0.977778642303236,0.971064345998128,0.773666132206271,0.532280730215671
57.0447537294775,0.532280730215671,0.80328890200297,0.977752138706265,0.971132160357764,0.773807058442401,0.532280730215671
57.0547545628802,0.532280730215671,0.803288112068095,0.977725737791469,0.97119962103373,0.773947467715523,0.532280730215671
57.064755396283,0.532280730215671,0.80328733597104,0.977699439587096,0.971266728931066,0.77408735903745,0.532280730215671
57.0747562296858,0.532280730215671,0.803286573417596,0.977673244118623,0.971333484958276,0.774226731438286,0.532280730215671
57.0847570630886,0.532280730215671,0.803285824115535,0.977647151408778,0.971399890027243,0.774365583966371,0.532280730215671
57.0947578964914,0.532280730215671,0.80328508777463,0.977621161477575,0.971465945053122,0.77450391568822,0.532280730215671
57.1047587298942,0.532280730215671,0.803284364106656,0.977595274342325,0.971531650954266,0.774641725688499,0.532280730215671
57.1147595632969,0.532280730215671,0.803283652825441,0.977569490017675,0.971597008652129,0.774779013069958,0.532280730215671
57.1247603966997,0.532280730215671,0.803282953646853,0.977543808515624,0.971662019071181,0.774915776953394,0.532280730215671
57.1347612301025,0.532280730215671,0.80328226628884,0.977518229845552,0.971726683138825,0.775052016477596,0.532280730215671
57.1447620635053,0.532280730215671,0.803281590471436,0.977492754014235,0.97179100178531,0.775187730799309,0.532280730215671
57.1547628969081,0.532280730215671,0.803280925916782,0.977467381025879,0.971854975943654,0.775322919093187,0.532280730215671
57.1647637303109,0.532280730215671,0.803280272349138,0.977442110882131,0.971918606549564,0.775457580551747,0.532280730215671
57.1747645637136,0.532280730215671,0.803279629494903,0.97741694358211,0.971981894541358,0.775591714385337,0.532280730215671
57.1847653971164,0.532280730215671,0.803278997082621,0.977391879122416,0.972044840859893,0.775725319822105,0.532280730215671
57.1947662305192,0.532280730215671,0.803278374843,0.977366917497158,0.972107446448491,0.775858396107951,0.532280730215671
57.204767063922,0.532280730215671,0.803277762508927,0.97734205869797,0.972169712252875,0.775990942506511,0.532280730215671
57.2147678973248,0.532280730215671,0.803277159815472,0.977317302714029,0.972231639221095,0.776122958299115,0.532280730215671
57.2247687307276,0.532280730215671,0.803276566499901,0.977292649532065,0.972293228303473,0.776254442784791,0.532280730215671
57.2347695641303,0.532280730215671,0.803275982301693,0.977268099136388,0.972354480452533,0.776385395280212,0.532280730215671
57.2447703975331,0.532280730215671,0.803275406962545,0.977243651508892,0.972415396622948,0.776515815119698,0.532280730215671
57.2547712309359,0.532280730215671,0.803274840226369,0.977219306629073,0.972475977771486,0.776645701655202,0.532280730215671
57.2647720643387,0.532280730215671,0.80327428183933,0.977195064474045,0.972536224856947,0.776775054256293,0.532280730215671
57.2747728977415,0.532280730215671,0.803273731549822,0.977170925018542,0.972596138840125,0.776903872310159,0.532280730215671
57.2847737311443,0.532280730215671,0.803273189108489,0.977146888234939,0.972655720683747,0.777032155221594,0.532280730215671
57.294774564547,0.532280730215671,0.803272654268242,0.977122954093257,0.972714971352438,0.777159902412996,0.532280730215671
57.3047753979498,0.532280730215671,0.803272126784239,0.97709912256117,0.97277389181267,0.77728711332439,0.532280730215671
57.3147762313526,0.532280730215671,0.803271606413916,0.977075393604022,0.97283248303272,0.777413787413413,0.532280730215671
57.3247770647554,0.532280730215671,0.803271092916983,0.977051767184821,0.972890745982638,0.777539924155331,0.532280730215671
57.3347778981582,0.532280730215671,0.80327058605542,0.977028243264258,0.972948681634203,0.777665523043059,0.532280730215671
57.344778731561,0.532280730215671,0.803270085593498,0.977004821800707,0.973006290960889,0.77779058358715,0.532280730215671
57.3547795649637,0.532280730215671,0.803269591297765,0.976981502750229,0.973063574937834,0.77791510531585,0.532280730215671
57.3647803983665,0.532280730215671,0.803269102937066,0.976958286066584,0.973120534541803,0.778039087775081,0.532280730215671
57.3747812317693,0.532280730215671,0.803268620282537,0.976935171701228,0.973177170751162,0.778162530528475,0.532280730215671
57.3847820651721,0.532280730215671,0.803268143107614,0.976912159603324,0.973233484545847,0.778285433157402,0.532280730215671
57.3947828985749,0.532280730215671,0.803267671188032,0.976889249719734,0.973289476907341,0.778407795260984,0.532280730215671
57.4047837319777,0.532280730215671,0.803267204301825,0.976866441995038,0.973345148818635,0.77852961645612,0.532280730215671
57.4147845653805,0.532280730215671,0.803266742229343,0.976843736371525,0.973400501264218,0.778650896377515,0.532280730215671
57.4247853987832,0.532280730215671,0.803266284753232,0.976821132789199,0.97345553523004,0.778771634677701,0.532280730215671
57.434786232186,0.532280730215671,0.803265831658463,0.976798631185787,0.973510251703496,0.778891831027066,0.532280730215671
57.4447870655888,0.532280730215671,0.803265382732313,0.976776231496731,0.973564651673398,0.779011485113883,0.532280730215671
57.4547878989916,0.532280730215671,0.803264937764378,0.9767539336552,0.973618736129955,0.779130596644315,0.532280730215671
57.4647887323944,0.532280730215671,0.803264496546578,0.976731737592089,0.973672506064748,0.779249165342468,0.532280730215671
57.4747895657972,0.532280730215671,0.803264058873154,0.976709643236022,0.973725962470709,0.779367190950394,0.532280730215671
57.4847903991999,0.532280730215671,0.80326362454067,0.976687650513354,0.973779106342102,0.779484673228125,0.532280730215671
57.4947912326027,0.532280730215671,0.803263193348024,0.976665759348174,0.973831938674497,0.779601611953685,0.532280730215671
57.5047920660055,0.532280730215671,0.803262765096443,0.976643969662309,0.973884460464748,0.779718006923118,0.532280730215671
57.5147928994083,0.532280730215671,0.803262339589491,0.976622281375329,0.973936672710973,0.779833857950504,0.532280730215671
57.5247937328111,0.532280730215671,0.803261916633067,0.976600694404548,0.973988576412531,0.779949164867958,0.532280730215671
57.5347945662139,0.532280730215671,0.803261496035418,0.976579208665029,0.974040172569998,0.780063927525683,0.532280730215671
57.5447953996166,0.532280730215671,0.803261077607129,0.976557824069589,0.974091462185148,0.780178145791941,0.532280730215671
57.5547962330194,0.532280730215671,0.803260661161138,0.976536540528803,0.974142446260925,0.780291819553087,0.532280730215671
57.5647970664222,0.532280730215671,0.803260246512731,0.97651535795101,0.974193125801421,0.780404948713564,0.532280730215671
57.574797899825,0.532280730215671,0.80325983347956,0.976494276242321,0.97424350181185,0.780517533195908,0.532280730215671
57.5847987332278,0.532280730215671,0.80325942188163,0.976473295306622,0.974293575298528,0.780629572940759,0.532280730215671
57.5947995666306,0.532280730215671,0.803259011541308,0.976452415045578,0.974343347268839,0.780741067906846,0.532280730215671
57.6048004000333,0.532280730215671,0.803258602283341,0.976431635358648,0.97439281873122,0.780852018070987,0.532280730215671
57.6148012334361,0.532280730215671,0.803258193934836,0.976410956143091,0.974441990695118,0.78096242342808,0.532280730215671
57.6248020668389,0.532280730215671,0.803257786325287,0.976390377293966,0.974490864170983,0.781072283991107,0.532280730215671
57.6348029002417,0.532280730215671,0.803257379286566,0.976369898704153,0.97453944017022,0.781181599791091,0.532280730215671
57.6448037336445,0.532280730215671,0.80325697265293,0.97634952026435,0.974587719705174,0.781290370877107,0.532280730215671
57.6548045670473,0.532280730215671,0.803256566261028,0.976329241863093,0.974635703789094,0.781398597316244,0.532280730215671
57.66480540045,0.532280730215671,0.803256159949913,0.976309063386762,0.974683393436104,0.781506279193579,0.532280730215671
57.6748062338528,0.532280730215671,0.803255753561024,0.976288984719591,0.974730789661174,0.78161341661218,0.532280730215671
57.6848070672556,0.532280730215671,0.803255346938218,0.976269005743679,0.974777893480087,0.781720009693031,0.532280730215671
57.6948079006584,0.532280730215671,0.803254939927751,0.976249126339005,0.974824705909408,0.781826058575045,0.532280730215671
57.7048087340612,0.532280730215671,0.803254532378297,0.976229346383435,0.974871227966452,0.781931563414995,0.532280730215671
57.714809567464,0.532280730215671,0.803254124140956,0.976209665752739,0.974917460669251,0.782036524387502,0.532280730215671
57.7248104008667,0.532280730215671,0.803253715069239,0.976190084320601,0.97496340503652,0.782140941684969,0.532280730215671
57.7348112342695,0.532280730215671,0.803253305019096,0.976170601958636,0.975009062087623,0.782244815517553,0.532280730215671
57.7448120676723,0.532280730215671,0.803252893848897,0.976151218536394,0.975054432842547,0.782348146113126,0.532280730215671
57.7548129010751,0.532280730215671,0.803252481419458,0.976131933921387,0.975099518321855,0.782450933717214,0.532280730215671
57.7648137344779,0.532280730215671,0.803252067594028,0.976112747979093,0.975144319546663,0.782553178592951,0.532280730215671
57.7748145678807,0.532280730215671,0.803251652238302,0.976093660572975,0.9751888375386,0.782654881021029,0.532280730215671
57.7848154012834,0.532280730215671,0.803251235220423,0.976074671564492,0.975233073319775,0.782756041299639,0.532280730215671
57.7948162346862,0.532280730215671,0.803250816410984,0.976055780813117,0.975277027912744,0.782856659744425,0.532280730215671
57.804817068089,0.532280730215671,0.803250395683033,0.976036988176355,0.975320702340473,0.782956736688405,0.532280730215671
57.8148179014918,0.532280730215671,0.803249972912074,0.976018293509744,0.975364097626307,0.783056272481948,0.532280730215671
57.8248187348946,0.532280730215671,0.803249547976067,0.975999696666887,0.975407214793935,0.783155267492676,0.532280730215671
57.8348195682974,0.532280730215671,0.803249120755437,0.975981197499458,0.975450054867356,0.783253722105428,0.532280730215671
57.8448204017001,0.532280730215671,0.803248691133071,0.975962795857214,0.975492618870846,0.783351636722181,0.532280730215671
57.8548212351029,0.532280730215671,0.803248258994326,0.975944491588019,0.975534907828921,0.783449011761997,0.532280730215671
57.8648220685057,0.532280730215671,0.803247824227018,0.975926284537855,0.975576922766313,0.783545847660958,0.532280730215671
57.8748229019085,0.532280730215671,0.803247386721439,0.975908174550832,0.975618664707929,0.783642144872085,0.532280730215671
57.8848237353113,0.532280730215671,0.803246946370348,0.975890161469212,0.975660134678824,0.783737903865291,0.532280730215671
57.8948245687141,0.532280730215671,0.803246503068973,0.975872245133416,0.975701333704168,0.783833125127308,0.532280730215671
57.9048254021168,0.532280730215671,0.80324605671501,0.975854425382044,0.975742262809217,0.783927809161615,0.532280730215671
57.9148262355196,0.532280730215671,0.80324560720863,0.975836702051885,0.975782923019282,0.784021956488374,0.532280730215671
57.9248270689224,0.532280730215671,0.803245154452473,0.975819074977933,0.975823315359698,0.784115567644366,0.532280730215671
57.9348279023252,0.532280730215671,0.803244698351641,0.975801543993405,0.975863440855796,0.784208643182918,0.532280730215671
57.944828735728,0.532280730215671,0.80324423881371,0.975784108929749,0.97590330053288,0.78430118367384,0.532280730215671
57.9548295691308,0.532280730215671,0.803243775748725,0.975766769616662,0.975942895416191,0.784393189703351,0.532280730215671
57.9648304025335,0.532280730215671,0.803243309069186,0.9757495258821,0.975982226530885,0.78448466187402,0.532280730215671
57.9748312359363,0.532280730215671,0.803242838690065,0.975732377552294,0.976021294902008,0.784575600804689,0.532280730215671
57.9848320693391,0.532280730215671,0.803242364528789,0.975715324451763,0.976060101554469,0.784666007130418,0.532280730215671
57.9948329027419,0.532280730215671,0.803241886505243,0.975698366403327,0.976098647513019,0.784755881502401,0.532280730215671
58.0048337361447,0.532280730215671,0.80324140454176,0.975681503228114,0.976136933802221,0.784845224587914,0.532280730215671
58.0148345695475,0.532280730215671,0.803240918563135,0.975664734745584,0.976174961446433,0.784934037070245,0.532280730215671
58.0248354029502,0.532280730215671,0.803240428496605,0.975648060773529,0.976212731469781,0.785022319648626,0.532280730215671
58.034836236353,0.532280730215671,0.803239934271848,0.975631481128094,0.976250244896144,0.785110073038156,0.532280730215671
58.0448370697558,0.532280730215671,0.803239435820981,0.975614995623781,0.976287502749129,0.785197297969769,0.532280730215671
58.0548379031586,0.532280730215671,0.803238933078558,0.975598604073469,0.976324506052048,0.785283995190124,0.532280730215671
58.0648387365614,0.532280730215671,0.803238425981553,0.975582306288415,0.976361255827912,0.785370165461584,0.532280730215671
58.0748395699642,0.532280730215671,0.803237914469379,0.975566102078275,0.976397753099393,0.78545580956211,0.532280730215671
58.0848404033669,0.532280730215671,0.803237398483857,0.975549991251112,0.976433998888823,0.785540928285226,0.532280730215671
58.0948412367697,0.532280730215671,0.80323687796922,0.975533973613399,0.97646999421817,0.785625522439951,0.532280730215671
58.1048420701725,0.532280730215671,0.803236352872115,0.975518048970038,0.976505740109022,0.785709592850725,0.532280730215671
58.1148429035753,0.532280730215671,0.803235823141584,0.975502217124372,0.976541237582569,0.785793140357343,0.532280730215671
58.1248437369781,0.532280730215671,0.803235288729071,0.975486477878186,0.976576487659592,0.785876165814907,0.532280730215671
58.1348445703809,0.532280730215671,0.803234749588399,0.975470831031722,0.976611491360447,0.785958670093746,0.532280730215671
58.1448454037836,0.532280730215671,0.803234205675782,0.975455276383694,0.976646249705049,0.786040654079366,0.532280730215671
58.1548462371864,0.532280730215671,0.803233656949802,0.975439813731285,0.976680763712857,0.786122118672377,0.532280730215671
58.1648470705892,0.532280730215671,0.803233103371416,0.975424442870172,0.976715034402868,0.786203064788425,0.532280730215671
58.174847903992,0.532280730215671,0.803232544903932,0.975409163594523,0.976749062793594,0.786283493358141,0.532280730215671
58.1848487373948,0.532280730215671,0.803231981513024,0.975393975697014,0.976782849903056,0.786363405327066,0.532280730215671
58.1948495707976,0.532280730215671,0.803231413166709,0.975378878968835,0.976816396748774,0.786442801655597,0.532280730215671
58.2048504042004,0.532280730215671,0.803230839835332,0.975363873199699,0.976849704347747,0.786521683318904,0.532280730215671
58.2148512376031,0.532280730215671,0.803230261491587,0.975348958177857,0.976882773716448,0.786600051306883,0.532280730215671
58.2248520710059,0.532280730215671,0.803229678110479,0.975334133690097,0.97691560587081,0.786677906624083,0.532280730215671
58.2348529044087,0.532280730215671,0.803229089669336,0.975319399521767,0.976948201826216,0.786755250289632,0.532280730215671
58.2448537378115,0.532280730215671,0.803228496147793,0.975304755456772,0.976980562597488,0.786832083337183,0.532280730215671
58.2548545712143,0.532280730215671,0.803227897527782,0.975290201277593,0.977012689198876,0.786908406814831,0.532280730215671
58.2648554046171,0.532280730215671,0.803227293793531,0.975275736765287,0.977044582644049,0.786984221785071,0.532280730215671
58.2748562380198,0.532280730215671,0.803226684931557,0.975261361699509,0.977076243946081,0.787059529324688,0.532280730215671
58.2848570714226,0.532280730215671,0.803226070930639,0.975247075858508,0.977107674117444,0.787134330524722,0.532280730215671
58.2948579048254,0.532280730215671,0.803225451781841,0.975232879019147,0.977138874169999,0.787208626490392,0.532280730215671
58.3048587382282,0.532280730215671,0.803224827478477,0.97521877095691,0.97716984511498,0.787282418341002,0.532280730215671
58.314859571631,0.532280730215671,0.803224198016121,0.97520475144591,0.977200587962987,0.787355707209891,0.532280730215671
58.3248604050338,0.532280730215671,0.80322356339258,0.975190820258901,0.97723110372398,0.78742849424435,0.532280730215671
58.3348612384365,0.532280730215671,0.803222923607905,0.975176977167288,0.977261393407263,0.787500780605549,0.532280730215671
58.3448620718393,0.532280730215671,0.803222278664376,0.975163221941137,0.977291458021474,0.787572567468466,0.532280730215671
58.3548629052421,0.532280730215671,0.803221628566483,0.975149554349188,0.97732129857458,0.78764385602179,0.532280730215671
58.3648637386449,0.532280730215671,0.803220973320929,0.975135974158856,0.977350916073864,0.787714647467875,0.532280730215671
58.3748645720477,0.532280730215671,0.803220312936626,0.975122481136258,0.977380311525908,0.787784943022635,0.532280730215671
58.3848654054505,0.532280730215671,0.80321964742467,0.975109075046208,0.977409485936596,0.787854743915479,0.532280730215671
58.3948662388532,0.532280730215671,0.803218976798353,0.97509575565224,0.97743844031109,0.787924051389213,0.532280730215671
58.404867072256,0.532280730215671,0.803218301073129,0.97508252271661,0.977467175653831,0.787992866699981,0.532280730215671
58.4148679056588,0.532280730215671,0.803217620266633,0.975069376000313,0.97749569296852,0.788061191117161,0.532280730215671
58.4248687390616,0.532280730215671,0.803216934398653,0.975056315263095,0.977523993258113,0.788129025923292,0.532280730215671
58.4348695724644,0.532280730215671,0.80321624349113,0.975043340263458,0.977552077524804,0.788196372413984,0.532280730215671
58.4448704058672,0.532280730215671,0.80321554756814,0.97503045075868,0.977579946770021,0.788263231897834,0.532280730215671
58.4548712392699,0.532280730215671,0.803214846655901,0.975017646504819,0.977607601994413,0.788329605696336,0.532280730215671
58.4648720726727,0.532280730215671,0.80321414078275,0.975004927256735,0.977635044197832,0.788395495143791,0.532280730215671
58.4748729060755,0.532280730215671,0.803213429979136,0.974992292768089,0.977662274379335,0.788460901587223,0.532280730215671
58.4848737394783,0.532280730215671,0.803212714277623,0.974979742791367,0.977689293537161,0.788525826386275,0.532280730215671
58.4948745728811,0.532280730215671,0.803211993712859,0.974967277077883,0.977716102668727,0.78859027091314,0.532280730215671
58.5048754062839,0.532280730215671,0.803211268321594,0.974954895377803,0.977742702770613,0.788654236552439,0.532280730215671
58.5148762396866,0.532280730215671,0.803210538142644,0.974942597440145,0.97776909483855,0.788717724701148,0.532280730215671
58.5248770730894,0.532280730215671,0.803209803216899,0.974930383012797,0.977795279867416,0.788780736768501,0.532280730215671
58.5348779064922,0.532280730215671,0.80320906358731,0.974918251842534,0.977821258851214,0.788843274175886,0.532280730215671
58.544878739895,0.532280730215671,0.803208319298874,0.974906203675021,0.977847032783068,0.788905338356757,0.532280730215671
58.5548795732978,0.532280730215671,0.80320757039863,0.974894238254839,0.977872602655208,0.788966930756531,0.532280730215671
58.5648804067006,0.532280730215671,0.803206816935645,0.974882355325482,0.977897969458961,0.789028052832492,0.532280730215671
58.5748812401033,0.532280730215671,0.803206058961015,0.974870554629383,0.977923134184737,0.789088706053689,0.532280730215671
58.5848820735061,0.532280730215671,0.803205296527831,0.974858835907923,0.977948097822021,0.789148891900845,0.532280730215671
58.5948829069089,0.532280730215671,0.8032045296912,0.974847198901443,0.977972861359356,0.789208611866239,0.532280730215671
58.6048837403117,0.532280730215671,0.803203758508211,0.974835643349256,0.977997425784337,0.789267867453625,0.532280730215671
58.6148845737145,0.532280730215671,0.80320298303793,0.974824168989665,0.978021792083599,0.789326660178123,0.532280730215671
58.6248854071173,0.532280730215671,0.803202203341399,0.974812775559972,0.978045961242798,0.789384991566113,0.532280730215671
58.63488624052,0.532280730215671,0.803201419481609,0.97480146279649,0.978069934246615,0.789442863155126,0.532280730215671
58.6448870739228,0.532280730215671,0.80320063152351,0.974790230434564,0.978093712078728,0.789500276493765,0.532280730215671
58.6548879073256,0.532280730215671,0.80319983953398,0.974779078208573,0.97811729572181,0.789557233141569,0.532280730215671
58.6648887407284,0.532280730215671,0.803199043581827,0.974768005851956,0.978140686157516,0.789613734668932,0.532280730215671
58.6748895741312,0.532280730215671,0.803198243737771,0.974757013097211,0.978163884366474,0.789669782656991,0.532280730215671
58.684890407534,0.532280730215671,0.803197440074438,0.974746099675925,0.978186891328267,0.789725378697509,0.532280730215671
58.6948912409367,0.532280730215671,0.803196632666344,0.97473526531877,0.978209708021433,0.789780524392794,0.532280730215671
58.7048920743395,0.532280730215671,0.803195821589882,0.97472450975553,0.978232335423441,0.789835221355563,0.532280730215671
58.7148929077423,0.532280730215671,0.803195006923318,0.974713832715108,0.978254774510692,0.789889471208859,0.532280730215671
58.7248937411451,0.532280730215671,0.803194188746776,0.974703233925538,0.9782770262585,0.789943275585931,0.532280730215671
58.7348945745479,0.532280730215671,0.803193367142215,0.974692713114002,0.978299091641086,0.789996636130139,0.532280730215671
58.7448954079507,0.532280730215671,0.803192542193438,0.974682270006843,0.978320971631565,0.790049554494821,0.532280730215671
58.7548962413534,0.532280730215671,0.803191713986064,0.974671904329579,0.978342667201934,0.790102032343216,0.532280730215671
58.7648970747562,0.532280730215671,0.803190882607517,0.974661615806907,0.978364179323068,0.79015407134833,0.532280730215671
58.774897908159,0.532280730215671,0.803190048147018,0.974651404162732,0.978385508964702,0.790205673192839,0.532280730215671
58.7848987415618,0.532280730215671,0.803189210695575,0.974641269120168,0.978406657095424,0.790256839568987,0.532280730215671
58.7948995749646,0.532280730215671,0.803188370345962,0.974631210401558,0.978427624682662,0.790307572178452,0.532280730215671
58.8049004083674,0.532280730215671,0.80318752719271,0.974621227728481,0.97844841269268,0.790357872732258,0.532280730215671
58.8149012417701,0.532280730215671,0.803186681332095,0.974611320821771,0.978469022090561,0.790407742950665,0.532280730215671
58.8249020751729,0.532280730215671,0.803185832862133,0.974601489401531,0.978489453840197,0.790457184563033,0.532280730215671
58.8349029085757,0.532280730215671,0.803184981882543,0.974591733187138,0.978509708904286,0.790506199307751,0.532280730215671
58.8449037419785,0.532280730215671,0.803184128494762,0.974582051897265,0.978529788244314,0.790554788932084,0.532280730215671
58.8549045753813,0.532280730215671,0.803183272801912,0.974572445249889,0.978549692820548,0.790602955192094,0.532280730215671
58.8649054087841,0.532280730215671,0.803182414908802,0.974562912962311,0.978569423592024,0.790650699852506,0.532280730215671
58.8749062421868,0.532280730215671,0.803181554921894,0.974553454751159,0.97858898151654,0.790698024686612,0.532280730215671
58.8849070755896,0.532280730215671,0.803180692949311,0.97454407033241,0.978608367550647,0.790744931476145,0.532280730215671
58.8949079089924,0.532280730215671,0.803179829100809,0.974534759421399,0.978627582649628,0.790791422011174,0.532280730215671
58.9049087423952,0.532280730215671,0.803178963487778,0.974525521732837,0.978646627767501,0.790837498089987,0.532280730215671
58.914909575798,0.532280730215671,0.803178096223204,0.974516356980817,0.978665503857003,0.790883161518979,0.532280730215671
58.9249104092008,0.532280730215671,0.803177227421682,0.974507264878831,0.978684211869578,0.790928414112536,0.532280730215671
58.9349112426035,0.532280730215671,0.803176357199386,0.97449824513979,0.978702752755372,0.790973257692919,0.532280730215671
58.9449120760063,0.532280730215671,0.803175485674056,0.974489297476028,0.978721127463212,0.791017694090154,0.532280730215671
58.9549129094091,0.532280730215671,0.803174612964995,0.974480421599318,0.97873933694061,0.791061725141917,0.532280730215671
58.9649137428119,0.532280730215671,0.803173739193043,0.974471617220888,0.978757382133741,0.791105352693401,0.532280730215671
58.9749145762147,0.532280730215671,0.803172864480565,0.974462884051435,0.978775263987435,0.791148578597225,0.532280730215671
58.9849154096175,0.532280730215671,0.803171988951445,0.974454221801133,0.978792983445171,0.791191404713303,0.532280730215671
58.9949162430202,0.532280730215671,0.803171112731064,0.974445630179657,0.978810541449059,0.791233832908727,0.532280730215671
59.004917076423,0.532280730215671,0.803170235946283,0.974437108896188,0.978827938939834,0.791275865057648,0.532280730215671
59.0149179098258,0.532280730215671,0.803169358725444,0.974428657659429,0.97884517685684,0.791317503041162,0.532280730215671
59.0249187432286,0.532280730215671,0.803168481198337,0.97442027617762,0.978862256138026,0.791358748747187,0.532280730215671
59.0349195766314,0.532280730215671,0.803167603496202,0.974411964158556,0.978879177719925,0.791399604070352,0.532280730215671
59.0449204100342,0.532280730215671,0.803166725751705,0.974403721309591,0.978895942537653,0.79144007091186,0.532280730215671
59.054921243437,0.532280730215671,0.803165848098926,0.974395547337662,0.978912551524887,0.791480151179389,0.532280730215671
59.0649220768397,0.532280730215671,0.803164970673343,0.974387441949301,0.978929005613858,0.791519846786953,0.532280730215671
59.0749229102425,0.532280730215671,0.803164093611825,0.974379404850645,0.978945305735342,0.791559159654791,0.532280730215671
59.0849237436453,0.532280730215671,0.803163217052604,0.974371435747456,0.978961452818639,0.791598091709239,0.532280730215671
59.0949245770481,0.532280730215671,0.803162341135282,0.974363534345132,0.978977447791567,0.79163664488261,0.532280730215671
59.1049254104509,0.532280730215671,0.803161466000798,0.974355700348725,0.978993291580449,0.791674821113065,0.532280730215671
59.1149262438537,0.532280730215671,0.803160591791411,0.974347933462951,0.979008985110098,0.791712622344503,0.532280730215671
59.1249270772564,0.532280730215671,0.803159718650714,0.974340233392207,0.979024529303805,0.791750050526425,0.532280730215671
59.1349279106592,0.532280730215671,0.803158846723583,0.974332599840592,0.97903992508332,0.791787107613805,0.532280730215671
59.144928744062,0.532280730215671,0.803157976156188,0.974325032511911,0.979055173368851,0.79182379556698,0.532280730215671
59.1549295774648,0.532280730215671,0.80315710709597,0.974317531109698,0.979070275079036,0.791860116351502,0.532280730215671
59.1649304108676,0.532280730215671,0.803156239691627,0.97431009533723,0.979085231130941,0.79189607193804,0.532280730215671
59.1749312442704,0.532280730215671,0.803155374093099,0.97430272489754,0.979100042440034,0.791931664302223,0.532280730215671
59.1849320776731,0.532280730215671,0.803154510451554,0.974295419493436,0.97911470992018,0.791966895424528,0.532280730215671
59.1949329110759,0.532280730215671,0.80315364891938,0.97428817882751,0.979129234483623,0.79200176729015,0.532280730215671
59.2049337444787,0.532280730215671,0.803152789650154,0.974281002602162,0.97914361704097,0.792036281888878,0.532280730215671
59.2149345778815,0.532280730215671,0.803151932798652,0.974273890519612,0.979157858501174,0.792070441214942,0.532280730215671
59.2249354112843,0.532280730215671,0.803151078520813,0.974266842281914,0.979171959771524,0.792104247266916,0.532280730215671
59.2349362446871,0.532280730215671,0.803150226973732,0.974259857590975,0.979185921757625,0.792137702047555,0.532280730215671
59.2449370780898,0.532280730215671,0.803149378315647,0.974252936148566,0.979199745363382,0.792170807563696,0.532280730215671
59.2549379114926,0.532280730215671,0.80314853270593,0.974246077656347,0.979213431490986,0.792203565826088,0.532280730215671
59.2649387448954,0.532280730215671,0.803147690305058,0.974239281815877,0.979226981040892,0.792235978849296,0.532280730215671
59.2749395782982,0.532280730215671,0.803146851274609,0.974232548328627,0.979240394911811,0.792268048651539,0.532280730215671
59.284940411701,0.532280730215671,0.803146015777252,0.974225876896006,0.979253674000687,0.79229977725458,0.532280730215671
59.2949412451038,0.532280730215671,0.803145183976719,0.97421926721937,0.97926681920268,0.79233116668357,0.532280730215671
59.3049420785065,0.532280730215671,0.803144356037794,0.97421271900004,0.979279831411147,0.792362218966927,0.532280730215671
59.3149429119093,0.532280730215671,0.803143532126315,0.97420623193932,0.979292711517631,0.792392936136198,0.532280730215671
59.3249437453121,0.532280730215671,0.803142712409131,0.974199805738515,0.979305460411832,0.792423320225921,0.532280730215671
59.3349445787149,0.532280730215671,0.803141897054112,0.974193440098946,0.9793180789816,0.792453373273482,0.532280730215671
59.3449454121177,0.532280730215671,0.803141086230124,0.974187134721964,0.979330568112908,0.792483097318996,0.532280730215671
59.3549462455205,0.532280730215671,0.803140280107011,0.974180889308974,0.979342928689837,0.792512494405146,0.532280730215671
59.3649470789232,0.532280730215671,0.803139478855587,0.974174703561448,0.979355161594555,0.792541566577066,0.532280730215671
59.374947912326,0.532280730215671,0.80313868264762,0.974168577180937,0.979367267707298,0.792570315882193,0.532280730215671
59.3849487457288,0.532280730215671,0.803137891655817,0.974162509869103,0.979379247906352,0.792598744370117,0.532280730215671
59.3949495791316,0.532280730215671,0.803137106053803,0.974156501327719,0.979391103068029,0.79262685409246,0.532280730215671
59.4049504125344,0.532280730215671,0.803136326016113,0.9741505512587,0.979402834066649,0.792654647102719,0.532280730215671
59.4149512459372,0.532280730215671,0.803135551718187,0.974144659364113,0.979414441774521,0.792682125456153,0.532280730215671
59.4249520793399,0.532280730215671,0.803134783336323,0.974138825346199,0.979425927061919,0.792709291209595,0.532280730215671
59.4349529127427,0.532280730215671,0.803134021047704,0.974133048907384,0.979437290797063,0.792736146421357,0.532280730215671
59.4449537461455,0.532280730215671,0.803133265030342,0.974127329750304,0.979448533846096,0.792762693151067,0.532280730215671
59.4549545795483,0.532280730215671,0.803132515463101,0.974121667577825,0.979459657073061,0.792788933459511,0.532280730215671
59.4649554129511,0.532280730215671,0.803131772525658,0.974116062093049,0.979470661339883,0.792814869408523,0.532280730215671
59.4749562463539,0.532280730215671,0.803131036398489,0.974110512999344,0.979481547506344,0.79284050306081,0.532280730215671
59.4849570797566,0.532280730215671,0.803130307262869,0.974105020000356,0.979492316430059,0.792865836479831,0.532280730215671
59.4949579131594,0.532280730215671,0.803129585300837,0.974099582800031,0.979502968966456,0.792890871729638,0.532280730215671
59.5049587465622,0.532280730215671,0.803128870695198,0.974094201102626,0.979513505968749,0.792915610874735,0.532280730215671
59.514959579965,0.532280730215671,0.803128163629497,0.974088874612738,0.97952392828792,0.792940055979933,0.532280730215671
59.5249604133678,0.532280730215671,0.803127464288019,0.974083603035315,0.979534236772686,0.792964209110189,0.532280730215671
59.5349612467706,0.532280730215671,0.803126772855744,0.974078386075679,0.979544432269488,0.792988072330498,0.532280730215671
59.5449620801733,0.532280730215671,0.803126089518366,0.974073223439536,0.979554515622453,0.793011647705699,0.532280730215671
59.5549629135761,0.532280730215671,0.80312541446226,0.974068114833008,0.979564487673374,0.793034937300352,0.532280730215671
59.5649637469789,0.532280730215671,0.803124747874469,0.974063059962644,0.97957434926169,0.793057943178589,0.532280730215671
59.5749645803817,0.532280730215671,0.80312408994269,0.974058058535438,0.979584101224454,0.793080667403951,0.532280730215671
59.5849654137845,0.532280730215671,0.803123440855254,0.97405311025885,0.979593744396307,0.79310311203926,0.532280730215671
59.5949662471873,0.532280730215671,0.803122800801123,0.974048214840829,0.979603279609459,0.793125279146455,0.532280730215671
59.6049670805901,0.532280730215671,0.803122169969859,0.974043371989823,0.979612707693651,0.793147170786439,0.532280730215671
59.6149679139928,0.532280730215671,0.803121548551625,0.974038581414809,0.97962202947614,0.79316878901893,0.532280730215671
59.6249687473956,0.532280730215671,0.80312093673716,0.974033842825306,0.979631245781662,0.793190135902321,0.532280730215671
59.6349695807984,0.532280730215671,0.80312033471776,0.974029155931395,0.979640357432413,0.793211213493517,0.532280730215671
59.6449704142012,0.532280730215671,0.803119742685275,0.974024520443742,0.97964936524801,0.793232023847772,0.532280730215671
59.654971247604,0.532280730215671,0.803119160832086,0.974019936073612,0.979658270045475,0.79325256901856,0.532280730215671
59.6649720810068,0.532280730215671,0.803118589351088,0.974015402532897,0.979667072639197,0.793272851057396,0.532280730215671
59.6749729144095,0.532280730215671,0.803118028435682,0.974010919534127,0.97967577384091,0.793292872013707,0.532280730215671
59.6849737478123,0.532280730215671,0.803117478279755,0.974006486790497,0.979684374459656,0.79331263393466,0.532280730215671
59.6949745812151,0.532280730215671,0.803116939077669,0.974002104015887,0.979692875301762,0.793332138864994,0.532280730215671
59.7049754146179,0.532280730215671,0.803116411024232,0.973997770924874,0.979701277170807,0.793351388846912,0.532280730215671
59.7149762480207,0.532280730215671,0.803115894314704,0.973993487232767,0.979709580867588,0.793370385919858,0.532280730215671
59.7249770814235,0.532280730215671,0.80311538914477,0.973989252655611,0.979717787190095,0.793389132120411,0.532280730215671
59.7349779148262,0.532280730215671,0.803114895710522,0.973985066910221,0.979725896933477,0.793407629482113,0.532280730215671
59.744978748229,0.532280730215671,0.803114414208447,0.973980929714196,0.979733910890011,0.793425880035294,0.532280730215671
59.7549795816318,0.532280730215671,0.803113944835423,0.973976840785943,0.979741829849067,0.793443885806937,0.532280730215671
59.7649804150346,0.532280730215671,0.803113487788683,0.973972799844695,0.979749654597081,0.793461648820508,0.532280730215671
59.7749812484374,0.532280730215671,0.803113043265817,0.973968806610534,0.979757385917515,0.793479171095783,0.532280730215671
59.7849820818402,0.532280730215671,0.803112611464748,0.973964860804415,0.979765024590829,0.793496454648708,0.532280730215671
59.7949829152429,0.532280730215671,0.803112192583722,0.973960962148181,0.979772571394446,0.793513501491229,0.532280730215671
59.8049837486457,0.532280730215671,0.803111786821285,0.973957110364589,0.979780027102717,0.793530313631125,0.532280730215671
59.8149845820485,0.532280730215671,0.803111394376283,0.973953305177332,0.979787392486887,0.793546893071852,0.532280730215671
59.8249854154513,0.532280730215671,0.80311101544783,0.97394954631106,0.97979466831506,0.793563241812375,0.532280730215671
59.8349862488541,0.532280730215671,0.803110650235303,0.973945833491401,0.979801855352162,0.793579361847008,0.532280730215671
59.8449870822569,0.532280730215671,0.803110298938325,0.973942166444981,0.97980895435991,0.793595255165241,0.532280730215671
59.8549879156596,0.532280730215671,0.803109961756747,0.973938544899453,0.979815966096768,0.793610923751592,0.532280730215671
59.8649887490624,0.532280730215671,0.803109638890642,0.973934968583512,0.979822891317918,0.793626369585414,0.532280730215671
59.8749895824652,0.532280730215671,0.803109330540274,0.973931437226923,0.979829730775217,0.793641594640757,0.532280730215671
59.884990415868,0.532280730215671,0.803109036906102,0.97392795056054,0.979836485217163,0.793656600886183,0.532280730215671
59.8949912492708,0.532280730215671,0.803108758188753,0.97392450831633,0.979843155388858,0.793671390284597,0.532280730215671
59.9049920826736,0.532280730215671,0.803108494589003,0.973921110227394,0.979849742031964,0.793685964793095,0.532280730215671
59.9149929160763,0.532280730215671,0.803108246307777,0.973917756027994,0.979856245884671,0.793700326362772,0.532280730215671
59.9249937494791,0.532280730215671,0.80310801354612,0.973914445453573,0.979862667681652,0.793714476938577,0.532280730215671
59.9349945828819,0.532280730215671,0.803107796505191,0.973911178240778,0.979869008154027,0.79372841845911,0.532280730215671
59.9449954162847,0.532280730215671,0.80310759538625,0.973907954127488,0.979875268029319,0.79374215285649,0.532280730215671
59.9549962496875,0.532280730215671,0.803107410390629,0.973904772852828,0.97988144803142,0.793755682056149,0.532280730215671
59.9649970830903,0.532280730215671,0.803107241719729,0.973901634157204,0.979887548880541,0.793769007976666,0.532280730215671
59.974997916493,0.532280730215671,0.803107089575005,0.973898537782316,0.979893571293181,0.793782132529621,0.532280730215671
59.9849987498958,0.532280730215671,0.80310695415794,0.973895483471192,0.979899515982073,0.793795057619393,0.532280730215671
59.9949995832986,0.532280730215671,0.803106835670054,0.973892470968205,0.979905383656151,0.793807785142975,0.532280730215671
