time,refpitch,refyaw,mespitch,mesyaw,estpitch,estyaw,epsilonpitch,epsilonyaw,errorpitch,erroryaw
0,-40,0,0,0,-0.453182158743722,0.00979420064675186,-40,0,0.453182158743722,-0.00979420064675186
0.045003750312526,-39.99515458,-0.00168328125,-0.693146583345344,-0.0781066572099459,-0.223797452866394,0.14373746977699,-39.3020079966547,0.0764233759599459,-0.46934913047895,-0.221844126986936
0.0900075006250521,-39.98067664,-0.00671625,-8.09310043125103,-0.936922710228392,-5.96913063590825,0.124029685479631,-31.887576208749,0.930206460228392,-2.12396979534279,-1.06095239570802
0.135011250937578,-39.95665366,-0.01507359375,-20.155647424309,-2.45137621074719,-7.39451519160285,0.0495907783224654,-19.801006235691,2.43630261699719,-12.7611322327062,-2.50096698906965
0.180015001250104,-39.92317312,-0.02673,-32.9312854846685,-4.08803875566106,0.083112401277697,-0.00208610392587569,-6.99188763533154,4.06130875566106,-33.0143978859462,-4.08595265173519
0.22501875156263,-39.8803225,-0.04166015625,-43.2719520197577,-5.2562264235874,-14.5467944194625,0.0117850763232429,3.39162951975774,5.2145662673374,-28.7251576002952,-5.26801149991064
0.270022501875156,-39.82818928,-0.05983875,-49.4921703425319,-5.51281539283251,-57.1341459664568,0.0553570389303702,9.66398106253189,5.45297664283251,7.64197562392493,-5.56817243176288
0.315026252187682,-39.76686094,-0.08124046875,-51.2296210128557,-4.65793853661858,-52.054988100083,0.0656295246354307,11.4627600728557,4.57669806786858,0.82536708722732,-4.72356806125401
0.360030002500208,-39.69642496,-0.10584,-49.1295325752042,-2.7811582466859,-47.0664406502427,0.0490161788661435,9.43310761520421,2.6753182466859,-2.06309192496152,-2.83017442555205
0.405033752812734,-39.61696882,-0.13361203125,-44.516173142315,-0.244778685538316,-35.5240846416469,0.0315469431506658,4.89920432231499,0.111166654288316,-8.99208850066812,-0.276325628688982
0.45003750312526,-39.52858,-0.16453125,-39.0090289780784,2.41252034340481,-13.8513793178062,0.0132850933150853,-0.519551021921643,-2.57705159340481,-25.1576496602722,2.39923525008972
0.495041253437786,-39.43134598,-0.19857234375,-34.1208867477687,4.61649722696736,-0.108036427878391,0.000350160811540196,-5.3104592322313,-4.81506957071736,-34.0128503198903,4.61614706615582
0.540045003750313,-39.32535424,-0.23571,-30.9095354728341,5.90620911526354,-5.12588490205854,-0.00151073533789896,-8.41581876716587,-6.14191911526354,-25.7836505707756,5.90771985060144
0.585048754062839,-39.21069226,-0.27591890625,-29.7866957237604,6.04322075379972,-14.2004299673448,0.0031283248633101,-9.42399653623963,-6.31913966004972,-15.5862657564155,6.04009242893641
0.630052504375365,-39.08744752,-0.31917375,-30.5456076382578,5.04625051306718,-14.2405369472435,0.00619782620925692,-8.5418398817422,-5.36542426306718,-16.3050706910143,5.04005268685793
0.675056254687891,-38.9557075,-0.36544921875,-32.5559936237123,3.1591400112733,-5.38465285427282,0.00378329658274584,-6.39971387628766,-3.5245892300233,-27.1713407694395,3.15535671469055
0.720060005000417,-38.81555968,-0.41472,-35.0227496941633,0.776181890268172,0.0304250041154742,-0.000457327547687316,-3.7928099858367,-1.19090189026817,-35.0531746982788,0.77663921781586
0.765063755312943,-38.66709154,-0.46696078125,-37.2206923991328,-1.6532896483022,-8.52596381576274,-0.00107776692873183,-1.44639914086717,1.1863288670522,-28.6947285833701,-1.65221188137347
0.810067505625469,-38.51039056,-0.52214625,-38.6515284877456,-3.71761897083588,-31.5121263167341,0.00352085659103828,0.141137927745604,3.19547272083588,-7.13940217101151,-3.72113982742692
0.855071255937995,-38.34554422,-0.58025109375,-39.1070399807719,-5.11357643988198,-52.4018186670407,0.00910600313442379,0.761495760771943,4.53332534613198,13.2947786862687,-5.1226824430164
0.900075006250521,-38.17264,-0.64125,-38.6517119111767,-5.68678610972217,-50.4054124427476,0.0103699904664731,0.479071911176703,5.04553610972217,11.7537005315709,-5.69715610018864
0.945078756563047,-37.99176538,-0.70511765625,-37.5498251454549,-5.44112263551435,-40.3210020305998,0.00772901152432202,-0.441940234545079,4.73600497926435,2.77117688514492,-5.44885164703867
0.990082506875573,-37.80300784,-0.77182875,-36.1637231018714,-4.5198544842476,-31.5487488061454,0.00491946221732826,-1.63928473812859,3.7480257342476,-4.61497429572604,-4.52477394646493
1.0350862571881,-37.60645486,-0.84135796875,-34.8493409429328,-3.16447640307399,-22.4836036455091,0.00331849720401231,-2.7571139170672,2.32311843432399,-12.3657372974237,-3.16779490027801
1.08009000750063,-37.40219392,-0.91368,-33.8725421031006,-1.66060512862495,-13.2717375330561,0.00220980978538995,-3.5296518168994,0.746925128624951,-20.6008045700445,-1.66281493841034
1.12509375781315,-37.1903125,-0.98876953125,-33.3628652580652,-0.282612310701341,-6.26220873565552,0.00121478271031674,-3.82744724193475,-0.706157220548659,-27.1006565224097,-0.283827093411658
1.17009750812568,-36.97089808,-1.06660125,-33.3096991165417,0.751917910275321,-2.58508934886865,0.000506188280677398,-3.66119896345828,-1.81851916027532,-30.7246097676731,0.751411721994644
1.2151012584382,-36.74403814,-1.14714984375,-33.5935776321627,1.31057980841134,-1.30377161671757,0.000134345568824296,-3.15046050783732,-2.45772965216134,-32.2898060154451,1.31044546284252
1.26010500875073,-36.50982016,-1.23039,-34.0372567597385,1.3550947708117,-1.28774463240696,-9.11833631687293e-05,-2.47256340026146,-2.5854847708117,-32.7495121273316,1.35518595417487
1.30510875906326,-36.26833162,-1.31629640625,-34.459558833743,0.932849561394614,-2.30546956018277,-0.000371992807987407,-1.80877278625701,-2.24914596764461,-32.1540892735602,0.933221554202601
1.35011250937578,-36.01966,-1.40484375,-34.718422354513,0.15589073828624,-4.756660557329,-0.000754941287418221,-1.30123764548701,-1.56073448828624,-29.961761797184,0.156645679573658
1.39511625968831,-35.76389278,-1.49600671875,-34.7356001942225,-0.826565412932859,-9.0247256466257,-0.00114363257386329,-1.02829258577748,-0.66944130581714,-25.7108745475968,-0.825421780358996
1.44012001000083,-35.50111744,-1.58976,-34.5015781773619,-1.85637727690507,-14.9741189663521,-0.00142829718526436,-0.999539262638145,0.266617276905074,-19.5274592110097,-1.85494897971981
1.48512376031336,-35.23142146,-1.68607828125,-34.0639977992064,-2.79106403742689,-21.6161106472436,-0.00160295268772748,-1.16742366079356,1.10498575617689,-12.4478871519628,-2.78946108473916
1.53012751062589,-34.95489232,-1.78493625,-33.5056421231758,-3.52193641049372,-27.2838833209006,-0.00175402324857248,-1.44925019682422,1.73700016049372,-6.2217588022752,-3.52018238724515
1.57513126093841,-34.6716175,-1.88630859375,-32.918978052846,-3.98445923673179,-30.5791946596468,-0.00194552823808522,-1.75263944715395,2.09815064298179,-2.33978339319923,-3.9825137084937
1.62013501125094,-34.38168448,-1.99017,-32.3836140121493,-4.16078282644227,-31.1984461812626,-0.00214569067942778,-1.99807046785065,2.17061282644227,-1.18516783088678,-4.15863713576284
1.66513876156346,-34.08518074,-2.09649515625,-31.9511764465933,-4.07541003591727,-29.7631115466416,-0.00226893211440152,-2.13400429340673,1.97891487966727,-2.18806489995169,-4.07314110380287
1.71014251187599,-33.78219376,-2.20525875,-31.6395512035287,-3.78573741865569,-27.14807729254,-0.00226223160295065,-2.14264255647133,1.58047866865569,-4.4914739109887,-3.78347518705274
1.75514626218852,-33.47281102,-2.31643546875,-31.4358684262868,-3.36962702129074,-24.0780195099327,-0.00214218497919152,-2.03694259371323,1.05319155254074,-7.35784891635403,-3.36748483631155
1.80015001250104,-33.15712,-2.43,-31.3056914221379,-2.91218551187798,-21.0675881608988,-0.00197062571675769,-1.85142857786209,0.482185511877981,-10.2381032612391,-2.91021488616122
1.84515376281357,-32.83520818,-2.54592703125,-31.2049789605107,-2.49361400156521,-18.4711072618516,-0.0018131907202171,-1.63022921948928,-0.0523130296847887,-12.7338716986591,-2.49180081084499
1.89015751312609,-32.50716304,-2.66419125,-31.0915279909941,-2.17948216839185,-16.5201297694514,-0.00171590111218139,-1.41563504900594,-0.484709081608154,-14.5713982215427,-2.17776626727967
1.93516126343862,-32.17307206,-2.78476734375,-30.9334842060257,-2.01421439309046,-15.3478795722451,-0.00170358330147495,-1.23958785397426,-0.770552950659539,-15.5856046337806,-2.01251080978899
1.98016501375115,-31.83302272,-2.90763,-30.7137285506457,-2.01805576163615,-15.0182967195242,-0.00178808998003273,-1.11929416935427,-0.889574238363847,-15.6954318311216,-2.01626767165612
2.02516876406367,-31.4871025,-3.03275390625,-30.4301371791492,-2.18736434480028,-15.5541317219226,-0.00197559931387337,-1.05696532085075,-0.84538956144972,-14.8760054572267,-2.18538874548641
2.0701725143762,-31.13539888,-3.16011375,-30.0926134081089,-2.49776149212277,-16.9455603212597,-0.00226904016935195,-1.04278547189106,-0.662352257877224,-13.1470530868493,-2.49549245195342
2.11517626468872,-30.77799934,-3.28968421875,-29.7182809033449,-2.90944835359449,-19.1281768383161,-0.00266661606423887,-1.05971843665515,-0.380235865155513,-10.5901040650287,-2.90678173753025
2.16018001500125,-30.41499136,-3.42144,-29.3263024378232,-3.37385007918962,-21.9381185194176,-0.00315901454917018,-1.0886889221768,-0.0475899208103829,-7.38818391840557,-3.37069106464045
2.20518376531378,-30.04646242,-3.55535578125,-28.933527587336,-3.84068018897236,-25.0734596743357,-0.00372702872081636,-1.11293483266405,0.285324407722355,-3.86006791300028,-3.83695316025154
2.2501875156263,-29.6725,-3.69140625,-28.5517065221216,-4.26453844828897,-28.1040555249757,-0.00433976743218512,-1.12079347787841,0.573132198288971,-0.447650997145896,-4.26019868085679
2.29519126593883,-29.29319158,-3.82956609375,-28.1864838062085,-4.61027375715317,-30.5579542966377,-0.00495361487693297,-1.10670777379146,0.780707663403174,2.37147049042912,-4.60532014227624
2.34019501625135,-28.90862464,-3.96981,-27.8379373579251,-4.85654974351937,-32.0617122673846,-0.00551417130995607,-1.07068728207494,0.886739743519375,4.22377490945953,-4.85103557220942
2.38519876656388,-28.51888666,-4.11211265625,-27.502140468207,-4.99731715762198,-32.4584619510903,-0.00596467477888095,-1.01674619179299,0.885204501371981,4.95632148288326,-4.9913524828431
2.43020251687641,-28.12406512,-4.25644875,-27.1731283401926,-5.04118488720131,-31.8331310915002,-0.00626126868242183,-0.950936779807389,0.784736137201311,4.66000275130763,-5.03492361851889
2.47520626718893,-27.7242475,-4.40279296875,-26.8447213982437,-5.00895018443313,-30.4441353122356,-0.00638915954461797,-0.879526101756323,0.606157215683127,3.59941391399197,-5.00256102488851
2.52021001750146,-27.31952128,-4.55112,-26.5118373569746,-4.92976434682259,-28.6213049157219,-0.00637052511745673,-0.807683923025404,0.37864434682259,2.10946755874729,-4.92339382170513
2.56521376781398,-26.90997394,-4.70140453125,-26.1711429037492,-4.83654854074178,-26.6861467993697,-0.00625921682771858,-0.738831036250783,0.135144009491779,0.515003895620481,-4.83028932391406
2.61021751812651,-26.49569296,-4.85362125,-25.8210923564896,-4.76132319950663,-24.9099550788223,-0.00612549854626332,-0.674600603510388,-0.0922980504933717,-0.911137277667333,-4.75519770096036
2.65522126843904,-26.07676582,-5.00774484375,-25.461534134624,-4.7310728207594,-23.4981046818353,-0.00603909471716583,-0.615231685376035,-0.276672022990601,-1.9634294527887,-4.72503372604223
2.70022501875156,-25.65328,-5.16375,-25.0931206097444,-4.7646468260885,-22.5867629214687,-0.00605740106061784,-0.560159390255606,-0.399103173911498,-2.50635768827567,-4.75858942502788
2.74522876906409,-25.22532298,-5.32161140625,-24.7167395355639,-4.87101739369874,-22.2447107478672,-0.00622061400157298,-0.508583444436102,-0.450594012551258,-2.47202878769666,-4.86479677969717
2.79023251937661,-24.79298224,-5.48130375,-24.3331178780254,-5.04900529596597,-22.4761536094794,-0.00655140942821217,-0.459864361974624,-0.432298454034029,-1.85696426854596,-5.04245388653776
2.83523626968914,-24.35634526,-5.64280171875,-23.9426602527086,-5.28837647885798,-23.2216058643912,-0.00705587141593874,-0.413685007291363,-0.354425239892021,-0.72105438831742,-5.28132060744204
2.88024002000167,-23.91549952,-5.80608,-23.5455015077905,-5.57203514623636,-24.3576016910741,-0.00772384268299337,-0.369998012209468,-0.234044853763637,0.81210018328353,-5.56431130355337
2.92524377031419,-23.4705325,-5.97111328125,-23.1416957402173,-5.87891628903391,-25.7016582488144,-0.00852880962959638,-0.328836759782668,-0.0921969922160875,2.55996250859706,-5.87038747940432
2.97024752062672,-23.02153168,-6.13787625,-22.7314410014998,-6.18712449517161,-27.0315626216104,-0.00942855555555152,-0.290090678500178,0.049248245171615,4.30012162011061,-6.17769593961606
3.01525127093924,-22.56858454,-6.30634359375,-22.3152485021168,-6.4768777317594,-28.1229517602253,-0.0103679499170464,-0.253336037883166,0.170534138009403,5.80770325810851,-6.46650978184236
3.06025502125177,-22.11177856,-6.47649,-21.8939978868443,-6.73288567746673,-28.7971509131714,-0.0112847656389099,-0.217780673155705,0.256395677466731,6.90315302632715,-6.72160091182782
3.1052587715643,-21.65120122,-6.64829015625,-21.4688629808141,-6.94590572977566,-28.9607039126178,-0.0121185307618644,-0.182338239185874,0.297615573525661,7.49184093180372,-6.93378719901379
3.15026252187682,-21.18694,-6.82171875,-21.0411323668738,-7.1133556573997,-28.6190735790506,-0.0128211257172516,-0.145807633126161,0.291636907399697,7.57794121217679,-7.10053453168245
3.19526627218935,-20.71908238,-6.99675046875,-20.6119765964572,-7.23899909168601,-27.8605968968207,-0.0133664960937127,-0.107105783542764,0.242248622936015,7.24862030036342,-7.2256325955923
3.24027002250188,-20.24771584,-7.17336,-20.1822240153755,-7.33184010207457,-26.8220557697795,-0.0137563594014677,-0.0654918246244769,0.158480102074567,6.63983175440399,-7.3180837426731
3.2852737728144,-19.77292786,-7.35152203125,-19.7522004082042,-7.40445196867568,-25.6525998743861,-0.0140198367494894,-0.0207274517957536,0.0529299374256782,5.90039946618186,-7.39043213192619
3.33027752312693,-19.29480592,-7.53121125,-19.3216682228878,-7.47101476866762,-24.4872848644425,-0.0142071722842953,0.0268623028878068,-0.0601964813323832,5.16561664155472,-7.45680759638332
3.37528127343945,-18.8134375,-7.71240234375,-18.8898755427716,-7.54534455839621,-23.4327399784778,-0.014379818433532,0.0764380427716098,-0.167057785353794,4.54286443570615,-7.53096473996267
3.42028502375198,-18.32891008,-7.89507,-18.4557000347674,-7.63916750127381,-22.5620163670634,-0.0145999823773434,0.126789954767379,-0.255902498726189,4.106316332296,-7.62456751889647
3.46528877406451,-17.84131114,-8.07918890625,-18.0178543184318,-7.7608335089977,-21.9145748447649,-0.0149220571963388,0.176543178431757,-0.318355397252302,3.89672052633314,-7.74591145180136
3.51029252437703,-17.35072816,-8.26473375,-17.5751097726847,-7.91458690082381,-21.4985602250762,-0.0153869372836092,0.224381612684716,-0.350146849176187,3.92345045239145,-7.8991999635402
3.55529627468956,-16.85724862,-8.45167921875,-17.1264963528981,-8.10042829440982,-21.2940589532038,-0.0160189873253896,0.269247732898119,-0.351250924340174,4.16756260030564,-8.08440930708443
3.60030002500208,-16.36096,-8.64,-16.6714449324454,-8.31452374336526,-21.2572226796039,-0.0168249161060184,0.310484932445387,-0.325476256634746,4.58577774715854,-8.29769882725924
3.64530377531461,-15.86194978,-8.82967078125,-16.2098529417462,-8.55005326595426,-21.3258449232835,-0.0177939526393384,0.347903161746242,-0.279617515295735,5.11599198153725,-8.53225931331493
3.69030752562714,-15.36030544,-9.02066625,-15.7420700337049,-8.79834763911053,-21.4270796952148,-0.0188991623212883,0.381764593704876,-0.222318610889474,5.68500966150997,-8.77944847678924
3.73531127593966,-14.85611446,-9.21296109375,-15.2688148292627,-9.05014260416124,-21.4873471509214,-0.0201000960336118,0.412700369262692,-0.162818489588759,6.21853232165873,-9.03004250812763
3.78031502625219,-14.34946432,-9.40653,-14.7910440688124,-9.29678314785851,-21.4432457962494,-0.0213470240791699,0.441579748812455,-0.109746852141489,6.65220172743692,-9.27543612377934
3.82531877656471,-13.8404425,-9.60134765625,-14.3098005035746,-9.5312342054817,-21.2511329025944,-0.022586744352167,0.469358003574607,-0.0701134507683037,6.9413323990198,-9.50864746112953
3.87032252687724,-13.32913648,-9.79738875,-13.8260656050479,-9.74879283638153,-20.8927874173108,-0.0237694777302956,0.496929125047863,-0.0485959136184633,7.06672181226297,-9.72502335865124
3.91532627718977,-12.81563374,-9.99462796875,-13.340638618798,-9.94744429226878,-20.3756255766861,-0.0248558614095131,0.525004878797974,-0.0471836764812128,7.03498695788812,-9.92258843085927
3.96033002750229,-12.30002176,-10.19304,-12.8540561975026,-10.1278537633982,-19.7278163772925,-0.0258227443231014,0.554034437502649,-0.0651862366017806,6.87376017978981,-10.1020310190751
4.00533377781482,-11.78238802,-10.39259953125,-12.3665585476016,-10.2930307825909,-18.9902791320958,-0.0266665573400708,0.584170527601557,-0.099568748659058,6.62372058449424,-10.2663642252509
4.05033752812734,-11.26282,-10.59328125,-11.8781002626522,-10.4477393040339,-18.2081063125062,-0.0274035145610959,0.615280262652181,-0.145541945966057,6.33000604985402,-10.4203357894728
4.09534127843987,-10.74140518,-10.79505984375,-11.3883979223369,-10.5977499994361,-17.4234006984125,-0.0280666501297456,0.646992742336902,-0.197309844313875,6.03500277607558,-10.5696833493064
4.1403450287524,-10.21823104,-10.99791,-10.8970027137033,-10.7490408226123,-16.6704418527697,-0.02870042493499,0.678771673703336,-0.248869177387663,5.77343913906633,-10.7203403976773
4.18534877906492,-9.69338506,-11.20180640625,-10.4033848829524,-10.9070477004583,-15.9731624471543,-0.0293540823539084,0.709999822952431,-0.294758705791674,5.56977756420184,-10.8776936181044
4.23035252937745,-9.16695472,-11.40672375,-9.90701745941583,-11.0760512156615,-15.3444356259545,-0.0300749783302864,0.740062739415839,-0.330672534338484,5.4374181665387,-11.0459762373312
4.27535627968997,-8.63902750000001,-11.61263671875,-9.40744887091346,-11.2587604514242,-14.7866081067778,-0.0309028356024677,0.768421370913448,-0.353876267325827,5.37915923586437,-11.2278576158217
4.3203600300025,-8.10969088000001,-11.81952,-8.90435716071816,-11.4561255769179,-14.2928612859725,-0.0318654671358628,0.794666280718156,-0.363394423082079,5.38850412525437,-11.4242601097821
4.36536378031503,-7.57903234,-12.02734828125,-8.39758192058659,-11.6673802632292,-13.8491627324837,-0.0329761662103106,0.818549580586589,-0.359968018020837,5.45158081189706,-11.6344040970189
4.41036753062755,-7.04713936,-12.23609625,-7.88713328323246,-11.8902873404952,-13.436679245716,-0.0342327628747334,0.839993923232464,-0.345808909504784,5.54954596248356,-11.8560545776205
4.45537128094008,-6.51409942,-12.44573859375,-7.37318003167054,-12.1215392502812,-13.0345248599935,-0.0356182816880043,0.859080611670544,-0.324199343468752,5.66134482832291,-12.0859209685932
4.5003750312526,-5.98,-12.65625,-6.8560208922565,-12.3572508470115,-12.6226282935365,-0.0371031201945644,0.876020892256493,-0.298999152988474,5.76660740127997,-12.320147726817
4.54537878156513,-5.44492858,-12.86760515625,-6.33604431991502,-12.5934768704893,-12.1843819770571,-0.0386486139186436,0.891115739915018,-0.27412828576073,5.84833765714211,-12.5548282565706
4.59038253187766,-4.90897264,-13.07977875,-5.81368258784951,-12.8266897386068,-11.7086630441618,-0.0402117183311833,0.904709947849504,-0.253089011393184,5.89498045631226,-12.7864780202756
4.63538628219018,-4.37221966,-13.29274546875,-5.28936584892965,-13.054163994907,-11.1908688040208,-0.0417503392641027,0.91714618892965,-0.238581473843047,5.90150295509112,-13.0124136556429
4.68039003250271,-3.83475712000001,-13.50648,-4.76348116280252,-13.2742298330493,-10.6328014434593,-0.043228648430639,0.928724042802517,-0.232250166950703,5.86932028065682,-13.2310011846187
4.72539378281523,-3.2966725,-13.72095703125,-4.23634041611563,-13.4863771976781,-10.0415076636717,-0.0446216165283704,0.939667916115633,-0.234579833571887,5.80516724755603,-13.4417555811497
4.77039753312776,-2.75805328,-13.93615125,-3.708159741302,-13.6912114882981,-9.42741923238928,-0.0459180496379376,0.950106461302004,-0.244939761701868,5.71925949108727,-13.6452934386602
4.81540128344029,-2.21898694,-14.15203734375,-3.17905159924264,-13.8902795117863,-8.80225637514629,-0.0471216406149291,0.960064659242639,-0.261757831963736,5.62320477590365,-13.8431578711713
4.86040503375281,-1.67956096,-14.36859,-2.64902926569723,-14.0857981257496,-8.17712117753761,-0.0482498982188014,0.969468305697232,-0.282791874250412,5.52809191184038,-14.0375482275308
4.90540878406534,-1.13986282,-14.58578390625,-2.11802217536894,-14.2803267025406,-7.5610671733418,-0.0493311981522519,0.978159355368938,-0.305457203709411,5.44304499797286,-14.2309955043883
4.95041253437786,-0.599980000000008,-14.80359375,-1.58589954093676,-14.4764275571519,-6.96026048229979,-0.0504005082214329,0.985919540936752,-0.327166192848084,5.37436094136303,-14.4260270489305
4.99541628469039,-0.0599999799999942,-15.02199421875,-1.05249896435308,-14.6763559777544,-6.37770982841291,-0.0514945029594056,0.992498984353084,-0.345638240995591,5.32521086405983,-14.624861474795
5.04042003500292,0.479989760000007,-15.24096,-0.517656449009243,-14.8818142687322,-5.81346335324275,-0.0526467859242508,0.99764620900925,-0.359145731267795,5.29580690423351,-14.829167482808
5.08542378531544,1.01990174,-15.46046578125,0.0187656807279766,-15.0937935419428,-5.26514271624186,-0.0538838172458393,1.00113605927203,-0.36667223930721,5.28390839696983,-15.0399097246969
5.13042753562797,1.55964847999999,-15.68048625,0.556855969539569,-15.3125144433663,-4.72868796038174,-0.0552219625404438,1.00279251046042,-0.367971806633689,5.28554392992131,-15.2572924808259
5.17543128594049,2.09914250000001,-15.90099609375,1.09663836177093,-15.5374652309636,-4.19919938808765,-0.0566658940719794,1.00250413822908,-0.363530862786408,5.29583774985858,-15.4807993368916
5.22043503625302,2.63829632,-16.12197,1.63806531161063,-15.7675241569159,-3.67177367352162,-0.0582084168116187,1.00023100838937,-0.354445843084116,5.30983898513224,-15.7093157401043
5.26543878656555,3.17702246000001,-16.34338265625,2.18101963793288,-16.0011441957836,-3.14223922835485,-0.0598316631035413,0.996002822067121,-0.342238460466415,5.32325886628774,-15.94131253268
5.31044253687807,3.71523344,-16.56520875,2.72532426297055,-16.2365726324087,-2.60770611027023,-0.0615094861919589,0.989909177029443,-0.328636117591298,5.33303037324078,-16.1750631462167
5.3554462871906,4.25284177999999,-16.78742296875,3.27075811449076,-16.4720762411962,-2.06686613162103,-0.063210772500328,0.982083665509228,-0.315346727553838,5.33762424611179,-16.4088654686958
5.40045003750313,4.78975999999999,-17.01,3.81707587062086,-16.7061446404513,-1.52001338349166,-0.0649032869259586,0.972684129379135,-0.30385535954872,5.33708925411252,-16.6412413535253
5.44545378781565,5.32590062000001,-17.23291453125,4.36402894076009,-16.9376493612285,-0.968801010770578,-0.0665575827196234,0.961871679239922,-0.295265170021544,5.33282995153067,-16.8710917785088
5.49045753812818,5.86117615999999,-17.45614125,4.91138511904308,-17.1659433779467,-0.415796495878231,-0.0681504749874322,0.949791040956917,-0.290197872053334,5.32718161492131,-17.0977929029592
5.5354612884407,6.39549914,-17.67965484375,5.45894469131813,-17.390894262107,0.136068226039871,-0.0696676176142844,0.936554448681862,-0.288760581643036,5.32287646527826,-17.3212266444927
5.58046503875323,6.92878208000001,-17.90343,6.00655136022215,-17.6128526402193,0.684043661649898,-0.0711048440650752,0.922230719777856,-0.290577359780652,5.32250769857226,-17.5417477961543
5.62546878906576,7.4609375,-18.12744140625,6.55409708853349,-17.8325652411123,1.2260109795561,-0.072468117036544,0.906840411466511,-0.294876165137669,5.32808610897739,-17.7600971240758
5.67047253937828,7.99187792000001,-18.35166375,7.10152074929732,-18.0510476776655,1.76076663909158,-0.0737721446806431,0.890357170702689,-0.300616072334535,5.34075411020573,-17.9772755329848
5.71547628969081,8.52151586000002,-18.57607171875,7.64880121399907,-18.2694356699227,2.28811701698088,-0.075037917868079,0.872714646000949,-0.306636048827276,5.36068419701819,-18.1943977520546
5.76048004000333,9.04976384,-18.80064,8.19594612200143,-18.488834444498,2.80879261630982,-0.0762895650586786,0.853817717998563,-0.311805555502037,5.38715350569161,-18.4125448794393
5.80548379031586,9.57653438000001,-19.02534328125,8.74297799247895,-18.7101846231777,3.32421835720243,-0.0775509870228068,0.833556387521057,-0.315158658072267,5.41875963527652,-18.6326336361549
5.85048754062839,10.10174,-19.25015625,9.28991952913348,-18.9341594102108,3.83619215774448,-0.0788427220059748,0.811820470866534,-0.315996839789236,5.453727371389,-18.8553166882048
5.89549129094091,10.62529322,-19.47505359375,9.83677992298819,-19.1611028899226,4.34652957848078,-0.0801794188856121,0.788513297011805,-0.313950703827423,5.49025034450741,-19.080923471037
5.94049504125344,11.14710656,-19.70001,10.3835437026776,-19.3910134727455,4.85673005220622,-0.0815681852504076,0.763562857322411,-0.308996527254479,5.52681365047137,-19.3094452874951
5.98549879156596,11.66709254,-19.92500015625,10.9301632612591,-19.6235707334729,5.36771227571116,-0.0830079517004442,0.736929278740885,-0.301429422777051,5.56245098554796,-19.5405627817725
6.03050254187849,12.18516368,-20.14999875,11.4765556659942,-19.858198769175,5.8796540610221,-0.0844898689444445,0.708608014005792,-0.291799980825044,5.5969016049721,-19.7737089002305
6.07550629219102,12.7012325,-20.37498046875,12.0226038024535,-20.0941553291229,6.39195619154124,-0.0859986394038902,0.67862869754647,-0.280825139627087,5.63064761091228,-20.008156689719
6.12051004250354,13.21521152,-20.59992,12.5681613849251,-20.3306337062777,6.90333165522525,-0.0875145852567289,0.647050135074885,-0.26928629372226,5.66482972969987,-20.243119121021
6.16551379281607,13.72701326,-20.82479203125,13.1130609402967,-20.5668638780167,7.41200288387541,-0.0890161756682298,0.613952319703252,-0.257928153233259,5.70105805642133,-20.4778477023485
6.21051754312859,14.23655024,-21.04957125,13.6571235856106,-20.802200567612,7.9159730683659,-0.0904826851587512,0.579426654389446,-0.24737068238797,5.74115051724466,-20.7117178824533
6.25552129344112,14.74373498,-21.27423234375,14.2001692941067,-21.0361884939743,8.41332633977505,-0.0918966416364874,0.543565685893277,-0.238043849775657,5.78684295433167,-20.9442918523379
6.30052504375365,15.24848,-21.49875,14.7420263837217,-21.2685986608224,8.90250803762961,-0.0932457531804228,0.506453616278277,-0.230151339177571,5.83951834609212,-21.175352907642
6.34552879406617,15.75069782,-21.72309890625,15.2825391490118,-21.49943359448,9.38254124928618,-0.0945240772952502,0.468158670988192,-0.223665311770034,5.89999789972562,-21.4049095171847
6.3905325443787,16.25030096,-21.94725375,15.8215728594424,-21.7289034385936,9.85314812294416,-0.095732306220056,0.42872810055753,-0.218350311406443,5.96842473649829,-21.6331711323735
6.43553629469122,16.74720194,-22.17118921875,16.3590157198414,-21.9573782670923,10.3147613337651,-0.0968771697698913,0.388186220158637,-0.213810951657656,6.04425438607631,-21.8605010973224
6.48054004500375,17.24131328,-22.39488,16.8947777832254,-22.1853244990302,10.7684290211406,-0.097970081326363,0.346535496774596,-0.209555500969795,6.12634876208476,-22.0873544177038
6.52554379531628,17.7325475,-22.61830078125,17.4287871737329,-22.4132346483334,11.2156323248954,-0.0990252520157281,0.303760326267145,-0.205066132916606,6.21315484883744,-22.3142093963177
6.5705475456288,18.22081712,-22.84142625,17.9609842760495,-22.6415597379853,11.6580461223841,-0.100057557830875,0.259832843950505,-0.199866512014651,6.3029381536654,-22.5415021801545
6.61555129594133,18.70603466,-23.06423109375,18.49131474651,-22.8706526328366,12.0972796726258,-0.101080458410108,0.21471991349004,-0.193578460913351,6.39403507388414,-22.7695721744265
6.66055504625385,19.18811264,-23.28669,19.0197222828899,-23.1007285189518,12.5346345498316,-0.102104237294619,0.168390357110042,-0.185961481048164,6.48508773305832,-22.9986242816572
6.70555879656638,19.66696358,-23.50877765625,19.5461420527428,-23.3318461040618,12.9709130665805,-0.103134771233848,0.120821527257171,-0.176931552188194,6.57522898616235,-23.228711332828
6.75056254687891,20.1425,-23.73046875,20.0704955363218,-23.5639102127666,13.4063022486205,-0.104172953088545,0.0720044636781587,-0.166558537233403,6.66419328770136,-23.4597372596781
6.79556629719143,20.61463442,-23.95173796875,20.592687314067,-23.7966936855294,13.8403474205099,-0.105214801759689,0.0219471059329628,-0.155044283220594,6.7523398935571,-23.6914788837697
6.84057004750396,21.08327936,-24.17256,21.1126040531492,-24.0298742020405,14.2720168676882,-0.10625220436401,-0.0293246931492241,-0.14268579795948,6.84058718546105,-23.9236219976765
6.88557379781648,21.54834734,-24.39290953125,21.6301156594554,-24.2630800930489,14.6998463450539,-0.107274159581797,-0.0817683194554562,-0.129829438201128,6.93026931440157,-24.1558059334671
6.93057754812901,22.00975088,-24.61276125,22.145078296765,-24.4959385253,15.1221410689402,-0.108268334024371,-0.135327416764973,-0.116822724700022,7.02293722782481,-24.3876701912756
6.97558129844154,22.4674025,-24.83208984375,22.6573387647325,-24.7281196648926,15.5372049102743,-0.109222711401166,-0.189936264732548,-0.103970178857352,7.12013385445825,-24.6188969534915
7.02058504875406,22.92121472,-25.05087,23.1667395941133,-24.959371451404,15.9435631187701,-0.110127111038948,-0.245524874113325,-0.0914985485960429,7.22317647534319,-24.849244340365
7.06558879906659,23.37110006,-25.26907640625,23.6731241730439,-25.1895412575488,16.3401466823653,-0.110974378757369,-0.302024113043927,-0.0795351487012042,7.33297749067858,-25.0785668787914
7.11059254937912,23.81697104,-25.48668375,24.1763412620735,-25.4185827096524,16.7264130784717,-0.111761106056105,-0.359370222073498,-0.068101040347603,7.44992818360175,-25.3068216035963
7.15559629969164,24.25874018,-25.70366671875,24.6762483769736,-25.6465480168182,17.1023885121199,-0.112487805496636,-0.417508196973678,-0.0571187019318344,7.57385986485373,-25.5340602113215
7.20060005000417,24.69632,-25.92,25.1727136970861,-25.8735680256463,17.4686289226827,-0.113158550040604,-0.476393697086102,-0.046431974353716,7.70408477440335,-25.7604094756057
7.24560380031669,25.12962302,-26.13565828125,25.66561636705,-26.0998236525661,17.8261090136076,-0.113780159368888,-0.535993347050027,-0.0358346286838795,7.83950735344243,-25.9860434931972
7.29060755062922,25.55856176,-26.35061625,26.1548452727261,-26.325513189947,18.1760584670812,-0.114361075279502,-0.596283512726064,-0.0251030600530129,7.97878680564484,-26.2111521146675
7.33561130094175,25.98304874,-26.56484859375,26.6402965608507,-26.5508201666074,18.519771023286,-0.114910102890867,-0.657247820850678,-0.0140284271425806,8.12052553756465,-26.4359100637166
7.38061505125427,26.40299648,-26.77833,27.1218703139202,-26.7758859917398,18.8584145731453,-0.115435201019116,-0.718873833920163,-0.00244400826019842,8.26345574077488,-26.6604507907207
7.4256188015668,26.8183175,-26.99103515625,27.5994668717716,-27.0007906302261,19.1928688203656,-0.115942485095788,-0.781149371771615,0.00975547397606746,8.40659805140598,-26.8848481451303
7.47062255187932,27.22892432,-27.20293875,28.0729833028777,-27.2255432168957,19.5236119269933,-0.116435564656951,-0.844058982877719,0.0226044668956646,8.54937137588441,-27.1091076522387
7.51562630219185,27.63472946,-27.41401546875,28.5423104742307,-27.4500830240365,19.8506697613074,-0.116915282526175,-0.907581014230729,0.0360675552864755,8.69164071292335,-27.3331677415103
7.56063005250438,28.03564544,-27.62424,29.0073310599233,-27.6742897632946,20.1736320582414,-0.117379862967803,-0.971685619923282,0.0500497632946058,8.8336990016819,-27.5569099003268
7.6056338028169,28.43158478,-27.83358703125,29.4679186826511,-27.8980010199475,20.4917302502428,-0.117825419563878,-1.03633390265117,0.0644139886974635,8.97618843240837,-27.7801756003836
7.65063755312943,28.82246,-28.04203125,29.9239382207152,-28.1210338270893,20.8039632134099,-0.118246727425738,-1.10147822071518,0.0790025770893337,9.11997500730529,-28.0027870996636
7.69564130344195,29.20818362,-28.24954734375,30.3752471578623,-28.3432070685242,21.1092508603757,-0.118638133927423,-1.1670635378623,0.0936597247742021,9.26599629748663,-28.2245689345968
7.74064505375448,29.58866816,-28.45611,30.8216977245342,-28.5643615607388,21.406592277626,-0.118994470676242,-1.23302956453423,0.10825156073885,9.41510544690821,-28.4453670900626
7.78564880406701,29.96382614,-28.66169390625,31.2631394921689,-28.7843752479285,21.6952053940168,-0.11931183771206,-1.29931335216888,0.122681341678486,9.56793409815212,-28.6650634102164
7.83065255437953,30.33357008,-28.86627375,31.6994220460565,-29.003171836945,21.9746288788415,-0.11958815710387,-1.36585196605647,0.136898086944992,9.72479316721496,-28.8835836798411
7.87565630469206,30.6978125,-29.06982421875,32.1303973785113,-29.2207222534247,22.244773446397,-0.119823432789467,-1.43258487851129,0.150898034674736,9.88562393211426,-29.1008988206353
7.92066005500458,31.05646592,-29.27232,32.5559217072981,-29.4370393563751,22.5059178846392,-0.120019700272967,-1.49945578729814,0.164719356375095,10.050003822659,-29.3170196561021
7.96566380531711,31.40944286,-29.47373578125,32.9758565228606,-29.652167257571,22.7586535793178,-0.120180696240716,-1.5664136628606,0.178431476321006,10.2172029435428,-29.5319865613303
8.01066755562964,31.75665584,-29.67404625,33.3900687863545,-29.8661672371711,23.0037887329883,-0.120311317149437,-1.63341294635447,0.192120987171069,10.3862800533662,-29.7458559200216
8.05567130594216,32.09801738,-29.87322609375,33.7984303214316,-30.0791025569566,23.2422287886944,-0.120416961801023,-1.70041294143157,0.205876463206561,10.5562015327372,-29.9586855951555
8.10067505625469,32.43344,-30.07125,34.2008165495012,-30.291024429484,23.4748520834648,-0.120502862737217,-1.76737654950123,0.21977442948404,10.7259644660364,-30.1705215667468
8.14567880656721,32.76283622,-30.26809265625,34.5971047970996,-30.5019610391127,23.7023992848399,-0.120573504691023,-1.83426857709962,0.233868382862664,10.8947055122597,-30.3813875344216
8.19068255687974,33.08611856,-30.46372875,34.9871724459859,-30.7119109066442,23.9253919766953,-0.120632207661454,-1.90105388598595,0.248182156644198,11.0617804692906,-30.5912786989827
8.23568630719227,33.40319954,-30.65813296875,35.3708951982653,-30.9208411497011,24.1440905061584,-0.120680921719158,-1.96769565826529,0.262708180951044,11.2268046921069,-30.8001602279819
8.28069005750479,33.71399168,-30.85128,35.7481456926382,-31.128690434082,24.3584947773478,-0.120720245734265,-2.03415401263824,0.277410434082039,11.3896509152904,-31.0079701883478
8.32569380781732,34.0184075,-31.04314453125,36.1187926413546,-31.3353757488099,24.5683850837775,-0.12074964831485,-2.10038514135461,0.29223121755988,11.5504075575772,-31.214626100495
8.37069755812984,34.31635952,-31.23370125,36.4827005719493,-31.5408016586322,24.7733942828111,-0.120767841191939,-2.16634105194937,0.307100408632248,11.7093062891383,-31.4200338174403
8.41570130844237,34.60776026,-31.42292484375,36.8397301666677,-31.7448704476264,24.9730984475116,-0.120773236709122,-2.23196990666775,0.321945603876408,11.8666317191561,-31.6240972109173
8.4607050587549,34.89252224,-31.61079,37.1897391089114,-31.9474915819145,25.167111131899,-0.120764414004907,-2.29721686891144,0.336701581914507,12.0226279770125,-31.8267271679096
8.50570880906742,35.17055798,-31.79727140625,37.5325832813936,-32.1485891649213,25.355166759858,-0.120740523177825,-2.36202530139359,0.351317758671254,12.1774165215355,-32.0278486417434
8.55071255937995,35.44178,-31.98234375,37.8681181228816,-32.3481064791165,25.5371812272455,-0.120701571723694,-2.42633812288166,0.365762729116479,12.3309368956362,-32.2274049073928
8.59571630969247,35.70610082,-32.16598171875,38.1961999429688,-32.5460072260822,25.7132820790252,-0.12064855988364,-2.49009912296881,0.380025507332221,12.4829178639436,-32.4253586661986
8.640720060005,35.96343296,-32.34816,38.5166870161745,-32.7422736060173,25.8838058229777,-0.120583457308398,-2.55325405617459,0.394113606017306,12.6328811931968,-32.6216901487089
8.68572381031753,36.21368894,-32.52885328125,38.8294403226004,-32.936901837777,26.0492651870632,-0.120509038374115,-2.6157513826004,0.408048556527007,12.7801751355372,-32.8163927994029
8.73072756063005,36.45678128,-32.70803625,39.1343238639733,-33.1298960477893,26.2102935778002,-0.120428613717696,-2.67754258397337,0.421859797789331,12.9240302861731,-33.0094674340716
8.77573131094258,36.6926225,-32.88568359375,39.4312045511078,-33.3212616127637,26.3675769941408,-0.120345708262133,-2.73858205110781,0.435578019013718,13.0636275569669,-33.2009159045016
8.8207350612551,36.92112512,-33.06177,39.7199517213816,-33.5109990183766,26.5217848206809,-0.12026373978207,-2.79882660138161,0.449229018376592,13.1981669007007,-33.3907352785945
8.86573881156763,37.14220166,-33.23627015625,40.0004363939313,-33.6990991136883,26.6735102151304,-0.120185747087136,-2.85823473393135,0.462828957438283,13.3269261788009,-33.5789133666011
8.91074256188016,37.35576464,-33.40915875,40.272530399701,-33.8855403414004,26.8232284721904,-0.120114204738025,-2.91676575970108,0.476381591400404,13.4493019275106,-33.7654261366624
8.95574631219268,37.56172658,-33.58041046875,40.5361055303684,-34.0702881640784,26.9712782807079,-0.120050944419127,-2.97437895036843,0.489877695328389,13.5648272496605,-33.9502372196593
9.00075006250521,37.76,-33.75,40.7910328352177,-34.2532965473273,27.1178668233044,-0.11999718471679,-3.03103283521776,0.503296547327295,13.6731660119133,-34.1332993626105
9.04575381281773,37.95049742,-33.91790203125,41.0371821621396,-34.4345110581993,27.2630958574232,-0.119953654095829,-3.08668474213953,0.516609026949268,13.7740863047164,-34.3145574041034
9.09075756313026,38.13313136,-34.08409125,41.2744219944224,-34.6138729325628,27.407002850298,-0.119920778832192,-3.14129063442245,0.529781682562778,13.8674191441244,-34.4939521537306
9.13576131344279,38.30781434,-34.24854234375,41.5026195864513,-34.7913233813201,27.5496093461906,-0.119898900219604,-3.19480524645125,0.542781037570144,13.9530102402606,-34.6714244811005
9.18076506375531,38.47445888,-34.41123,41.7216413564664,-34.9668074437081,27.6909682370666,-0.119888484187603,-3.2471824764664,0.555577443708124,14.0306731193998,-34.8469189595205
9.22576881406784,38.6329775,-34.57212890625,41.9313534596669,-35.1402768385536,27.8312024672387,-0.11989029118387,-3.29837595966687,0.568147932303646,14.1001509924282,-35.0203865473698
9.27077256438037,38.78328272,-34.73121375,42.1316224446251,-35.3116914785836,27.9705296891166,-0.119905483525681,-3.3483397246251,0.580477728583581,14.1610927555085,-35.1917859950579
9.31577631469289,38.92528706,-34.88845921875,42.3223158921071,-35.4810195577924,28.1092700942602,-0.119935659520299,-3.3970288321071,0.592560339042379,14.2130457978469,-35.3610838982721
9.36078006500542,39.05890304,-35.04384,42.503302947192,-35.6482363556211,28.2478375746331,-0.119982816313353,-3.44439990719199,0.604396355621098,14.2554653725589,-35.5282535393077
9.40578381531794,39.18404318,-35.19733078125,42.6744546799311,-35.8133220883386,28.3867170262289,-0.120049254561543,-3.49041149993113,0.615991307088613,14.2877376537023,-35.6932728337771
9.45078756563047,39.30062,-35.34890625,42.8356442418833,-35.976259252669,28.5264325783827,-0.120137445986123,-3.53502424188331,0.627353002669018,14.3092116635006,-35.8561218066829
9.49579131594299,39.40854602,-35.49854109375,42.9867468201013,-36.1370299385272,28.6675125526876,-0.12024988866398,-3.57820080010138,0.638488844777228,14.3192342674138,-36.0167800498632
9.54079506625552,39.50773376,-35.64621,43.1276394210579,-36.2956135402547,28.810456942117,-0.120388974346984,-3.61990566105791,0.649403540254738,14.3171824789409,-36.1752245659077
9.58579881656805,39.59809574,-35.79188765625,43.2582005400903,-36.4519851849369,28.9557122490738,-0.120556887696432,-3.66010480009027,0.660097528686933,14.3024882910165,-36.3314282972405
9.63080256688057,39.67954448,-35.93554875,43.3783097843238,-36.606115046737,29.103656872201,-0.12075555017923,-3.69876530432386,0.670566296737007,14.2746529121228,-36.4853594965578
9.6758063171931,39.7519925,-36.07716796875,43.4878475177357,-36.7579685559335,29.254598219473,-0.120986612927709,-3.73585501773569,0.680800587183484,14.2332492982627,-36.6369819430058
9.72081006750563,39.81535232,-36.21672,43.5866945869911,-36.9075073674486,29.4087807110838,-0.121251494608153,-3.77134226699116,0.690787367448586,14.1779138759073,-36.7862558728404
9.76581381781815,39.86953646,-36.35417953125,43.6747321684757,-37.054690847542,29.566402148336,-0.121551453581188,-3.80519570847569,0.700511316291951,14.1083300201397,-36.9331393939608
9.81081756813068,39.91445744,-36.48952125,43.7518417541703,-37.1994777819906,29.7276348085836,-0.121887679300134,-3.83738431417027,0.709956531990606,14.0242069455867,-37.0775901026905
9.8558213184432,39.95002778,-36.62271984375,43.817905270682,-37.341828007795,29.8926472099192,-0.122261386426078,-3.86787749068201,0.719108164045025,13.9252580607628,-37.2195666213689
9.90082506875573,39.97616,-36.75375,43.8728053055787,-37.4817037173692,30.061622774811,-0.122673896479233,-3.89664530557872,0.727953717369175,13.8111825307677,-37.3590298208899
9.94582881906826,39.99276662,-36.88258640625,43.9164254010672,-37.6190702662196,30.234772495516,-0.123126695485676,-3.92365878106719,0.736483859969589,13.6816529055512,-37.4959435707339
9.99083256938078,39.99976016,-37.00920375,43.948650368649,-37.7538964149485,30.4123399654248,-0.123621461188854,-3.94889020864903,0.744692664948552,13.5363104032242,-37.6302749537597
10.0358363196933,40,-37.13357671875,43.9693654661398,-37.886154189309,30.5953196834431,-0.124162870252048,-3.96936546613978,0.752577470559054,13.3740457826967,-37.761991319057
10.0808400700058,40,-37.25568,43.9785925907796,-38.0157990822274,30.840447221074,-0.124989518829804,-3.97859259077958,0.760119082227412,13.1381453697055,-37.8908095633976
10.1258438203184,40,-37.37548828125,43.9775311979932,-38.1426140997883,31.1744510150901,-0.126209521108472,-3.97753119799321,0.767125818538332,12.8030801829031,-38.0164045786799
10.1708475706309,40,-37.49297625,43.9688078685438,-38.2661589116249,31.5776480402276,-0.127748997242114,-3.9688078685438,0.773182661624872,12.3911598283162,-38.1384099143827
10.2158513209434,40,-37.60811859375,43.9557334789515,-38.3859066180505,32.0167237869099,-0.129478244983358,-3.95573347895146,0.777788024300527,11.9390096920416,-38.2564283730672
10.2608550712559,40,-37.72089,43.9415807929728,-38.5014208060015,32.4537339578006,-0.131246932390487,-3.9415807929728,0.780530806001508,11.4878468351722,-38.370173873611
10.3058588215685,40,-37.83126515625,43.9290343997284,-38.6125123205799,32.8548675272803,-0.132918530705151,-3.92903439972843,0.781247164329905,11.0741668724482,-38.4795937898748
10.350862571881,40,-37.93921875,43.9198682642012,-38.7193326427319,33.1972346056288,-0.134397507766877,-3.91986826420118,0.780113892731919,10.7226336585723,-38.584935134965
10.3958663221935,40,-38.04472546875,43.9148546778326,-38.8223814494174,33.4724691969915,-0.135644618008563,-3.91485467783262,0.77765598066744,10.4423854808411,-38.6867368314089
10.440870072506,40,-38.14776,43.9138675611533,-38.9224290685087,33.6867425459593,-0.136678444878608,-3.91386756115331,0.774669068508658,10.227125015194,-38.7857506236301
10.4858738228186,40,-38.24829703125,43.9161176459564,-39.0203746993071,33.8576588077496,-0.137564563555811,-3.91611764595643,0.772077668057065,10.0584588382069,-38.8828101357513
10.5308775731311,40,-38.34631125,43.9204481643109,-39.1170744908601,34.0091611801282,-0.13839630880105,-3.92044816431088,0.77076324086007,9.91128698418268,-38.978678182059
10.5758813234436,40,-38.44177734375,43.9256252638789,-39.2131779241206,34.1658370818517,-0.139272409414848,-3.92562526387894,0.771400580370567,9.75978818202726,-39.0739055147057
10.6208850737561,40,-38.53467,43.9305732810251,-39.3090065996423,34.3478819137018,-0.140276532010963,-3.93057328102513,0.774336599642297,9.58269136732336,-39.1687300676313
10.6658888240687,40,-38.62496390625,43.9345261323673,-39.4044984090781,34.5676019327596,-0.141462460026059,-3.93452613236728,0.779534502828142,9.36692419960767,-39.2630359490521
10.7108925743812,40,-38.71263375,43.9370875280477,-39.4992252043037,34.8278774982863,-0.142846853916379,-3.93708752804768,0.786591454303739,9.10921002976134,-39.3563783503874
10.7558963246937,40,-38.79765421875,43.9382106003468,-39.5924768795235,35.1225890521155,-0.144409831536385,-3.93821060034682,0.794822660773477,8.81562154823128,-39.4480670479871
10.8009000750063,40,-38.88,43.9381195062807,-39.6833923127971,35.4386808168126,-0.146102251720525,-3.93811950628066,0.803392312797158,8.49943868946808,-39.5372900610766
10.8459038253188,40,-38.95964578125,43.9372008036509,-39.7711100453725,35.759308987175,-0.147857643449268,-3.93720080365093,0.811464264122513,8.17789181647598,-39.6232524019232
10.8909075756313,40,-39.03656625,43.9358914793568,-39.8549098827273,36.0673931893825,-0.149606186373424,-3.93589147935677,0.818343632727341,7.86849828997432,-39.7053036963539
10.9359113259438,40,-39.11073609375,43.9345849526557,-39.9343205150548,36.3488736922399,-0.151288026405166,-3.9345849526557,0.823584421304815,7.58571126041577,-39.7830324886497
10.9809150762564,40,-39.18213,43.9335681993806,-40.0091764737316,36.5950837891884,-0.152863532090828,-3.9335681993806,0.827046473731613,7.33848441019224,-39.8563129416408
11.0259188265689,40,-39.25072265625,43.9329943931781,-40.0796182930939,36.8038656323866,-0.154318842447837,-3.93299439317807,0.828895636843917,7.12912876079142,-39.9252994506461
11.0709225768814,40,-39.31648875,43.9328878489903,-40.146040443992,36.9793422957092,-0.155666094100809,-3.93288784899033,0.829551693991995,6.9535455532811,-39.9903743498912
11.1159263271939,40,-39.37940296875,43.9331727252398,-40.2090004720727,37.1305382927322,-0.156938812320116,-3.93317272523985,0.829597503322681,6.80263443250769,-40.0520616597526
11.1609300775065,40,-39.43944,43.9337143811841,-40.2691083878996,37.2692470765799,-0.15818384736194,-3.9337143811841,0.829668387899652,6.66446730460424,-40.1109245405377
11.205933827819,40,-39.49657453125,43.9343623728362,-40.3269170439841,37.4076373180463,-0.159451743103703,-3.93436237283623,0.830342512734127,6.52672505478994,-40.1674653008804
11.2509375781315,40,-39.55078125,43.9349862221765,-40.3828321032235,37.556068231652,-0.160787477687498,-3.93498622217654,0.832050853223514,6.37891799052453,-40.222044625536
11.295941328444,40,-39.60203484375,43.9354984684869,-40.4370550318682,37.7214762323318,-0.162223183036748,-3.93549846848687,0.835020188118236,6.21402223615502,-40.2748318488315
11.3409450787566,40,-39.65031,43.9358632144901,-40.489565568325,37.9065417063559,-0.163773877146141,-3.93586321449014,0.839255568325051,6.02932150813427,-40.3257916911789
11.3859488290691,40,-39.69558140625,43.9360916437841,-40.540142738974,38.1096833042473,-0.165436588313908,-3.93609164378411,0.844561332724012,5.82640833953678,-40.3747061506601
11.4309525793816,40,-39.73782375,43.9362282798684,-40.5884170378958,38.3257844427039,-0.167192639583511,-3.93622827986838,0.850593287895798,5.61044383716447,-40.4212243983123
11.4759563296941,40,-39.77701171875,43.9363328400459,-40.633941873764,38.5474483600688,-0.169012374350237,-3.93633284004586,0.856930155014027,5.38888447997707,-40.4649294994138
11.5209600800067,40,-39.81312,43.9364624447095,-40.67627037886,38.7665129743655,-0.170861284386767,-3.93646244470946,0.863150378859991,5.16994947034393,-40.5054090944732
11.5659638303192,40,-39.84612328125,43.9366579241429,-40.715024241312,38.9755397550303,-0.172706371871123,-3.93665792414291,0.868900960061978,4.96111816911259,-40.5423178694408
11.6109675806317,40,-39.87599625,43.9369363979572,-40.7499439814891,39.169022128364,-0.174521642758914,-3.9369363979572,0.873947731489089,4.76791426959319,-40.5754223387302
11.6559713309442,40,-39.90271359375,43.937290595981,-40.7809143343523,39.3441319577677,-0.176291872730684,-3.937290595981,0.878200740602267,4.59315863821328,-40.6046224616216
11.7009750812568,40,-39.92625,43.9376939029,-40.8079632379118,39.5009225531282,-0.178014162217475,-3.9376939029,0.881713237911775,4.4367713497718,-40.6299490756943
11.7459788315693,40,-39.94658015625,43.9381090930486,-40.8312374802289,39.6420125876437,-0.179697229785985,-3.93810909304862,0.884657323978857,4.29609650540493,-40.6515402504429
11.7909825818818,40,-39.96367875,43.9384982917953,-40.8509615904965,39.7718655625926,-0.18135879722404,-3.93849829179526,0.887282840496553,4.16663272920267,-40.6696027932725
11.8359863321944,40,-39.97752046875,43.9388318383962,-40.8673885974699,39.895837618589,-0.183021718538661,-3.93883183839618,0.889868128719939,4.0429942198072,-40.6843668789313
11.8809900825069,40,-39.98808,43.9390943085282,-40.8807516516911,40.0191852995422,-0.184709651683697,-3.93909430852815,0.892671651691117,3.91990900898591,-40.6960420000074
11.9259938328194,40,-39.99533203125,43.9392867952239,-40.8912243462986,40.1462067411106,-0.186443057485653,-3.93928679522394,0.895892315048592,3.79308005411339,-40.7047812888129
11.9709975831319,40,-39.99925125,43.939425439034,-40.8988952459128,40.2796441650378,-0.188236160737314,-3.93942543903404,0.899643995912783,3.65978127399629,-40.7106590851755
12.0160013334445,40,-40,43.9395369600841,-40.9037591657156,40.4203838481638,-0.190095124222417,-3.93953696008408,0.90375916571557,3.5191531119203,-40.7136640414932
12.061005083757,40,-40,43.9396517797864,-40.905733882882,40.5470190000808,-0.191917768494416,-3.93965177978642,0.905733882881989,3.39263277970565,-40.7138161143876
12.1060088340695,40,-40,43.9397845336498,-40.9048672466456,40.6198628495455,-0.193509910928981,-3.93978453364977,0.904867246645551,3.31992168410428,-40.7113573357166
12.151012584382,40,-40,43.9399151220557,-40.9016071653617,40.6424684046527,-0.19487755070616,-3.93991512205566,0.901607165361717,3.29744671740294,-40.7067296146556
12.1960163346946,40,-40,43.9399996767599,-40.8967339744262,40.627453848263,-0.196070458714017,-3.9399996767599,0.896733974426212,3.31254582849687,-40.7006635157122
12.2410200850071,40,-40,43.9399901399146,-40.8911996737296,40.5920727556266,-0.197164486180085,-3.93999013991463,0.891199673729567,3.34791738428803,-40.6940351875495
12.2860238353196,40,-40,43.9398528335299,-40.8859567052459,40.5547889388991,-0.19824611774127,-3.93985283352992,0.885956705245945,3.38506389463083,-40.6877105875047
12.3310275856321,40,-40,43.9395812907713,-40.8818052191139,40.5320632254187,-0.199396874757154,-3.93958129077129,0.881805219113851,3.40751806535257,-40.6824083443567
12.3760313359447,40,-40,43.9392007186456,-40.8792816096002,40.5358678017042,-0.200680275332096,-3.93920071864555,0.879281609600199,3.40333291694135,-40.6786013342681
12.4210350862572,40,-40,43.9387638077701,-40.8786018786542,40.5722394179116,-0.202133224801121,-3.93876380777007,0.878601878654202,3.36652438985843,-40.6764686538531
12.4660388365697,40,-40,43.9383396598945,-40.8796629492638,40.6409691231414,-0.203762709011218,-3.93833965989446,0.879662949263768,3.29737053675309,-40.6759002402526
12.5110425868822,40,-40,43.937998979277,-40.8820952607507,40.7363381389226,-0.205547705112307,-3.93799897927705,0.882095260750674,3.20166084035449,-40.6765475556384
12.5560463371948,40,-40,43.9377991824913,-40.8853523740589,40.8486637176161,-0.207445436012778,-3.93779918249127,0.88535237405894,3.08913546487519,-40.6779069380462
12.6010500875073,40,-40,43.9377727404036,-40.888818901162,40.9663224137615,-0.209400532432892,-3.93777274040361,0.888818901161962,2.97145032664212,-40.6794183687291
12.6460538378198,40,-40,43.937921062567,-40.8919172118445,41.0778759389857,-0.211355357653162,-3.93792106256698,0.8919172118445,2.86004512358127,-40.6805618541913
12.6910575881323,40,-40,43.9382148609591,-40.8941957989305,41.1739406429155,-0.213259713081844,-3.93821486095907,0.894195798930475,2.76427421804361,-40.6809360858486
12.7360613384449,40,-40,43.9386005125951,-40.895387124284,41.2485144560503,-0.215078381225833,-3.93860051259508,0.895387124284049,2.69008605654482,-40.6803087430582
12.7810650887574,40,-40,43.9390107693033,-40.8954291239415,41.2995931964398,-0.216795443434691,-3.93901076930326,0.89542912394149,2.63941757286347,-40.6786336805068
12.8260688390699,40,-40,43.9393774413459,-40.8944511183862,41.3290483773466,-0.218414948919789,-3.93937744134588,0.894451118386208,2.61032906399932,-40.6760361694664
12.8710725893824,40,-40,43.9396434991421,-40.8927305560015,41.3418716564961,-0.219958183441126,-3.93964349914209,0.892730556001482,2.59777184264595,-40.6727723725604
12.916076339695,40,-40,43.9397723681395,-40.8906309907101,41.3449900483117,-0.221458355367539,-3.93977236813946,0.890630990710108,2.59478231982772,-40.6691726353426
12.9610800900075,40,-40,43.9397529148725,-40.8885335119681,41.3459047755354,-0.222953877824983,-3.93975291487246,0.888533511968078,2.59384813933708,-40.6655796341431
13.00608384032,40,-40,43.9395995567862,-40.886773464999,41.3514028896454,-0.224481530365625,-3.93959955678621,0.886773464998953,2.58819666714079,-40.6622919346333
13.0510875906326,40,-40,43.939347875806,-40.885592043467,41.3665441865982,-0.226070647424333,-3.93934787580597,0.885592043466978,2.57280368920775,-40.6595213960426
13.0960913409451,40,-40,43.9390468984327,-40.8851087951896,41.3940527404596,-0.227739166926734,-3.93904689843272,0.885108795189602,2.54499415797314,-40.6573696282629
13.1410950912576,40,-40,43.9387496971673,-40.8853169825685,41.4341598104455,-0.229491965417533,-3.93874969716728,0.885316982568455,2.50458988672173,-40.6558250171509
13.1860988415701,40,-40,43.9385041111445,-40.8860998152171,41.4848673972126,-0.231321488000766,-3.93850411114448,0.886099815217072,2.45363671393191,-40.6547783272163
13.2311025918827,40,-40,43.9383451900335,-40.8872624385395,41.5425396163397,-0.233210317366066,-3.93834519003345,0.887262438539537,2.39580557369376,-40.6540521211735
13.2761063421952,40,-40,43.9382905060086,-40.8885726319774,41.602688666319,-0.235135060526659,-3.93829050600864,0.888572631977354,2.33560183968964,-40.6534375714507
13.3211100925077,40,-40,43.9383388647698,-40.8898026122044,41.6608065241481,-0.237070789736459,-3.93833886476983,0.889802612204413,2.27753234062172,-40.652731822468
13.3661138428202,40,-40,43.9384723038282,-40.8907650747392,41.7131025518115,-0.238995263392643,-3.93847230382823,0.890765074739228,2.22536975201669,-40.6517698113466
13.4111175931328,40,-40,43.9386607108807,-40.8913383660499,41.757037661968,-0.240892264747161,-3.9386607108807,0.891338366049929,2.18162304891268,-40.6504461013028
13.4561213434453,40,-40,43.9388680145667,-40.8914780491241,41.7915911044671,-0.242753605094841,-3.93886801456674,0.891478049124139,2.14727691009963,-40.6487244440293
13.5011250937578,40,-40,43.9390587410009,-40.8912146509111,41.8172474480555,-0.244579603060223,-3.93905874100092,0.891214650911081,2.12181129294542,-40.6466350478509
13.5461288440703,40,-40,43.9392037949179,-40.8906396329459,41.8357393850668,-0.246378123423868,-3.9392037949179,0.89063963294587,2.10346440985114,-40.644261509522
13.5911325943829,40,-40,43.939284577567,-40.8898832759252,41.849618383977,-0.248162489559859,-3.93928457756699,0.889883275925236,2.08966619359001,-40.6417207863654
13.6361363446954,40,-40,43.9392949299924,-40.8890890221266,41.8617448402607,-0.249948736274181,-3.93929492999243,0.889089022126598,2.07755008973177,-40.6391402858524
13.6811400950079,40,-40,43.9392408117658,-40.8883888358017,41.8747909726399,-0.251752726292144,-3.93924081176579,0.888388835801692,2.06444983912588,-40.6366361095095
13.7261438453204,40,-40,43.9391380148033,-40.887883420718,41.8908355657237,-0.253587615701769,-3.93913801480332,0.887883420718012,2.04830244907964,-40.6342958050162
13.771147595633,40,-40,43.9390085072402,-40.8876298824395,41.9111044937667,-0.255462040068358,-3.93900850724022,0.887629882439491,2.02790401347357,-40.6321678423711
13.8161513459455,40,-40,43.9388761644074,-40.8876379076622,41.9358805443433,-0.257379232785557,-3.9388761644074,0.887637907662217,2.00299562006406,-40.6302586748767
13.861155096258,40,-40,43.9387626608643,-40.8878740306717,41.9645759938833,-0.259337112735954,-3.93876266086433,0.887874030671654,1.97418666698103,-40.6285369179357
13.9061588465705,40,-40,43.9386841831784,-40.8882723083671,41.995936270611,-0.261329218914069,-3.93868418317839,0.888272308367092,1.94274791256736,-40.626943089453
13.9511625968831,40,-40,43.9386494121066,-40.8887489003864,42.0283260460872,-0.263346248096044,-3.93864941210656,0.888748900386446,1.91032336601936,-40.6254026522904
13.9961663471956,40,-40,43.9386589615896,-40.8892177304575,42.0600418088343,-0.265377882132428,-3.93865896158962,0.88921773045746,1.87861715275532,-40.623839848325
14.0411700975081,40,-40,43.9387061999425,-40.8896045786943,42.0895973979281,-0.267414579014168,-3.93870619994253,0.889604578694346,1.84910880201446,-40.6221899996802
14.0861738478207,40,-40,43.9387791594869,-40.8898575333102,42.115939674899,-0.269449042639518,-3.93877915948695,0.889857533310185,1.82283948458799,-40.6204084906707
14.1311775981332,40,-40,43.9388630959256,-40.8899525709579,42.1385679016657,-0.271477168568156,-3.93886309592561,0.889952570957924,1.80029519425988,-40.6184754023898
14.1761813484457,40,-40,43.9389432032206,-40.8898939699518,42.1575491946071,-0.273498369743453,-3.93894320322065,0.889893969951821,1.78139400861354,-40.6163956002084
14.2211850987582,40,-40,43.9390070221571,-40.8897101277997,42.1734402663186,-0.275515297372563,-3.93900702215709,0.889710127799695,1.76556675583844,-40.6141948304271
14.2661888490708,40,-40,43.9390461853074,-40.8894460226208,42.1871396804557,-0.277533069007828,-3.93904618530741,0.88944602262081,1.75190650485171,-40.611912953613
14.3111925993833,40,-40,43.9390572919107,-40.8891539442371,42.1997031475475,-0.279558183738512,-3.93905729191074,0.889153944237101,1.73935414436323,-40.6095957604986
14.3561963496958,40,-40,43.9390418728844,-40.8888841977572,42.2121563149408,-0.28159733515044,-3.9390418728844,0.888884197757179,1.72688555794355,-40.6072868626067
14.4012001000083,40,-40,43.9390055594965,-40.8886772762078,42.2253355650765,-0.283656325492368,-3.93900555949649,0.888677276207837,1.71366999441999,-40.6050209507155
14.4462038503209,40,-40,43.9389566856079,-40.8885585774687,42.2397789608053,-0.285739244985122,-3.93895668560789,0.888558577468743,1.69917772480255,-40.6028193324836
14.4912076006334,40,-40,43.9389046182275,-40.8885361988263,42.2556786174815,-0.287848018761406,-3.93890461822745,0.888536198826252,1.68322600074591,-40.6006881800648
14.5362113509459,40,-40,43.9388581200398,-40.8886017819726,42.2728945102351,-0.289982353110399,-3.93885812003982,0.888601781972632,1.66596360980471,-40.5986194288622
14.5812151012584,40,-40,43.9388240058754,-40.8887338946445,42.2910198837646,-0.292140044974386,-3.9388240058754,0.88873389464451,1.64780412211083,-40.5965938496701
14.626218851571,40,-40,43.9388062757496,-40.8889030913764,42.3094813900951,-0.294317564397921,-3.93880627574956,0.888903091376356,1.62932488565445,-40.5945855269784
14.6712226018835,40,-40,43.9388058076247,-40.8890776325486,42.3276535965534,-0.296510785901079,-3.93880580762466,0.889077632548613,1.6111522110713,-40.5925668466475
14.716226352196,40,-40,43.9388205921124,-40.8892288618758,42.3449676983797,-0.298715734583029,-3.93882059211236,0.889228861875765,1.59385289373267,-40.5905131272927
14.7612301025085,40,-40,43.9388464055536,-40.8893354214542,42.3609976686695,-0.300929225206147,-3.93884640555361,0.889335421454248,1.57784873688411,-40.5884061962481
14.8062338528211,40,-40,43.9388777593988,-40.8893857720862,42.3755127607104,-0.303149303156716,-3.93887775939877,0.889385772086158,1.56336499868841,-40.5862364689294
14.8512376031336,40,-40,43.9389089387422,-40.8893788248255,42.3884920596601,-0.305375438168773,-3.93890893874222,0.889378824825464,1.55041687908208,-40.5840033866567
14.8962413534461,40,-40,43.9389349512197,-40.8893228170545,42.4001034322463,-0.307608467039889,-3.93893495121967,0.88932281705452,1.53883151897334,-40.5817143500146
14.9412451037586,40,-40,43.9389522437993,-40.8892328316602,42.4106546781225,-0.309850322537399,-3.93895224379933,0.889232831660244,1.52829756567683,-40.5793825091228
14.9862488540712,40,-40,43.9389590999586,-40.8891275261584,42.4205282020972,-0.312103616094166,-3.93895909995857,0.889127526158433,1.5184308978614,-40.5770239100643
15.0312526043837,40,-40,43.9389556921354,-40.8890256949519,42.4301117715549,-0.314371157940463,-3.93895569213542,0.889025694951926,1.50884392058054,-40.5746545370115
15.0762563546962,40,-40,43.9389438231488,-40.8889432371834,42.4397369826143,-0.316655499016699,-3.93894382314879,0.888943237183355,1.49920684053451,-40.5722877381667
15.1212601050088,40,-40,43.9389264364116,-40.8888909663253,42.4496343632225,-0.318958565999776,-3.93892643641164,0.888890966325285,1.48929207318916,-40.5699324003255
15.1662638553213,40,-40,43.9389070023112,-40.8888735082812,42.4599102509489,-0.321281437737594,-3.93890700231117,0.888873508281229,1.4789967513623,-40.5675920705436
15.2112676056338,40,-40,43.9388888949327,-40.8888893293587,42.4705464463864,-0.323624283193315,-3.93888889493272,0.888889329358747,1.46834244854632,-40.5652650461654
15.2562713559463,40,-40,43.9388748608209,-40.8889317489958,42.4814198655856,-0.325986452775323,-3.93887486082089,0.888931748995773,1.4574549952353,-40.5629452962204
15.3012751062589,40,-40,43.9388666541017,-40.8889906521519,42.4923365541309,-0.328366691194949,-3.93886665410167,0.888990652151868,1.44653009997072,-40.5606239609569
15.3462788565714,40,-40,43.9388648762966,-40.8890545394944,42.5030728227191,-0.330763424037764,-3.93886487629657,0.889054539494374,1.43579205357743,-40.5582911154566
15.3912826068839,40,-40,43.9388690214241,-40.8891125443669,42.5134160191532,-0.333175063732824,-3.9388690214241,0.889112544366874,1.42545300227087,-40.5559374806341
15.4362863571964,40,-40,43.9388776938142,-40.8891560970672,42.5231984367146,-0.335600283545478,-3.93887769381423,0.889156097067158,1.41567925709959,-40.5535558135217
15.481290107509,40,-40,43.9388889422471,-40.8891800133491,42.5323197656523,-0.338038219088617,-3.93888894224714,0.889180013349062,1.40656917659479,-40.5511417942604
15.5262938578215,40,-40,43.9389006422516,-40.8891829042403,42.5407559042527,-0.340488573025602,-3.93890064225157,0.889182904240336,1.39814473799886,-40.5486943312147
15.571297608134,40,-40,43.9389108590683,-40.8891669259845,42.548554409225,-0.342951616936552,-3.93891085906826,0.889166925984476,1.39035644984321,-40.5462153090479
15.6163013584465,40,-40,43.9389181352481,-40.8891369924444,42.5558189783055,-0.345428101553247,-3.93891813524808,0.889136992444392,1.38309915694259,-40.5437088908911
15.6613051087591,40,-40,43.9389216659258,-40.8890996433025,42.5626868233492,-0.347919100071041,-3.93892166592577,0.889099643302494,1.37623484257657,-40.5411805432315
15.7063088590716,40,-40,43.9389213474701,-40.8890617925182,42.5693034539536,-0.350425817253535,-3.93892134747011,0.889061792518241,1.36961789351655,-40.5386359752647
15.7513126093841,40,-40,43.9389177073638,-40.8890295727372,42.5757992436783,-0.352949398880605,-3.93891770736379,0.889029572737229,1.36311846368545,-40.5360801738566
15.7963163596966,40,-40,43.9389117413052,-40.889007449065,42.582271318795,-0.355490772152825,-3.9389117413052,0.889007449064962,1.35664042251025,-40.5335166769121
15.8413201100092,40,-40,43.938904695229,-40.8889977107874,42.5887730131583,-0.358050539244008,-3.93890469522905,0.888997710787379,1.3501316820707,-40.5309471715434
15.8863238603217,40,-40,43.9388978341253,-40.8890003754526,42.5953116387975,-0.360628935152407,-3.93889783412534,0.889000375452646,1.34358619532784,-40.5283714403002
15.9313276106342,40,-40,43.9388922364627,-40.8890134692875,42.6018538945039,-0.363225849412185,-3.93889223646273,0.88901346928747,1.3370383419588,-40.5257876198753
15.9763313609467,40,-40,43.9388886440858,-40.8890335920447,42.6083370942334,-0.365840901012734,-3.9388886440858,0.88903359204469,1.33055154985235,-40.523192691032
16.0213351112593,40,-40,43.9388873848265,-40.889056640213,42.6146836902366,-0.368473548518184,-3.93888738482647,0.889056640212985,1.32420369458985,-40.5205830916948
16.0663388615718,40,-40,43.9388883712373,-40.8890785528387,42.6208163516185,-0.371123213741566,-3.93888837123735,0.889078552838747,1.3180720196189,-40.5179553390972
16.1113426118843,40,-40,43.9388911661948,-40.8890959575134,42.6266711106474,-0.373789397574715,-3.93889116619476,0.889095957513362,1.31222005554737,-40.5153065599386
16.1563463621968,40,-40,43.9388950965213,-40.889106625364,42.632206708536,-0.376471770232717,-3.93889509652128,0.889106625364029,1.30668838798532,-40.5126348551313
16.2013501125094,40,-40,43.9388993904043,-40.889109685893,42.6374091146844,-0.379170224272299,-3.93889939040434,0.889109685892969,1.30149027571995,-40.5099394616207
16.2463538628219,40,-40,43.9389033135766,-40.8891055971605,42.6422910957109,-0.381884886033667,-3.9389033135766,0.889105597160473,1.29661221786575,-40.5072207111268
16.2913576131344,40,-40,43.9389062825367,-40.8890959066111,42.6468875205479,-0.384616088329416,-3.93890628253666,0.889095906611068,1.29201876198871,-40.5044798182817
16.336361363447,40,-40,43.9389079394808,-40.8890828670181,42.6512476867782,-0.387364313120173,-3.93890793948081,0.889082867018139,1.28766025270259,-40.501718553898
16.3813651137595,40,-40,43.9389081816748,-40.8890689872166,42.6554262712305,-0.390130116762729,-3.93890818167482,0.889068987216646,1.28348191044434,-40.4989388704539
16.426368864072,40,-40,43.938907146218,-40.889056597814,42.6594745286711,-0.392914051805607,-3.93890714621804,0.889056597813983,1.2794326175469,-40.4961425460084
16.4713726143845,40,-40,43.9389051581986,-40.8890474996624,42.6634331200014,-0.395716598292439,-3.93890515819864,0.889047499662375,1.27547203819721,-40.4933309013699
16.5163763646971,40,-40,43.9389026551216,-40.8890427411457,42.6673275175622,-0.398538114548271,-3.93890265512161,0.889042741145694,1.27157513755944,-40.4905046265974
16.5613801150096,40,-40,43.9389001026975,-40.8890425439279,42.671166403547,-0.401378813171325,-3.9389001026975,0.889042543927907,1.26773369915048,-40.4876637307566
16.6063838653221,40,-40,43.9388979165877,-40.8890463705488,42.6749429455875,-0.404238763258628,-3.93889791658771,0.889046370548783,1.26395497100018,-40.4848076072902
16.6513876156346,40,-40,43.9388964019275,-40.8890531053278,42.6786383866311,-0.407117915562271,-3.93889640192745,0.889053105327775,1.2602580152963,-40.4819351897655
16.6963913659472,40,-40,43.9388957181201,-40.8890613054262,42.6822270852878,-0.410016143959471,-3.93889571812012,0.889061305426154,1.25666863283227,-40.4790451614667
16.7413951162597,40,-40,43.9388958714064,-40.8890694730495,42.6856820178827,-0.41293329474071,-3.93889587140637,0.889069473049489,1.25321385352366,-40.4761361783088
16.7863988665722,40,-40,43.9388967329398,-40.889076302499,42.6889798026331,-0.415869234918072,-3.9388967329398,0.889076302498971,1.2499169303067,-40.4732070675809
16.8314026168847,40,-40,43.93889807629,-40.88908086559,42.6921045000925,-0.418823891900623,-3.93889807628997,0.889080865589968,1.24679357619749,-40.4702569736893
16.8764063671973,40,-40,43.9388996259325,-40.8890827133928,42.695049733227,-0.421797279130504,-3.93889962593252,0.889082713392796,1.2438498927055,-40.4672854342623
16.9214101175098,40,-40,43.9389011075747,-40.8890818884217,42.6978189969315,-0.424789505136856,-3.93890110757472,0.889081888421664,1.2410821106432,-40.4642923832848
16.9664138678223,40,-40,43.9389022920117,-40.8890788564919,42.7004243334427,-0.427800766415496,-3.93890229201172,0.889078856491857,1.23847795856906,-40.4612780900764
17.0114176181348,40,-40,43.9389030262816,-40.8890743791977,42.7028837902071,-0.430831327096361,-3.93890302628157,0.889074379197737,1.23601923607452,-40.4582430521014
17.0564213684474,40,-40,43.9389032487035,-40.889069354872,42.7052182200952,-0.433881490151632,-3.93890324870355,0.889069354872042,1.23368502860836,-40.4551878647204
17.1014251187599,40,-40,43.9389029873956,-40.8890646574645,42.7074480194756,-0.436951565723133,-3.93890298739561,0.889064657464466,1.23145496792005,-40.4521130917413
17.1464288690724,40,-40,43.9389023445693,-40.8890609994373,42.7095903353049,-0.440041841983324,-3.93890234456931,0.889060999437326,1.22931200926441,-40.449019157454
17.1914326193849,40,-40,43.938901470895,-40.889058837668,42.7116571308933,-0.443152562928668,-3.938901470895,0.889058837667996,1.22724434000173,-40.4459062747393
17.2364363696975,40,-40,43.9389005352893,-40.8890583320804,42.7136543136623,-0.446283915895283,-3.93890053528926,0.889058332080438,1.22524622162697,-40.4427744161852
17.28144012001,40,-40,43.9388996955423,-40.8890593570593,42.7155819325441,-0.449436029710896,-3.93889969554227,0.889059357059331,1.22331776299821,-40.4396233273484
17.3264438703225,40,-40,43.9388990743932,-40.8890615572289,42.7174352801928,-0.452608982585133,-3.93889907439318,0.889061557228892,1.22146379420038,-40.4364525746438
17.3714476206351,40,-40,43.9388987442122,-40.8890644331149,42.7192066106519,-0.455802817376337,-3.93889874421224,0.889064433114903,1.21969213356034,-40.4332616157386
17.4164513709476,40,-40,43.9388987216734,-40.8890674392233,42.7208871205332,-0.459017560953311,-3.93889872167336,0.889067439223282,1.21801160114017,-40.43004987827
17.4614551212601,40,-40,43.9388989720259,-40.8890700772577,42.7224688433995,-0.462253244081232,-3.93889897202592,0.889070077257678,1.21643012862637,-40.4268168331764
17.5064588715726,40,-40,43.9388994210827,-40.8890719701344,42.7239461646584,-0.465509918578073,-3.93889942108269,0.889071970134438,1.21495325642431,-40.4235620515564
17.5514626218852,40,-40,43.9388999720386,-40.8890729073225,42.7253167616318,-0.468787669292395,-3.93889997203858,0.8890729073225,1.2135832104068,-40.4202852380301
17.5964663721977,40,-40,43.9389005238193,-40.8890728578164,42.7265818900044,-0.472086619560654,-3.93890052381931,0.889072857816437,1.21231863381493,-40.4169862382558
17.6414701225102,40,-40,43.9389009878259,-40.8890719527021,42.7277460524925,-0.475406930000919,-3.93890098782592,0.88907195270211,1.2111549353334,-40.4136650227012
17.6864738728227,40,-40,43.9389013005893,-40.8890704439057,42.7288161801654,-0.478748791586946,-3.93890130058927,0.889070443905709,1.21008512042391,-40.4103216523188
17.7314776231353,40,-40,43.9389014308151,-40.8890686487139,42.7298005187155,-0.482112414759333,-3.93890143081506,0.889068648713881,1.20910091209961,-40.4069562339545
17.7764813734478,40,-40,43.9389013803891,-40.8890668907373,42.7307074352851,-0.485498016769873,-3.93890138038909,0.889066890737318,1.20819394510399,-40.4035688739674
17.8214851237603,40,-40,43.9389011799354,-40.8890654472288,42.7315443472767,-0.488905809492096,-3.93890117993536,0.889065447228781,1.20735683265865,-40.4001596377367
17.8664888740728,40,-40,43.9389008803187,-40.8890645104103,42.7323169298736,-0.492335989604859,-3.93890088031873,0.889064510410257,1.20658395044513,-40.3967285208054
17.9114926243854,40,-40,43.9389005419618,-40.8890641672622,42.7330286947352,-0.495788732460086,-3.93890054196179,0.889064167262241,1.20587184722661,-40.3932754348022
17.9564963746979,40,-40,43.9389002239614,-40.8890643987115,42.7336809612774,-0.499264190206178,-3.93890022396144,0.889064398711547,1.20521926268401,-40.3898002085054
18.0015001250104,40,-40,43.9388999747763,-40.8890650959268,42.7342731763189,-0.502762493990601,-3.93889997477632,0.88906509592681,1.20462679845746,-40.3863026019362
18.0465038753229,40,-40,43.9388998257824,-40.8890660889732,42.7348034875435,-0.506283759429576,-3.93889982578243,0.88906608897323,1.20409633823889,-40.3827823295437
18.0915076256355,40,-40,43.9388997883727,-40.889067181689,42.7352694473229,-0.50982809409923,-3.9388997883727,0.889067181688965,1.20363034104977,-40.3792390875897
18.136511375948,40,-40,43.9388998546233,-40.8890681864139,42.7356687179459,-0.513395605617765,-3.93889985462334,0.889068186413937,1.20323113667743,-40.3756725807962
18.1815151262605,40,-40,43.9389000009751,-40.8890689530207,42.7359996651713,-0.516986408954453,-3.9389000009751,0.889068953020676,1.20290033580377,-40.3720825440662
18.226518876573,40,-40,43.9389001939626,-40.8890693883031,42.736261759034,-0.520600631878681,-3.93890019396265,0.889069388303056,1.20263843492863,-40.3684687564244
18.2715226268856,40,-40,43.9389003968177,-40.8890694638175,42.7364557418492,-0.524238417883643,-3.93890039681774,0.889069463817471,1.20244465496855,-40.3648310459338
18.3165263771981,40,-40,43.9389005757779,-40.8890692123603,42.7365835656866,-0.527899926399811,-3.93890057577794,0.889069212360305,1.20231701009131,-40.3611692859605
18.3615301275106,40,-40,43.9389007051261,-40.8890687150651,42.7366481382586,-0.531585330569552,-3.93890070512608,0.889068715065072,1.20225256686749,-40.3574833844955
18.4065338778232,40,-40,43.9389007703105,-40.8890680823591,42.7366529420211,-0.535294813215755,-3.93890077031047,0.889068082359131,1.20224782828939,-40.3537732691434
18.4515376281357,40,-40,43.9389007688851,-40.8890674325998,42.7366016035178,-0.539028561856069,-3.93890076888511,0.889067432599802,1.20229916536727,-40.3500388707437
18.4965413784482,40,-40,43.9389007093911,-40.8890668721058,42.7364974883613,-0.542786763672045,-3.93890070939113,0.889066872105779,1.20240322102987,-40.3462801084337
18.5415451287607,40,-40,43.938900608616,-40.8890664796113,42.7363433837123,-0.546569601247265,-3.93890060861595,0.88906647961128,1.20255722490368,-40.342496878364
18.5865488790733,40,-40,43.9389004878719,-40.8890662970838,42.7361413083676,-0.550377249673339,-3.93890048787193,0.889066297083843,1.20275917950438,-40.3386890474105
18.6315526293858,40,-40,43.9389003690139,-40.889066327584,42.7358924650966,-0.554209875335502,-3.93890036901386,0.889066327584032,1.20300790391728,-40.3348564522485
18.6765563796983,40,-40,43.9389002708666,-40.889066539631,42.7355973252264,-0.5580676363846,-3.93890027086658,0.88906653963101,1.2033029456402,-40.3309989032464
18.7215601300108,40,-40,43.9389002065842,-40.8890668765621,42.7352558155221,-0.561950684630453,-3.93890020658424,0.889066876562062,1.20364439106211,-40.3271161919316
18.7665638803234,40,-40,43.9389001822487,-40.8890672687617,42.7348675647419,-0.565859168393158,-3.93890018224867,0.889067268761735,1.20403261750673,-40.3232081003686
18.8115676306359,40,-40,43.9389001967767,-40.8890676464416,42.7344321629972,-0.56979323574703,-3.93890019677675,0.88906764644161,1.20446803377955,-40.3192744106946
18.8565713809484,40,-40,43.9389002429883,-40.8890679508526,42.7339493908476,-0.573753037592624,-3.93890024298833,0.889067950852606,1.20495085214076,-40.31531491326
18.9015751312609,40,-40,43.9389003095187,-40.8890681423275,42.7334193852834,-0.577738730083314,-3.93890030951866,0.889068142327531,1.20548092423524,-40.3113294122442
18.9465788815735,40,-40,43.9389003831631,-40.88906820426,42.7328427239668,-0.58175047608997,-3.93890038316308,0.889068204259956,1.20605765919633,-40.30731772817
18.991582631886,40,-40,43.9389004512242,-40.8890681428886,42.7322204245281,-0.585788445577461,-3.93890045122424,0.889068142888604,1.20668002669614,-40.3032796973111
19.0365863821985,40,-40,43.9389005034849,-40.8890679834454,42.7315538697385,-0.589852814955888,-3.93890050348488,0.889067983445401,1.20734663374637,-40.2992151684895
19.081590132511,40,-40,43.9389005335367,-40.8890677637387,42.7308446798971,-0.593943765626772,-3.93890053353672,0.889067763738701,1.20805585363965,-40.2951239981119
19.1265938828236,40,-40,43.9389005393327,-40.8890675265209,42.7300945595799,-0.598061482049352,-3.93890053933266,0.889067526520897,1.20880597975279,-40.2910060444715
19.1715976331361,40,-40,43.9389005229707,-40.8890673120159,42.7293051466073,-0.602206149692418,-3.93890052297073,0.889067312015868,1.20959537636339,-40.2868611623234
19.2166013834486,40,-40,43.9389004898403,-40.8890671517846,42.7284778872527,-0.606377953214263,-3.93890048984028,0.88906715178463,1.21042260258758,-40.2826891985704
19.2616051337611,40,-40,43.9389004473469,-40.8890670647459,42.727613954509,-0.610577075138357,-3.93890044734689,0.889067064745852,1.21128649283792,-40.2784899896075
19.3066088840737,40,-40,43.9389004034733,-40.8890670557202,42.7267142172199,-0.614803695182251,-3.93890040347328,0.889067055720233,1.21218618625338,-40.274263360538
19.3516126343862,40,-40,43.938900365427,-40.8890671164173,42.7257792587531,-0.619057990274807,-3.93890036542705,0.889067116417252,1.21312110667396,-40.2700091261424
19.3966163846987,40,-40,43.9389003385818,-40.8890672284011,42.7248094361162,-0.623340135182094,-3.93890033858178,0.889067228401139,1.21409090246554,-40.265727093219
19.4416201350113,40,-40,43.9389003258442,-40.8890673673134,42.7238049650611,-0.627650303573594,-3.93890032584417,0.889067367313437,1.21509536078305,-40.2614170637398
19.4866238853238,40,-40,43.9389003274959,-40.8890675075182,42.7227660143621,-0.631988669308532,-3.93890032749588,0.889067507518185,1.21613431313376,-40.2570788382097
19.5316276356363,40,-40,43.938900341476,-40.8890676263721,42.7216927930816,-0.63635540771166,-3.93890034147601,0.889067626372146,1.21720754839444,-40.2527122186605
19.5766313859488,40,-40,43.938900364004,-40.889067707482,42.7205856177772,-0.640750696635344,-3.938900364004,0.889067707482049,1.21831474622677,-40.2483170108467
19.6216351362614,40,-40,43.9389003904005,-40.8890677425532,42.7194449514498,-0.645174717162203,-3.93890039040046,0.889067742553195,1.21945543895066,-40.243893025391
19.6666388865739,40,-40,43.9389004159498,-40.8890677317086,42.7182714115847,-0.649627653876733,-3.93890041594977,0.889067731708593,1.22062900436504,-40.2394400778319
19.7116426368864,40,-40,43.9389004366607,-40.8890676824185,42.7170657499211,-0.654109694711398,-3.93890043666074,0.889067682418521,1.22183468673962,-40.2349579877071
19.7566463871989,40,-40,43.9389004498162,-40.8890676073855,42.7158288107858,-0.658621030440709,-3.93890044981622,0.889067607385549,1.2230716390304,-40.2304465769448
19.8016501375115,40,-40,43.9389004542497,-40.8890675218546,42.714561477411,-0.663161853945013,-3.93890045424974,0.889067521854571,1.22433897683875,-40.2259056679096
19.846653887824,40,-40,43.9389004503391,-40.8890674408509,42.7132646164024,-0.667732359388828,-3.93890045033906,0.889067440850908,1.22563583393667,-40.2213350814621
19.8916576381365,40,-40,43.9389004397528,-40.8890673767984,42.7119390295491,-0.672332741456189,-3.93890043975279,0.889067376798437,1.22696141020368,-40.2167346353422
19.936661388449,40,-40,43.9389004250217,-40.8890673378521,42.7105854198413,-0.676963194760115,-3.93890042502171,0.889067337852097,1.22831500518043,-40.212104143092
19.9816651387616,40,-40,43.9389004090254,-40.8890673271231,42.7092043754261,-0.681623913502213,-3.93890040902535,0.889067327123108,1.2296960335993,-40.2074434136209
20.0266688890741,40,-40,43.9389003944867,-40.8890673428097,42.7077963718841,-0.686315091409532,-3.9389003944867,0.88906734280971,1.23110402260257,-40.2027522514002
20.0716726393866,40,-40,43.9389003835551,-40.8890673790992,42.7063617902294,-0.691036921928423,-3.93890038355512,0.889067379099231,1.23253859332576,-40.1980304571708
20.1166763896991,40,-40,43.9389003775333,-40.889067427601,42.704900945833,-0.695789598615903,-3.93890037753327,0.889067427600956,1.23399943170029,-40.1932778289851
20.1616801400117,40,-40,43.9389003767739,-40.8890674790132,42.7034141223205,-0.700573315644176,-3.93890037677393,0.889067479013214,1.2354862544534,-40.188494163369
20.2066838903242,40,-40,43.938900380742,-40.8890675247287,42.7019016044333,-0.705388268325185,-3.938900380742,0.889067524728723,1.23699877630875,-40.1836792564035
20.2516876406367,40,-40,43.9389003882111,-40.8890675581281,42.7003637047669,-0.710234653569379,-3.93890038821108,0.88906755812809,1.23853668344418,-40.1788329045587
20.2966913909492,40,-40,43.9389003975465,-40.889067575393,42.698800780909,-0.715112670213202,-3.93890039754653,0.889067575393028,1.24009961663748,-40.1739549051798
20.3416951412618,40,-40,43.9389004070184,-40.8890675757691,42.6972132414713,-0.72002251917808,-3.93890040701839,0.889067575769083,1.24168716554708,-40.169045056591
20.3866988915743,40,-40,43.9389004150908,-40.8890675613041,42.6956015414828,-0.724964403455204,-3.93890041509082,0.889067561304074,1.243298873608,-40.1641031578489
20.4317026418868,40,-40,43.9389004206441,-40.88906753617,42.6939661692521,-0.729938527938817,-3.93890042064409,0.889067536169996,1.24493425139195,-40.1591290082312
20.4767063921994,40,-40,43.9389004231021,-40.8890675057288,42.6923076279144,-0.734945099152632,-3.93890042310215,0.889067505728839,1.24659279518775,-40.1541224065762
20.5217101425119,40,-40,43.9389004224572,-40.8890674755243,42.6906264153234,-0.739984324926096,-3.93890042245719,0.889067475524321,1.24827400713376,-40.1490831505982
20.5667138928244,40,-40,43.9389004192,-40.8890674503702,42.6889230057587,-0.745056414078809,-3.93890041919999,0.889067450370192,1.24997741344127,-40.1440110362914
20.6117176431369,40,-40,43.9389004141789,-40.8890674336695,42.6871978361958,-0.750161576163674,-3.9389004141789,0.889067433669531,1.2517025779831,-40.1389058575059
20.6567213934495,40,-40,43.9389004084192,-40.8890674270451,42.6854512988014,-0.755300021304054,-3.93890040841923,0.889067427045077,1.2534491096178,-40.133767405741
20.701725143762,40,-40,43.9389004029367,-40.8890674303013,42.6836837401236,-0.76047196014119,-3.93890040293674,0.889067430301338,1.25521666281316,-40.1285954701601
20.7467288940745,40,-40,43.938900398576,-40.8890674416828,42.6818954662992,-0.765677603888648,-3.93890039857596,0.889067441682819,1.2570049322768,-40.1233898377942
20.791732644387,40,-40,43.9389003958961,-40.8890674583503,42.6800867527318,-0.770917164473608,-3.93890039589613,0.889067458350269,1.25881364316428,-40.1181502938767
20.8367363946996,40,-40,43.9389003951171,-40.8890674769713,42.6782578561629,-0.776190854733254,-3.93890039511713,0.889067476971263,1.26064253895421,-40.112876622238
20.8817401450121,40,-40,43.9389003961266,-40.889067494316,42.6764090269327,-0.781498888629115,-3.93890039612663,0.889067494316045,1.26249136919396,-40.1075686056869
20.9267438953246,40,-40,43.9389003985395,-40.8890675077627,42.6745405194764,-0.786841481443655,-3.93890039853949,0.889067507762697,1.26435987906311,-40.102226026319
20.9717476456371,40,-40,43.9389004017937,-40.8890675156416,42.6726525996259,-0.792218849930175,-3.93890040179365,0.889067515641607,1.26624780216771,-40.0968486657114
21.0167513959497,40,-40,43.9389004052623,-40.8890675173844,42.6707455479717,-0.797631212397893,-3.93890040526229,0.88906751738439,1.26815485729063,-40.0914363049865
21.0617551462622,40,-40,43.9389004083624,-40.8890675134775,42.6688196592722,-0.803078788726553,-3.93890040836243,0.889067513477528,1.27008074909025,-40.085988724751
21.1067588965747,40,-40,43.938900410643,-40.8890675052527,42.6668752385256,-0.808561800316779,-3.93890041064296,0.889067505252676,1.27202517211736,-40.0805057049359
21.1517626468872,40,-40,43.9389004118405,-40.8890674945677,42.6649125947811,-0.81408046999214,-3.9389004118405,0.889067494567705,1.27398781705943,-40.0749870245756
21.1967663971998,40,-40,43.9389004118982,-40.889067483443,42.6629320339882,-0.819635021874716,-3.93890041189822,0.889067483443014,1.27596837791001,-40.0694324615683
21.2417701475123,40,-40,43.9389004109491,-40.8890674737173,42.6609338521815,-0.825225681257838,-3.93890041094914,0.889067473717347,1.2779665587676,-40.0638417924595
21.2867738978248,40,-40,43.9389004092711,-40.8890674667756,42.6589183300768,-0.830852674497444,-3.9389004092711,0.889067466775579,1.27998207919426,-40.0582147922781
21.3317776481373,40,-40,43.9389004072242,-40.8890674633833,42.6568857297909,-0.836516228937933,-3.93890040722418,0.889067463383341,1.28201467743324,-40.0525512344454
21.3767813984499,40,-40,43.9389004051827,-40.8890674636415,42.6548362939753,-0.842216572881397,-3.93890040518266,0.889067463641503,1.28406411120738,-40.0468508907601
21.4217851487624,40,-40,43.9389004034732,-40.889067467053,42.6527702472214,-0.847953935600746,-3.93890040347321,0.889067467053025,1.28613015625178,-40.0411135314523
21.4667888990749,40,-40,43.9389004023285,-40.8890674726772,42.6506877992559,-0.85372854739035,-3.93890040232848,0.889067472677226,1.28821260307256,-40.0353389252869
21.5117926493874,40,-40,43.9389004018616,-40.8890674793361,42.6485891492091,-0.859540639642525,-3.93890040186157,0.889067479336106,1.29031125265248,-40.0295268396936
21.5567963997,40,-40,43.9389004020627,-40.8890674858327,42.646474490165,-0.865390444935225,-3.93890040206271,0.88906748583274,1.29242591189772,-40.0236770408975
21.6018001500125,40,-40,43.9389004028163,-40.8890674911456,42.6443440132456,-0.871278197116241,-3.93890040281629,0.889067491145639,1.29455638957072,-40.0177892940294
21.646803900325,40,-40,43.9389004039325,-40.8890674945706,42.6421979106594,-0.877204131371369,-3.9389004039325,0.889067494570646,1.29670249327309,-40.0118633631993
21.6918076506376,40,-40,43.9389004051871,-40.8890674957942,42.6400363773714,-0.88316848426806,-3.93890040518709,0.889067495794208,1.29886402781571,-40.0058990115261
21.7368114009501,40,-40,43.9389004063616,-40.8890674948949,42.6378596113219,-0.889171493770941,-3.93890040636163,0.889067494894924,1.30104079503972,-39.999896001124
21.7818151512626,40,-40,43.9389004072777,-40.889067492282,42.6356678123595,-0.895213399230347,-3.93890040727774,0.889067492281974,1.30323259491824,-39.9938540930516
21.8268189015751,40,-40,43.9389004078208,-40.8890674885883,42.6334611802388,-0.901294441349562,-3.93890040782081,0.88906748858826,1.30543922758196,-39.9877730472387
21.8718226518877,40,-40,43.9389004079503,-40.889067484541,42.6312399121402,-0.907414862138868,-3.93890040795032,0.889067484540966,1.30766049581013,-39.9816526224021
21.9168264022002,40,-40,43.9389004076971,-40.8890674808332,42.6290042001878,-0.913574904865919,-3.93890040769712,0.889067480833219,1.30989620750932,-39.9754925759673
21.9618301525127,40,-40,43.9389004071496,-40.8890674780172,42.6267542293805,-0.919774814011459,-3.93890040714957,0.889067478017168,1.31214617776908,-39.9692926640057
22.0068339028252,40,-40,43.9389004064322,-40.8890674764331,42.6244901762342,-0.926014835237288,-3.93890040643223,0.889067476433056,1.31441023019804,-39.9630526411958
22.0518376531378,40,-40,43.9389004056813,-40.8890674761811,42.6222122082816,-0.932295215371117,-3.9389004056813,0.889067476181125,1.31668819739967,-39.95677226081
22.0968414034503,40,-40,43.9389004050214,-40.8890674771355,42.6199204844194,-0.938616202409058,-3.93890040502141,0.889067477135491,1.31897992060198,-39.9504512747264
22.1418451537628,40,-40,43.938900404547,-40.8890674789926,42.6176151559561,-0.944978045534161,-3.938900404547,0.889067478992551,1.3212852485909,-39.9440894334584
22.1868489040753,40,-40,43.938900404311,-40.8890674813418,42.6152963681217,-0.951380995146619,-3.93890040431099,0.88906748134184,1.32360403618931,-39.9376864861952
22.2318526543879,40,-40,43.9389004043215,-40.8890674837452,42.6129642617561,-0.957825302900115,-3.93890040432147,0.889067483745208,1.32593614256535,-39.9312421808451
22.2768564047004,40,-40,43.938900404546,-40.8890674858105,42.6106189748974,-0.964311221738212,-3.93890040454598,0.889067485810521,1.32828142964853,-39.9247562640723
22.3218601550129,40,-40,43.9389004049218,-40.8890674872488,42.6082606440407,-0.970839005925508,-3.93890040492182,0.889067487248795,1.33063976088108,-39.9182284813233
22.3668639053254,40,-40,43.9389004053698,-40.8890674879077,42.6058894049258,-0.977408911069686,-3.93890040536982,0.889067487907695,1.33301100044405,-39.911658576838
22.411867655638,40,-40,43.9389004058091,-40.8890674877788,42.6035053927957,-0.984021194132402,-3.93890040580914,0.889067487778846,1.3353950130134,-39.9050462936464
22.4568714059505,40,-40,43.9389004061704,-40.8890674869812,42.601108742166,-0.990676113429009,-3.93890040617043,0.889067486981226,1.33779166400443,-39.8983913735522
22.501875156263,40,-40,43.9389004064055,-40.8890674857262,42.5986995862177,-0.997373928619037,-3.93890040640547,0.889067485726216,1.3402008201878,-39.8916935571072
22.5468789065755,40,-40,43.9389004064924,-40.8890674842721,42.5962780559698,-1.00411490069034,-3.93890040649235,0.889067484272147,1.34262235052253,-39.8849525835818
22.5918826568881,40,-40,43.9389004064356,-40.889067482877,42.5938442794041,-1.01089929194066,-3.93890040643564,0.889067482877039,1.34505612703153,-39.8781681909364
22.6368864072006,40,-40,43.9389004062623,-40.8890674817572,42.5913983807012,-1.01772736596053,-3.93890040626235,0.88906748175723,1.34750202556116,-39.8713401157967
22.6818901575131,40,-40,43.9389004060148,-40.8890674810579,42.5889404797089,-1.02459938762023,-3.93890040601481,0.889067481057914,1.3499599263059,-39.8644680934377
22.7268939078257,40,-40,43.938900405742,-40.8890674808388,42.5864706917105,-1.03151562306316,-3.938900405742,0.889067480838762,1.35242971403149,-39.8575518577756
22.7718976581382,40,-40,43.9389004054908,-40.889067481075,42.5839891275041,-1.03847633970633,-3.93890040549081,0.88906748107496,1.35491127798674,-39.8505911413686
22.8169014084507,40,-40,43.9389004052988,-40.8890674816718,42.5814958937521,-1.04548180624735,-3.9389004052988,0.889067481671795,1.35740451154673,-39.8435856754244
22.8619051587632,40,-40,43.9389004051894,-40.8890674824886,42.5789910935238,-1.05253229267681,-3.93890040518941,0.889067482488564,1.35990931166561,-39.8365351898117
22.9069089090758,40,-40,43.9389004051698,-40.8890674833668,42.576474826929,-1.05962807029355,-3.93890040516984,0.889067483366823,1.3624255782408,-39.8294394130733
22.9519126593883,40,-40,43.938900405232,-40.8890674841581,42.5739471917402,-1.06676941172048,-3.93890040523202,0.889067484158083,1.36495321349182,-39.8222980724376
22.9969164097008,40,-40,43.9389004053558,-40.8890674847463,42.5714082839164,-1.07395659091904,-3.93890040535578,0.889067484746327,1.36749212143934,-39.8151108938273
23.0419201600133,40,-40,43.9389004055136,-40.8890674850626,42.5688581979654,-1.08118988320001,-3.93890040551359,0.889067485062562,1.37004220754815,-39.8078776018626
23.0869239103259,40,-40,43.9389004056759,-40.88906748509,42.5662970271179,-1.08846956523006,-3.93890040567589,0.889067485090024,1.37260337855803,-39.80059791986
23.1319276606384,40,-40,43.9389004058161,-40.8890674848604,42.5637248633158,-1.09579591503382,-3.93890040581609,0.889067484860377,1.37517554250027,-39.7932715698266
23.1769314109509,40,-40,43.9389004059145,-40.8890674844425,42.5611417970539,-1.10316921199166,-3.93890040591449,0.889067484442528,1.37775860886062,-39.7858982724509
23.2219351612634,40,-40,43.9389004059605,-40.889067483927,42.5585479171214,-1.11058973683481,-3.93890040596052,0.889067483926965,1.38035248883909,-39.7784777470922
23.266938911576,40,-40,43.9389004059533,-40.8890674834086,42.5559433103118,-1.11805777163874,-3.93890040595333,0.88906748340856,1.38295709564155,-39.7710097117698
23.3119426618885,40,-40,43.9389004059007,-40.8890674829708,42.5533280611559,-1.1255735998168,-3.93890040590073,0.889067482970802,1.38557234474482,-39.763493883154
23.356946412201,40,-40,43.9389004058168,-40.8890674826738,42.5507022517297,-1.13313750611504,-3.93890040581681,0.889067482673802,1.38819815408714,-39.7559299765588
23.4019501625135,40,-40,43.9389004057189,-40.8890674825476,42.5480659615632,-1.1407497766094,-3.93890040571894,0.889067482547631,1.39083444415571,-39.7483177059382
23.4469539128261,40,-40,43.9389004056246,-40.8890674825912,42.5454192676643,-1.14841069870558,-3.93890040562456,0.889067482591194,1.39348113796029,-39.7406567838856
23.4919576631386,40,-40,43.9389004055484,-40.8890674827763,42.5427622446428,-1.1561205611417,-3.93890040554836,0.889067482776326,1.39613816090554,-39.7329469216346
23.5369614134511,40,-40,43.9389004055003,-40.8890674830557,42.5400949649146,-1.16387965399308,-3.93890040550028,0.889067483055662,1.39880544058564,-39.7251878290626
23.5819651637636,40,-40,43.9389004054845,-40.8890674833727,42.5374174989464,-1.17168826867846,-3.93890040548455,0.889067483372656,1.40148290653812,-39.7173792146942
23.6269689140762,40,-40,43.9389004054996,-40.8890674836718,42.5347299155072,-1.17954669796656,-3.93890040549962,0.889067483671774,1.40417048999246,-39.7095207857052
23.6719726643887,40,-40,43.9389004055393,-40.8890674839073,42.5320322818894,-1.18745523598228,-3.93890040553926,0.889067483907276,1.40686812364989,-39.701612247925
23.7169764147012,40,-40,43.938900405594,-40.8890674840493,42.5293246640799,-1.19541417821163,-3.93890040559403,0.889067484049349,1.4095757415141,-39.6936533058377
23.7619801650137,40,-40,43.9389004056533,-40.8890674840869,42.5266071268608,-1.20342382150475,-3.93890040565326,0.889067484086866,1.41229327879248,-39.6856436625821
23.8069839153263,40,-40,43.9389004057069,-40.8890674840269,42.5238797338413,-1.21148446407723,-3.9389004057069,0.889067484026867,1.41502067186556,-39.6775830199496
23.8519876656388,40,-40,43.938900405747,-40.8890674838912,42.5211425474341,-1.21959640550947,-3.93890040574704,0.889067483891154,1.41775785831296,-39.6694710783817
23.8969914159513,40,-40,43.9389004057689,-40.8890674837109,42.518395628787,-1.22775994674479,-3.93890040576893,0.889067483710924,1.42050477698195,-39.6613075369661
23.9419951662639,40,-40,43.9389004057713,-40.8890674835206,42.5156390376991,-1.23597539008657,-3.93890040577135,0.889067483520641,1.42326136807223,-39.6530920934341
23.9869989165764,40,-40,43.9389004057563,-40.8890674833521,42.5128728325372,-1.24424303919532,-3.93890040575632,0.889067483352072,1.42602757321909,-39.6448244441568
24.0320026668889,40,-39.9985012523459,43.9389004095804,-40.8890674310759,42.5125036544346,-1.25263430075564,-3.93890040958042,0.890566178729955,1.4263967551458,-39.6364331303202
24.0770064172014,40,-39.9906562939833,43.9389057114721,-40.8889937476731,42.5921526416345,-1.26348899604559,-3.93890571147212,0.898337453689827,1.34675306983764,-39.6255047516276
24.122010167514,40,-39.9761401876598,43.9389629773799,-40.8881651530824,42.7916911944328,-1.27811691638646,-3.93896297737994,0.91202496542261,1.14727178294709,-39.610048236696
24.1670139178265,40,-39.9550036217095,43.9391666611612,-40.8850555339958,43.086858242253,-1.29595426022641,-3.93916666116116,0.930051912286352,0.852308418908166,-39.5891012737694
24.212017668139,40,-39.9272972844663,43.9396211462911,-40.8776119978969,43.4395777371576,-1.31598442728871,-3.93962114629105,0.950314713430551,0.500043409133418,-39.5616275706082
24.2570214184515,40,-39.8930718642643,43.9404006951722,-40.8636490502096,43.8055366382135,-1.33694204577347,-3.94040069517219,0.970577185945245,0.134864056958733,-39.5267070044361
24.3020251687641,40,-39.8523780494376,43.941520040443,-40.8412211684484,44.1421125312162,-1.35754056188759,-3.94152004044296,0.988843119010895,-0.200592490773275,-39.4836806065609
24.3470289190766,40,-39.80526652832,43.9429223550906,-40.8089157818602,44.4153801325325,-1.37668728311337,-3.94292235509064,1.00364925354019,-0.472457777441889,-39.4322284987468
24.3920326693891,40,-39.7517879892457,43.944486299282,-40.7660279739811,44.605017324578,-1.39365015609168,-3.94448629928202,1.01423998473541,-0.660531025295946,-39.3723778178894
24.4370364197016,40,-39.6919931205487,43.9460491418047,-40.7126017519978,44.7063613177648,-1.4081494029967,-3.94604914180471,1.02060863144914,-0.760312175960081,-39.3044523490011
24.4820401700142,40,-39.6259326105629,43.9474395455459,-40.649346123553,44.7294844213116,-1.4203624283145,-3.94743954554591,1.02341351299007,-0.782044875765649,-39.2289836952385
24.5270439203267,40,-39.5536571476225,43.9485120269819,-40.5774536518899,44.6957833818449,-1.4308483537742,-3.94851202698186,1.02379650426739,-0.747271354863017,-39.1466052981157
24.5720476706392,40,-39.4752174200614,43.9491754308033,-40.4983618780961,44.6330214507504,-1.44041404871642,-3.94917543080329,1.02314445803476,-0.68384601994709,-39.0579478293797
24.6170514209517,40,-39.3906641162136,43.9494096833783,-40.4135026810178,44.5699278612281,-1.44995251653079,-3.94940968337826,1.02283856480422,-0.620518177849881,-38.9635501644871
24.6620551712643,40,-39.3000479244133,43.9492680071016,-40.3240814444287,44.5313569817443,-1.46028551222336,-3.94926800710155,1.02403352001546,-0.582088974642701,-38.8637959322054
24.7070589215768,40,-39.2034195329943,43.948864977906,-40.2309182495953,44.5347304882178,-1.47203659148766,-3.94886497790596,1.02749871660104,-0.585865510311834,-38.7588816581077
24.7520626718893,40,-39.1008296302907,43.9483536146936,-40.1343695342215,44.5881427384201,-1.48555133582139,-3.94835361469357,1.03353990393079,-0.639789123726509,-38.6488181984001
24.7970664222019,40,-38.9923289046366,43.9478965904464,-40.0343334849604,44.6901877475725,-1.50087124471457,-3.94789659044638,1.0420045803238,-0.742291157126104,-38.5334622402458
24.8420701725144,40,-38.8779680443659,43.9476373785819,-39.9303284974287,44.8313075704213,-1.51775873400849,-3.94763737858189,1.05236045306277,-0.883670191839364,-38.4125697634202
24.8870739228269,40,-38.7577977378127,43.9476766830943,-39.8216234686526,44.9962749360852,-1.53576365959884,-3.94767668309428,1.06382573083982,-1.04859825299096,-38.2858598090537
24.9320776731394,40,-38.6318686733111,43.9480580641387,-39.7073928056273,45.1673046937773,-1.55431693186891,-3.94805806413871,1.07552413231619,-1.21924662963854,-38.1530758737583
24.977081423452,40,-38.5002315391949,43.9487646375997,-39.5868682423301,45.327240871042,-1.57283412834865,-3.94876463759974,1.08663670313516,-1.37847623344227,-38.0140341139814
25.0220851737645,40,-38.3629370237983,43.9497265418692,-39.4594633810466,45.4622969547314,-1.59081174229813,-3.9497265418692,1.09652635724835,-1.51257041286225,-37.8686516387485
25.067088924077,40,-38.2200358154552,43.9508369487711,-39.3248541424562,45.5639395970673,-1.6079010195743,-3.95083694877106,1.10481832700097,-1.61310264829622,-37.7169531228819
25.1120926743895,40,-38.0715786024998,43.9519730715156,-39.1830074320795,45.6296861436352,-1.62394907223539,-3.95197307151561,1.11142882957975,-1.67771307211962,-37.5590583598441
25.1570964247021,40,-37.9176160732659,43.953018068425,-39.0341596070753,45.662799138326,-1.63900334903026,-3.953018068425,1.11654353380943,-1.70978106990102,-37.3951562580451
25.2021001750146,40,-37.7581989160877,43.9538799743649,-38.878754235255,45.6710594785672,-1.653282300892,-3.95387997436487,1.12055531916738,-1.71717950420233,-37.225471934363
25.2471039253271,40,-37.5933778192991,43.9545046858228,-38.717354061458,45.6649418949141,-1.66712076728065,-3.9545046858228,1.12397624215887,-1.71043720909132,-37.0502332941773
25.2921076756396,40,-37.4232034712342,43.954881350152,-38.5505444569491,45.6555782244911,-1.68090211218973,-3.95488135015203,1.12734098571496,-1.70069687433902,-36.8696423447594
25.3371114259522,40,-37.2477265602269,43.9550399843342,-38.3788449136864,45.6528754186189,-1.69498998895045,-3.95503998433419,1.13111835345943,-1.69783543428471,-36.6838549247359
25.3821151762647,40,-37.0669977746114,43.9550424990191,-38.2026418450451,45.6640750476244,-1.70967103670082,-3.9550424990191,1.13564407043364,-1.70903254860527,-36.4929708083442
25.4271189265772,40,-36.8810678027216,43.9549693081634,-38.0221509151827,45.6929266331799,-1.72511652561704,-3.95496930816338,1.14108311246111,-1.73795732501657,-36.2970343895657
25.4721226768897,40,-36.6899873328916,43.9549042275333,-37.8374113661426,45.739524929281,-1.74136686925379,-3.95490422753326,1.14742403325103,-1.78462070174778,-36.0960444968889
25.5171264272023,40,-36.4938070534553,43.9549203699381,-37.6483093607846,45.8007513489749,-1.75833882304331,-3.95492036993812,1.15450230732927,-1.84583097903678,-35.8899705377413
25.5621301775148,40,-36.2925776527469,43.9550692882712,-37.4546230535268,45.8711747833272,-1.77585168679313,-3.95506928827118,1.16204540077987,-1.91610549505602,-35.6787713667336
25.6071339278273,40,-36.0863498191002,43.9553748289742,-37.256079494449,45.9442140399307,-1.79366630497424,-3.9553748289742,1.16972967534882,-1.98883921095648,-35.4624131894748
25.6521376781398,40,-35.8751742408494,43.955832209984,-37.0524127779339,46.0133460432747,-1.81152931981282,-3.95583220998396,1.17723853708446,-2.05751383329077,-35.2408834581211
25.6971414284524,40,-35.6591016063285,43.9564119076148,-36.8434139424339,46.0731603192772,-1.82921505029962,-3.95641190761484,1.1843123361054,-2.11674841166237,-35.0141988921342
25.7421451787649,40,-35.4381826038714,43.9570671812035,-36.6289656171639,46.1201065655076,-1.84655847581158,-3.95706718120347,1.19078301329253,-2.16303938430416,-34.7824071413524
25.7871489290774,40,-35.2124679218122,43.9577435901081,-36.4090577224114,46.1528491470921,-1.86347486470765,-3.95774359010808,1.19658980059917,-2.19510555698399,-34.5455828577038
25.8321526793899,40,-34.982008248485,43.9583887120666,-36.18378402857,46.1722173232128,-1.87996421715634,-3.95838871206663,1.20177578008503,-2.21382861114615,-34.3038198114137
25.8771564297025,40,-34.7468542722237,43.9589604412796,-35.9533224786561,46.1808088782441,-1.89610139806487,-3.95896044127955,1.20646820643243,-2.22184843696456,-34.0572210805912
25.922160180015,40,-34.5070566813623,43.9594326639221,-35.7179044301989,46.182355679527,-1.91201513206538,-3.95943266392205,1.21084774883661,-2.22292301560491,-33.8058892981336
25.9671639303275,40,-34.262666164235,43.9597976789936,-35.4777791174019,46.1809853991484,-1.92786054234885,-3.95979767899365,1.21511295316689,-2.22118772015477,-33.549918575053
26.0121676806401,40,-34.0137334091756,43.9600653409893,-35.2331796256329,46.1805130387681,-1.94379045384564,-3.96006534098928,1.21944621645727,-2.22044769777882,-33.2893891717872
26.0571714309526,40,-33.7603091045183,43.96025944238,-34.984295651496,46.1838730498754,-1.95993027433643,-3.96025944237999,1.22398654697771,-2.22361360749542,-33.0243653771596
26.1021751812651,40,-33.502443938597,43.9604122466348,-34.7312565815429,46.1927651573633,-1.97636011254345,-3.9604122466348,1.22881264294587,-2.23235291072854,-32.7548964689994
26.1471789315776,40,-33.2401885997458,43.9605582792555,-34.4741263300016,46.2075430168108,-1.99310618850569,-3.96055827925549,1.23393773025578,-2.24698473755527,-32.4810201414959
26.1921826818902,40,-32.9735937762987,43.9607284758791,-34.2129093106251,46.2273324619866,-2.01014186104921,-3.96072847587914,1.23931553432645,-2.26660398610749,-32.2027674495759
26.2371864322027,40,-32.7027101565897,43.9609455987564,-33.9475652083158,46.2503315227465,-2.02739702756957,-3.96094559875638,1.24485505172613,-2.28938592399017,-31.9201681807462
26.2821901825152,40,-32.4275884289528,43.9612215181207,-33.6780290930808,46.274221682718,-2.04477346107673,-3.96122151812068,1.25044066412799,-2.31300016459733,-31.633255632004
26.3271939328277,40,-32.148279281722,43.9615565800239,-33.4042329898286,46.2966108799749,-2.06216297302088,-3.96155658002392,1.25595370810658,-2.33505429995098,-31.3420700168077
26.3721976831403,40,-31.8648334032315,43.9619409158293,-33.1261252653632,46.3154333060932,-2.07946517496124,-3.96194091582932,1.26129186213175,-2.35349239026392,-31.046660090402
26.4172014334528,40,-31.5773014818151,43.9623572496984,-32.843684994923,46.3292469835471,-2.09660202019459,-3.96235724969841,1.26638351310788,-2.36688973384872,-30.7470829747284
26.4622051837653,40,-31.285734205807,43.9627845698214,-32.5569296275331,46.3373936966393,-2.11352712526524,-3.96278456982135,1.27119542172607,-2.37460912681794,-30.4434025022678
26.5072089340778,40,-30.9901822635411,43.9632019648565,-32.2659155524317,46.3400124771766,-2.13022893151716,-3.96320196485653,1.27573328889067,-2.37681051232008,-30.1356866209146
26.5522126843904,40,-30.6906963433514,43.9635919842419,-31.9707323563688,46.3379227550565,-2.1467278717302,-3.96359198424194,1.28003601301735,-2.37433077081461,-29.8240044846386
26.5972164347029,40,-30.387327133572,43.9639430356267,-31.6714924749907,46.3324124915672,-2.16306866766475,-3.96394303562666,1.28416534141867,-2.36846945594051,-29.508423807326
26.6422201850154,40,-30.080125322537,43.9642505476143,-31.3683184683682,46.3249775812758,-2.1793095543458,-3.96425054761428,1.28819314583124,-2.36072703366152,-29.1890089140224
26.6872239353279,40,-29.7691415985802,43.9645168589809,-31.0613302545434,46.3170607616683,-2.19551052532274,-3.96451685898085,1.29218865596313,-2.3525439026874,-28.8658197292206
26.7322276856405,40,-29.4544266500358,43.9647500064611,-30.7506343517343,46.3098321007442,-2.21172261303474,-3.96475000646114,1.29620770169846,-2.34508209428301,-28.5389117386995
26.777231435953,40,-29.1360311652378,43.9649617405282,-30.4363166030939,46.3040409805022,-2.22797981871343,-3.96496174052817,1.3002854378561,-2.33907923997406,-28.2083367843804
26.8222351862655,40,-28.8140058325201,43.9651651833579,-30.1184391166634,46.2999541612287,-2.24429469192339,-3.96516518335793,1.30443328414327,-2.33478897787075,-27.87414442474
26.867238936578,40,-28.4884013402168,43.9653725505221,-29.7970413866918,46.2973788828424,-2.26065785692902,-3.9653725505221,1.30864004647499,-2.33200633232035,-27.5363835297628
26.9122426868906,40,-28.159268376662,43.9655932961943,-29.4721448968085,46.2957565360225,-2.27704111490412,-3.96559329619427,1.31287652014648,-2.3301632398282,-27.1951037819044
26.9572464372031,40,-27.8266576301896,43.9658329292805,-29.1437600347741,46.2943030234947,-2.29340321933156,-3.96583292928051,1.3171024045845,-2.32847009421417,-26.8503568154426
27.0022501875156,40,-27.4906197891337,43.9660926093019,-28.8118939238757,46.2921674864586,-2.30969709479852,-3.96609260930194,1.32127413474199,-2.32607487715669,-26.5021968290772
27.0472539378282,40,-27.1512055418283,43.9663694917109,-28.4765578028076,46.288581674304,-2.32587717537846,-3.96636949171085,1.32535226097934,-2.32221218259316,-26.1506806274291
27.0922576881407,40,-26.8084655766074,43.9666576751748,-28.1377728284973,46.2829771837808,-2.34190566730517,-3.96665767517483,1.32930725188998,-2.316319508606,-25.7958671611922
27.1372614384532,40,-26.462450581805,43.9669495244341,-27.795573569017,46.2750557829731,-2.35775684733178,-3.96694952443409,1.33312298721207,-2.30810625853904,-25.4378167216852
27.1822651887657,40,-26.1132112457551,43.9672371096539,-27.4500089148773,46.2648074216976,-2.37341892474054,-3.96723710965389,1.33679766912213,-2.29757031204367,-25.0765899901367
27.2272689390783,40,-25.7607982567918,43.9675135163177,-27.1011405842182,46.2524796267943,-2.38889344215315,-3.9675135163177,1.34034232742631,-2.2849661104766,-24.712247142065
27.2722726893908,40,-25.4052623032492,43.9677738308562,-26.7490397608072,46.2385093434263,-2.4041925917884,-3.96777383085617,1.343777457558,-2.27073551257017,-24.3448471690188
27.3172764397033,40,-25.0466540734611,43.9680156834268,-26.3937826355716,46.2234329275576,-2.4193351188651,-3.96801568342684,1.34712856211048,-2.25541724413071,-23.9744475167065
27.3622801900158,40,-24.6850242557617,43.9682393151584,-26.0354457019144,46.2077915092977,-2.43434163601203,-3.96823931515842,1.35042144615267,-2.23955219413928,-23.6011040659023
27.4072839403284,40,-24.3204235384849,43.9684472177124,-25.6741015885428,46.1920474909595,-2.4492301732845,-3.96844721771237,1.35367805005788,-2.2236002732471,-23.2248714152583
27.4522876906409,40,-23.9529026099649,43.9686434558849,-25.3098160298355,46.1765241420034,-2.46401265525239,-3.96864345588494,1.35691341987065,-2.20788068611846,-22.8458033745831
27.4972914409534,40,-23.5825121585355,43.9688328212442,-24.9426463169152,46.1613750257036,-2.47869276706998,-3.96883282124419,1.36013415837968,-2.19254220445945,-22.4639535498452
27.5422951912659,40,-23.2093028725308,43.969019973646,-24.5726412928226,46.1465843627142,-2.49326539406289,-3.96901997364599,1.36333842029184,-2.17756438906817,-22.0793758987597
27.5872989415785,40,-22.8333254402849,43.9692087100049,-24.1998427001499,46.1319943532841,-2.50771754454191,-3.96920871000486,1.36651725986503,-2.16278564327924,-21.692125155608
27.632302691891,40,-22.4546305501317,43.9694014619865,-23.8242874969248,46.1173516787807,-2.52203043713061,-3.96940146198648,1.36965694679308,-2.14795021679425,-21.3022570597942
27.6773064422035,40,-22.0732688904053,43.9695990749184,-23.4460106494802,46.1023633231704,-2.53618228308553,-3.96959907491843,1.37274175907486,-2.13276424825197,-20.9098283663947
27.722310192516,40,-21.6892911494398,43.969800868569,-23.0650478959552,46.0867516091611,-2.55015123612366,-3.96980086856896,1.37575674651541,-2.11695074059217,-20.5148966598315
27.7673139428286,40,-21.302748015569,43.9700049351051,-22.681438041904,46.0702997418465,-2.56391801585347,-3.9700049351051,1.37869002633501,-2.10029480674145,-20.1175200260505
27.8123176931411,40,-20.9136901771271,43.9702085970118,-22.2952244790371,46.0528817679725,-2.57746782026182,-3.9702085970118,1.38153430191002,-2.08267317096065,-19.7177566587753
27.8573214434536,40,-20.5221683224481,43.9704089316657,-21.9064557809471,46.0344741222149,-2.59079130164826,-3.97040893166566,1.38428745849907,-2.06406519054927,-19.3156644792989
27.9023251937661,40,-20.1282331398659,43.9706032701474,-21.5151853955835,46.0151492390723,-2.60388455761719,-3.9706032701474,1.38695225571761,-2.04454596892491,-18.9113008379663
27.9473289440787,40,-19.7319353177147,43.9707895934913,-21.1214705962884,45.9950545229254,-2.61674825343424,-3.97078959349133,1.38953527857373,-2.02426492943406,-18.5047223428542
27.9923326943912,40,-19.3333255443284,43.9709667755663,-20.7253709516504,45.9743818985045,-2.62938611891493,-3.9709667755663,1.39204540732203,-2.00341512293817,-18.0959848327355
28.0373364447037,40,-18.932454508041,43.9711346526976,-20.3269466189578,45.9533340108952,-2.6418031357872,-3.97113465269755,1.39449211091684,-1.98219935819763,-17.6851434831706
28.0823401950163,40,-18.5293728971866,43.9712939303962,-19.9262567562404,45.9320929100916,-2.65400374461284,-3.97129393039621,1.39688385905381,-1.96079897969535,-17.2722530116276
28.1273439453288,40,-18.1241314000992,43.9714459623933,-19.5233582921285,45.9107959161962,-2.6659903587187,-3.97144596239331,1.39922689202934,-1.93934995380286,-16.8573679334098
28.1723476956413,40,-17.7167807051128,43.971592453269,-19.1183052056817,45.8895216162986,-2.67776238936762,-3.97159245326905,1.40152450056883,-1.91792916302953,-16.4405428163141
28.2173514459538,40,-17.3073715005615,43.9717351418337,-18.7111483677859,45.8682869497919,-2.68931587997415,-3.97173514183366,1.4037768672244,-1.89655180795823,-16.0218324878117
28.2623551962664,40,-16.8959544747792,43.9718755183891,-18.3019358994568,45.8470544456688,-2.70064373747813,-3.9718755183891,1.40598142467763,-1.87517892727973,-15.6012921619787
28.3073589465789,40,-16.4825803161,43.9720146169571,-17.8907139252764,45.8257471720196,-2.71173645411034,-3.97201461695715,1.40813360917641,-1.8537325550625,-15.1789774711661
28.3523626968914,40,-16.0672997128579,43.9721529064323,-17.4775275521792,45.8042680345283,-2.72258314627341,-3.97215290643228,1.4102278393213,-1.83211512809605,-14.7549444059058
28.3973664472039,40,-15.6501633533869,43.972290285784,-17.0624218889401,45.7825197908851,-2.73317270649593,-3.97229028578403,1.41225853555322,-1.81022950510111,-14.3292491824442
28.4423701975165,40,-15.231221926021,43.9724261711254,-16.6454429382381,45.7604224924152,-2.7434948701737,-3.97242617112544,1.41422101221709,-1.78799632128976,-13.9019480680644
28.487373947829,40,-14.8105261190944,43.9725596492658,-16.2266382345205,45.7379258906102,-2.75354103588067,-3.97255964926583,1.41611211542614,-1.76536624134437,-13.4730971986398
28.5323776981415,40,-14.3881266209408,43.9726896648783,-15.8060571573622,45.7150154621415,-2.7633047367728,-3.9726896648783,1.41793053642141,-1.74232579726316,-13.0427524205894
28.577381448454,40,-13.9640741198945,43.972815207124,-15.38375091068,45.6917118964696,-2.77278172898684,-3.97281520712403,1.41967679078549,-1.71889668934558,-12.6109691816932
28.6223851987666,40,-13.5384193042894,43.9729354659184,-14.9597722128014,45.6680649553864,-2.78196972876214,-3.97293546591841,1.42135290851199,-1.69512948946799,-12.1778024840393
28.6673889490791,40,-13.1112128624596,43.9730499366008,-14.5341747830151,45.6441433989601,-2.7908678829323,-3.97304993660081,1.42296192055545,-1.67109346235927,-11.7433069000828
28.7123926993916,40,-12.6825054827391,43.9731584626786,-14.1070127320927,45.6200230870406,-2.79947609039722,-3.97315846267856,1.42450724935364,-1.64686462436205,-11.3075366416955
28.7573964497041,40,-12.2523478534618,43.9732612175178,-13.6783399662208,45.5957753902895,-2.80779430222465,-3.97326121751779,1.42599211275902,-1.62251417277171,-10.8705456639961
28.8024002000167,40,-11.8207906629618,43.9733586355193,-13.2482096979835,45.5714577251312,-2.81582191624362,-3.97335863551931,1.42741903502166,-1.59809908961194,-10.4323877817398
28.8474039503292,40,-11.3878845995731,43.973451310091,-12.8166741292394,45.5471074579973,-2.82355735289671,-3.97345131009099,1.42878952966628,-1.57365614790636,-9.99311677634271
28.8924077006417,40,-10.9536803516299,43.9735398788846,-12.38378433516,45.5227397283207,-2.83099785948685,-3.97353987888456,1.43010398353016,-1.54919984943616,-9.55278647567317
28.9374114509542,40,-10.5182286074659,43.9736249162516,-11.9495903428802,45.4983490442566,-2.83813954746059,-3.97362491625162,1.4313617354143,-1.52472412800495,-9.11145079541963
28.9824152012668,40,-10.0815800554154,43.9737068492301,-11.514141367912,45.4739139209221,-2.84497762921817,-3.9737068492301,1.43256131249663,-1.50020707169197,-8.66916373869387
29.0274189515793,40,-9.64378538381227,43.9737859075725,-11.0774861508428,45.4494034372098,-2.85150679277397,-3.97378590757251,1.43370076703054,-1.47561752963731,-8.22597935806884
29.0724227018918,40,-9.20489528099061,43.9738621115689,-10.6396733279752,45.4247844226805,-2.85772163775811,-3.97386211156895,1.43477804698462,-1.45092231111153,-7.78195169021712
29.1174264522043,40,-8.7649604352844,43.9739352949015,-10.2007517724154,45.4000280479673,-2.86361709554457,-3.97393529490151,1.43579133713101,-1.42609275306577,-7.33713467687083
29.1624302025169,40,-8.32403153502763,43.9740051545059,-9.76077085476028,45.3751148421619,-2.8691887681349,-3.9740051545059,1.43673931973265,-1.40110968765598,-6.89158208662538
29.2074339528294,40,-7.8821592685544,43.9740713160951,-9.31978059173363,45.3500375350947,-2.87443314139321,-3.97407131609511,1.43762132317923,-1.37596621899962,-6.44534745034042
29.2524377031419,40,-7.43939432419865,43.9741334029093,-8.87783167298274,45.3248015458869,-2.87934765383843,-3.9741334029093,1.43843734878409,-1.35066814297762,-5.99848401914431
29.2974414534545,40,-6.99578739029447,43.9741910962908,-8.43497537694846,45.2994233376973,-2.8839306277487,-3.97419109629079,1.43918798665398,-1.32523224140655,-5.55104474919976
29.342445203767,40,-6.55138915517582,43.9742441794129,-7.99126340309466,45.2739271717697,-2.88818109070091,-3.97424417941287,1.43987424791883,-1.29968299235683,-5.10308231239375
29.3874489540795,40,-6.10625030717679,43.9742925592678,-7.54674765775163,45.248340982314,-2.89209852990244,-3.97429255926775,1.44049735057484,-1.27404842304625,-4.65464912784919
29.432452704392,40,-5.66042153463133,43.9743362661077,-7.10148003359672,45.2226921431576,-2.89568262733699,-3.97433626610766,1.44105849896539,-1.24835587704996,-4.20579740625972
29.4774564547046,40,-5.21395352587352,43.97437543324,-6.6555122188204,45.1970038171,-2.89893302096662,-3.97437543324003,1.44155869294689,-1.22262838385998,-3.75657919785379
29.5224602050171,40,-4.76689696923735,43.9744102628588,-6.20889556278374,45.1712923986333,-2.90184912748471,-3.97441026285878,1.44199859354639,-1.19688213577449,-3.30704643529903
29.5674639553296,40,-4.31930255305683,43.9744409851183,-5.76168101259824,45.1455663216626,-2.90443004782916,-3.97444098511831,1.44237845954141,-1.17112533654434,-2.85725096476909
29.6124677056421,40,-3.87122096566602,43.9744678178388,-5.31391912192122,45.1198262515773,-2.90667456069958,-3.97446781783883,1.44269815625521,-1.14535843373845,-2.40724456122164
29.6574714559547,40,-3.42270289539887,43.9744909332088,-4.86566012155343,45.0940664575279,-2.90858119446918,-3.97449093320883,1.44295722615457,-1.11957552431907,-1.95707892708426
29.7024752062672,40,-2.9737990305895,43.9745104359377,-4.41695403284493,45.0682769979888,-2.91014835639693,-3.97451043593765,1.44315500225543,-1.09376656205115,-1.50680567644801
29.7474789565797,40,-2.52456005957184,43.9745263549239,-3.96785080044061,45.0424462690546,-2.91137449137936,-3.97452635492394,1.44329074086877,-1.06791991413065,-1.05647630906125
29.7924827068922,40,-2.07503667067999,43.9745386480867,-3.51840042073245,45.016563463698,-2.91225824111035,-3.97453864808673,1.44336375005246,-1.04202481561128,-0.606142179622098
29.8374864572048,40,-1.6252795522479,43.974547217945,-3.06865304601965,44.9906205613256,-2.91279857801952,-3.97454721794502,1.44337349377174,-1.01607334338063,-0.15585446800013
29.8824902075173,40,-1.17533939260965,43.9745519341135,-2.61865905075517,44.9646135898729,-2.91299489556561,-3.97455193411353,1.44331965814552,-0.990061655759327,0.294335844810445
29.9274939578298,40,-0.725266880099207,43.974552658255,-2.16846905401743,44.9385430512712,-2.91284704575021,-3.97455265825496,1.44320217391822,-0.963990393016211,0.744377991732787
29.9724977081423,40,-0.275112703050648,43.9745492671919,-1.71813390007413,44.9124135484641,-2.91235532433437,-3.97454926719193,1.44302119702348,-0.937864281272134,1.19422142426024
30.0175014584549,39.9995950003042,0.175072450202045,43.9745416707125,-1.26770460537209,44.8863658142132,-2.91152903109681,-3.97494667040837,1.44277705557413,-0.911824143500674,1.64382442572473
30.0625052087674,39.9935394740557,0.625237891324857,43.9745209335736,-0.817233492422729,44.8392790023971,-2.90898368863981,-3.98098145951791,1.44247138374759,-0.864758068823576,2.09175019621708
30.1075089590799,39.9802742636874,1.07533293198372,43.974009071655,-0.366839622140131,44.7161275036683,-2.90105964148446,-3.99373480796765,1.44217255412385,-0.742118432013314,2.53422001934433
30.1525127093925,39.9598650777127,1.52530688384469,43.9713931349225,0.083189985142362,44.5297059774752,-2.88846885693347,-4.01152805720979,1.44211689870232,-0.558312842552695,2.97165884207583
30.197516459705,39.9323776246453,1.97510905857366,43.964322642719,0.532466881721164,44.3097353377711,-2.87306552393986,-4.03194501807369,1.44264217685249,-0.345412695052083,3.40553240566102
30.2425202100175,39.8978776129985,2.42468876783667,43.9502935611644,0.980628096392859,44.091154577385,-2.85710914008154,-4.05241594816586,1.44406067144381,-0.140861016220605,3.8377372364744
30.28752396033,39.8564307512859,2.87399532329965,43.9271242890442,1.42745808905392,43.9055772067146,-2.84270432864899,-4.07069353775833,1.44653723424573,0.0215470823296329,4.27016241770291
30.3325277106426,39.808102748021,3.32297803662864,43.8932667283448,1.87297106553411,43.7750818374091,-2.83137991280541,-4.08516398032379,1.45000697109453,0.118184890935709,4.70435097833952
30.3775314609551,39.7529593117172,3.77158621948957,43.8479368238052,2.31743318498224,43.7090688440223,-2.82386361445574,-4.09497751208795,1.45415303450732,0.138867979782908,5.14129679943799
30.4225352112676,39.6910661508881,4.21976918354842,43.7910835694141,2.76132120189892,43.7041751631491,-2.82005739839666,-4.10001741852603,1.4584479816495,0.0869084062650245,5.58137860029558
30.4675389615801,39.6224889740472,4.66747624047122,43.7232389728655,3.20522971583292,43.7467085969934,-2.81918046859148,-4.10074999881834,1.4622465246383,-0.0234696241279337,6.02441018442441
30.5125427118927,39.5472934897079,5.11465670192387,43.6453023353164,3.64975023418778,43.8167416459751,-2.82002423385661,-4.09800884560857,1.46490646773609,-0.171439310658641,6.4697744680444
30.5575464622052,39.4655454063837,5.56125987957244,43.5583114277079,4.09534991427994,43.8928609402069,-2.82125411755737,-4.09276602132421,1.4659099652925,-0.33454951249896,6.91660403183731
30.6025502125177,39.3773104325882,6.00723508508283,43.463243460627,4.54227595306235,43.9565851115601,-2.82169464514,-4.08593302803874,1.46495913202047,-0.493341650933139,7.36397059820236
30.6475539628302,39.2826542768349,6.45253163012108,43.3608737911713,4.99050433705438,43.9956382563655,-2.82054546946211,-4.07821951433645,1.46202729306671,-0.634764465194188,7.81104980651649
30.6925577131428,39.1816426476372,6.89709882635308,43.2517038308541,5.4397411912916,44.0055775114868,-2.81749524613118,-4.07006118321689,1.45735763506149,-0.753873680632722,8.25723643742278
30.7375614634553,39.0743412535086,7.34088598544492,43.1359548118236,5.88947378812704,43.9896613020483,-2.81272417294862,-4.06161355831494,1.45141219731787,-0.853706490224745,8.70219796107567
30.7825652137678,38.9608158029627,7.78384241906251,43.013613158675,6.33905872633373,43.9572177899736,-2.80680944233105,-4.05279735571236,1.44478369272878,-0.943604631298598,9.14586816866478
30.8275689640803,38.8411320045129,8.22591743887183,42.884507267966,6.78782858256363,43.9210421438167,-2.80056551663813,-4.04337526345308,1.43808885630819,-1.03653487585071,9.58839409920176
30.8725727143929,38.7153555666727,8.66706035653889,42.7483944825453,7.23519631750016,43.894465608513,-2.79485952781294,-4.03303891587255,1.43186403903873,-1.14607112596767,10.0300558453131
30.9175764647054,38.5835521979557,9.10722048372964,42.6050400620907,7.68073882117602,43.8887000347185,-2.79044069603078,-4.02148786413494,1.42648166255362,-1.28365997262784,10.4711795172068
30.9625802150179,38.4457876068753,9.54634713211011,42.4542755705127,8.12424636076066,43.9109101854824,-2.78781363744019,-4.00848796363734,1.42210077134945,-1.45663461496976,10.9120599982009
31.0075839653304,38.3021275019451,9.98438961334619,42.2960307429049,8.5657319888207,43.9632603277472,-2.78717237472125,-3.99390324095988,1.41865762452549,-1.66722958484223,11.352904363542
31.052587715643,38.1526375916784,10.421297239104,42.1303391359952,9.00540262594897,44.0429725954983,-2.78839829148914,-3.97770154431676,1.41589461315501,-1.91263345950313,11.7938009174381
31.0975914659555,37.9973835845889,10.8570193210493,41.9573226624016,9.44360011309585,44.14325688776,-2.79111370403437,-3.95993907781275,1.41341920795348,-2.18593422535835,12.2347138171302
31.142595216268,37.8364311891899,11.2915051708483,41.7771629012126,9.88072496732806,44.2548442934548,-2.79477451932185,-3.9407317120227,1.41078020352024,-2.47768139224216,12.6754994866499
31.1875989665805,37.6698461139951,11.7247041001668,41.5900677881746,10.3171573159779,44.3677868598007,-2.7987811069373,-3.9202216741795,1.40754678418897,-2.77771907162604,13.1159384229152
31.2326027168931,37.4976940675179,12.1565654206709,41.3962412349366,10.7531885230054,44.4731787690419,-2.80258603407341,-3.89854716741868,1.40337689766551,-3.07693753410523,13.5557745570788
31.2776064672056,37.3200407582718,12.5870384440266,41.1958609801267,11.1889738325367,44.5645046060825,-2.80578034429699,-3.87582022185484,1.39806461148989,-3.36864362595579,13.9947541768337
31.3226102175181,37.1369518947704,13.0160724818997,40.9890672064547,11.6245117468887,44.6384180495888,-2.808145860639,-3.85211531168436,1.39156073501101,-3.64935084313411,14.4326576075277
31.3676139678307,36.948493185527,13.4436168459564,40.7759617957941,12.0596507876654,44.6948785835454,-2.80966839274209,-3.82746861026714,1.38396605829094,-3.91891678775126,14.8693191804075
31.4126177181432,36.7547303390552,13.8696208478625,40.5566160180796,12.494119678427,44.7366985447603,-2.81051426063296,-3.80188567902441,1.3755011694355,-4.18008252668074,15.3046339390599
31.4576214684557,36.5557290638685,14.294033799284,40.3310832331772,12.927573562961,44.7686528419629,-2.81097876448978,-3.77535416930876,1.36646023632301,-4.43756960878564,15.7385523274508
31.5026252187682,36.3515550684804,14.716805011887,40.099412885298,13.3596470684259,44.7963618098553,-2.81141906530653,-3.7478578168176,1.35715794346115,-4.69694892455735,16.1710661337324
31.5476289690808,36.1422740614043,15.1378837973375,39.8616625610129,13.7900049431357,44.825168515636,-2.81218496652836,-3.71938849960852,1.34787885420177,-4.96350595462311,16.602189909664
31.5926327193933,35.9279517511539,15.5572194673012,39.6179059141064,14.2183824471028,44.8592012849032,-2.81355953946566,-3.68995416295253,1.3388370201984,-5.24129537079678,17.0319419865685
31.6376364697058,35.7086538462426,15.9747613334444,39.3682355293206,14.6446102228698,44.9007534585361,-2.81571814442659,-3.65958168307807,1.3301511105746,-5.53251792921542,17.4603283672964
31.6826402200183,35.4844460551838,16.3904587074329,39.1127610117092,15.0686214706479,44.9500410178018,-2.81871010627043,-3.62831495652544,1.32183723678503,-5.83728000609252,17.8873315769183
31.7276439703309,35.2553940864911,16.8042609009327,38.8516035230657,15.4904423232376,45.0053287845011,-2.8224630031246,-3.5962094365746,1.31381857769509,-6.1537252614354,18.3129053263622
31.7726477206434,35.021563648678,17.2161172256099,38.5848885109531,15.9101688692891,45.0633579608982,-2.8268059104183,-3.56332486227513,1.30594835632076,-6.47846944994505,18.7369747797074
31.8176514709559,34.7830204502579,17.6259769931303,38.3127384604602,16.327935963749,45.119968456718,-2.83150544105549,-3.52971801020229,1.29804102938126,-6.80722999625778,19.1594414048045
31.8626552212684,34.5398301997444,18.03378951516,38.0352672039852,16.7438836321091,45.1707918436122,-2.83630722679086,-3.49543700424074,1.28990588305082,-7.13552463962697,19.5801908589
31.907658971581,34.292058605651,18.4395041033649,37.7525767719112,17.1581265458247,45.2118948143638,-2.8409755834005,-3.46051816626015,1.28137755754024,-7.45931804245262,19.9991021292252
31.9526627218935,34.0397713764912,18.843070069411,37.4647571069125,17.5707309011059,45.2402757326422,-2.84532531355767,-3.42498573042131,1.27233916830513,-7.77551862572972,20.4160562146636
31.997666472206,33.7830342207784,19.2444367249644,37.1718883419626,17.9817013583665,45.2541527120576,-2.84924161218642,-3.38885412118424,1.26273536659792,-8.082264370095,20.8309429705529
32.0426702225185,33.5219128470261,19.6435533816909,36.8740448709881,18.390978825988,45.2530233684838,-2.85268644395012,-3.35213202396197,1.25257455570291,-8.37897849749568,21.2436652699381
32.0876739728311,33.256472963748,20.0403693512566,36.5713001884531,18.7984481170367,45.237516201062,-2.85569212778905,-3.31482722470518,1.24192123421993,-8.66621601260888,21.6541402448257
32.1326777231436,32.9867802794573,20.4348339453274,36.2637314550985,19.2039531266889,45.2090848180191,-2.85834480309418,-3.27695117564119,1.23088081863848,-8.94535336292058,22.0622979297831
32.1776814734561,32.7129005026678,20.8268964755693,35.951422930531,19.6073163339577,45.1696146486807,-2.86076169680914,-3.23852242786327,1.21958014161162,-9.21819171814973,22.4680780307668
32.2226852237687,32.4348993418927,21.2165062536484,35.634467735287,20.0083591813245,45.1210160677338,-2.86306654844909,-3.19956839339433,1.20814707232388,-9.48654833244684,22.8714257297736
32.2676889740812,32.1528425056457,21.6036125912304,35.3129677853018,20.4069201885529,45.0648694836238,-2.86536722755469,-3.16012527965606,1.19669240267756,-9.75190169832207,23.2722874161076
32.3126927243937,31.8667957024402,21.9881647999816,34.9870321015282,20.8028683922783,45.0021703704533,-2.86773866700208,-3.12023639908796,1.18529640770332,-10.0151382689251,23.6706070592803
32.3576964747062,31.5768246407898,22.3701121915677,34.6567739732808,21.1961107020448,44.9331998272506,-2.87021297719708,-3.07994933249099,1.17400148952292,-10.2764258539698,24.0663236792419
32.4027002250188,31.2829950292079,22.749404077655,34.3223076068236,21.5865928411931,44.8575233442394,-2.87277725438536,-3.03931257761569,1.16281123646187,-10.5352157374158,24.4593700955785
32.4477039753313,30.985372576208,23.1259897699091,33.9837449097443,21.9742945263659,44.7741006097716,-2.8753783722073,-2.99837233353623,1.15169524354322,-10.7903557000273,24.8496728985732
32.4927077256438,30.6840229903037,23.4998185799963,33.6411929614191,22.359220299086,44.6814748649104,-2.87793311019066,-2.95716997111542,1.14059828091029,-11.0402819034912,25.2371534092766
32.5377114759563,30.3790119800084,23.8708398195824,33.2947525342854,22.741387875698,44.578002759864,-2.88034141667502,-2.91574055427701,1.12945194388433,-11.2832502255786,25.621729292373
32.5827152262689,30.0704052538356,24.2390028003334,32.9445178040059,23.1208160034133,44.4620849989008,-2.88250044887613,-2.87411255017026,1.11818679692006,-11.5175671948949,26.0033164522894
32.6277189765814,29.7582685202988,24.6042568339153,32.5905771642678,23.4975136277049,44.3323634079997,-2.88431724268644,-2.83230864396894,1.10674320621042,-11.7417862437319,26.3818308703914
32.6727227268939,29.4426674879116,24.9665512319941,32.2330148821623,23.8714717577496,44.187859807146,-2.88571835753014,-2.79034739425068,1.09507947424451,-11.9548449249837,26.7571901152797
32.7177264772064,29.1236678651873,25.3258353062358,31.8719132183524,24.242658854488,44.0280441586666,-2.88665550682783,-2.74824535316509,1.08317645174781,-12.1561309403142,27.1293143613158
32.762730227519,28.8013353606396,25.6820583683063,31.5073546027399,24.6110199603045,43.8528317411808,-2.88710690193509,-2.70601924210027,1.07103840800172,-12.3454771384409,27.4981268622396
32.8077339778315,28.4757356827818,26.0351697298717,31.139423496401,24.9764792325218,43.6625196633371,-2.88707469456955,-2.66368781361912,1.05869049734984,-12.5230961669361,27.8635539270914
32.852737728144,28.1469345401276,26.3851187025978,30.768207667582,25.338945107116,43.4576805110692,-2.88657941149824,-2.62127312745434,1.04617359548174,-12.6894728434873,28.2255245186143
32.8977414784565,27.8149976411904,26.7318545981507,30.3937987395694,25.6983170492239,43.2390346341887,-2.88565258199799,-2.57880109837896,1.03353754892678,-12.8452358946193,28.5839696312219
32.9427452287691,27.4799906944837,27.0753267281963,30.0162920051087,26.054492758363,43.0073225411339,-2.88432884800834,-2.53630131062503,1.02083396983329,-12.9910305360251,28.9388216063714
32.9877489790816,27.141979408521,27.4154844044007,29.6357856220779,26.4073747765737,42.7631956859704,-2.88263873868495,-2.49380621355694,1.00810962782696,-13.1274100638925,29.2900135152587
33.0327527293941,26.8010294918157,27.7522769384299,29.2523793907896,26.7568756628692,42.5071385810899,-2.88060303121601,-2.45134989897387,0.99540127556071,-13.2547591903003,29.6374786940852
33.0777564797066,26.4572066528815,28.0856536419497,28.8661733552241,27.1029211995403,42.2394287877346,-2.87822926894689,-2.40896670234265,0.982732442409425,-13.3732554325104,29.9811504684871
33.1227602300192,26.1105766002317,28.4155638266262,28.4772664678233,27.4454514318238,41.9601350091211,-2.87551062961139,-2.36668986759159,0.970112394802374,-13.4828685412978,30.3209620614352
33.1677639803317,25.7612050423799,28.7419568041253,28.0857555167635,27.7844196618416,41.6691481227785,-2.87242698744085,-2.32455047438357,0.957537142283702,-13.583392606015,30.6568466492824
33.2127677306442,25.4091576878396,29.0647818861131,27.6917344476888,28.1197897794451,41.3662361400725,-2.86894773619231,-2.28257675984915,0.944992106667982,-13.6745016923838,30.9887375156374
33.2577714809567,25.0545002451243,29.3839883842555,27.2952941330743,28.4515324890403,41.0511120597689,-2.86503576189611,-2.24079388795001,0.932455895215217,-13.7558179266946,31.3165682509364
33.3027752312693,24.6972984227475,29.6995256102185,26.8965225659068,28.7796210702906,40.7235033829682,-2.86065188328457,-2.19922414315936,0.91990453992781,-13.8269808170614,31.6402729535752
33.3477789815818,24.3376179292226,30.011342875668,26.4955053919719,29.1040272942103,40.3832134291171,-2.85575910790272,-2.15788746274935,0.907315581457702,-13.8877080371452,31.959786402113
33.3927827318943,23.9755244730632,30.3193894922701,26.0923266545428,29.4247180192934,40.0301671144691,-2.85032616419964,-2.11680218147957,0.894671472976658,-13.9378404599264,32.275044183493
33.4377864822069,23.6110837627827,30.6236147716907,25.6870696098625,29.7416528383509,39.6644370108287,-2.84432993794004,-2.07598584707975,0.881961933339785,-13.9773674009662,32.585982776291
33.4827902325194,23.2443615068947,30.9239680255958,25.2798174802935,30.0547829633364,39.2862487690102,-2.83775663515091,-2.03545597339879,0.869185062259415,-14.0064312887166,32.8925395984873
33.5277939828319,22.8754234139127,31.2203985656514,24.8706540395987,30.3640513504632,38.8959679060142,-2.83060168451553,-1.99523062568596,0.856347215188247,-14.0253138664155,33.1946530349787
33.5727977331444,22.5043351923502,31.5128557035235,24.4596639645024,30.66939390564,38.4940721725702,-2.82286855514867,-1.95532877215218,0.843461797883496,-14.0344082080678,33.4922624607886
33.617801483457,22.1311625507205,31.801288750878,24.0469329306313,30.9707414888095,38.0811150415842,-2.81456678361378,-1.91577037991073,0.830547262068542,-14.034182110953,33.7853082724233
33.6628052337695,21.7559711975374,32.085647019381,23.6325474718555,31.2680223656395,37.6576862443677,-2.80570956782752,-1.87657627431809,0.817624653741408,-14.0251387725122,34.0737319334671
33.707808984082,21.3788268413142,32.3658798206983,23.2165946542371,31.5611647387117,37.2243748213292,-2.79631129445009,-1.83776781292294,0.804715081986561,-14.0077801670921,34.3574760331618
33.7528127343945,20.9997951905644,32.641936466496,22.7991616357356,31.8500990232095,36.781739038006,-2.78638532698921,-1.79936644517113,0.791837443286472,-13.9825774022704,34.6364843501987
33.7978164847071,20.6189419538016,32.91376626844,22.3803351894033,32.1347596038167,36.3302859939011,-2.77594230593874,-1.7613932356017,0.779006664623346,-13.9499508044978,34.9107019097554
33.8428202350196,20.2363328395392,33.1813185381965,21.9602012620919,32.4150859061921,35.8704620822632,-2.7649891145345,-1.7238684225527,0.76623263200436,-13.9102608201713,35.1800750207266
33.8878239853321,19.8520335562908,33.4445425874312,21.5388446253935,32.6910227227191,35.4026538826019,-2.75352855946519,-1.68681106910276,0.753519864712082,-13.8638092572084,35.4445512821843
33.9328277356446,19.4661098125698,33.7033877278102,21.116348654378,32.9625198336585,34.9271977733955,-2.74155971904265,-1.65023884180822,0.740867894151684,-13.8108491190175,35.7040795527012
33.9778314859572,19.0786273168897,33.9578032709995,20.6927952466103,33.2295310492373,34.4443956640851,-2.72907883294424,-1.61416792972059,0.728272221762168,-13.7516004174748,35.9586098821816
34.0228352362697,18.689651777764,34.2077385286651,20.268264872567,33.4920128570501,33.9545338170317,-2.71608055493443,-1.57861309480298,0.71572567161494,-13.6862689444648,36.2080934119845
34.0678389865822,18.2992489037063,34.4531428124728,19.8428367316776,33.7499228881452,33.457901750096,-2.70255936609794,-1.54358782797129,0.703219924327698,-13.6150650184184,36.4524822542431
34.1128427368947,17.90748440323,34.6939654340888,19.4165889774828,34.003218414209,32.9548086130017,-2.68851095032333,-1.50910457425282,0.690747019879822,-13.5382196355189,36.6917293645323
34.1578464872073,17.5144239848486,34.930155705179,18.989598971349,34.2518550609733,32.4455951113099,-2.6739333620276,-1.47517498650042,0.678300644205684,-13.4559961399609,36.9257884230009
34.2028502375198,17.1201333570756,35.1616629374094,18.5619435263048,34.4957858757573,31.9306398859154,-2.65882786198072,-1.44181016922916,0.665877061652075,-13.3686963596106,37.154613737738
34.2478539878323,16.7246782284245,35.3884364424459,18.1336991095887,34.7349608280368,31.4103601165237,-2.64319935280664,-1.40902088116422,0.653475614409082,-13.276661006935,37.3781601808434
34.2928577381448,16.3281243074089,35.6104255319545,17.7049419826723,34.969326759693,30.8852068915779,-2.62705640328325,-1.37681767526341,0.641098772261536,-13.1802649089056,37.5963831629762
34.3378614884574,15.9305373025421,35.8275795176012,17.2757482689665,35.198827744142,30.3556564878001,-2.61041090264785,-1.34521096642436,0.628751773459172,-13.0799082188336,37.8092386467899
34.3828652387699,15.5319829223378,36.039847711052,16.8461939504004,35.4234057673789,29.8221990770852,-2.5932774269854,-1.31421102806261,0.616441943673124,-12.9760051266848,38.0166831943643
34.4278689890824,15.1325268753093,36.2471794239729,16.416354803197,35.6430016134704,29.2853265099301,-2.57567242572344,-1.28382792788769,0.604177810502556,-12.8689717067331,38.2186740391938
34.472872739395,14.7322348699703,36.4495239680299,15.9863062895698,35.8575558242076,28.745520729409,-2.55761334585602,-1.25407141959954,0.591968143822278,-12.7592144398391,38.4151691700636
34.5178764897075,14.3311726148342,36.6468306548888,15.5561234253369,36.0670096071007,28.203244090688,-2.53911780550303,-1.22495081050275,0.579821047788045,-12.6471206653511,38.6061274126038
34.56288024002,13.9294058184144,36.8390487962157,15.1258806436818,36.2713055852614,27.6589324586197,-2.52020290936125,-1.19647482526737,0.567743210954369,-12.5330518149379,38.7915084946226
34.6078839903325,13.5270001892246,37.0261277036766,14.6956516729441,36.4703883130163,27.1129914975225,-2.50088477038142,-1.16865148371954,0.555739390660335,-12.4173398245784,38.9712730833977
34.6528877406451,13.1240214357781,37.2080166889376,14.2655094420988,36.6642045174988,26.5657961181723,-2.4811782691474,-1.14148800632073,0.543812171438788,-12.3002866760735,39.1453827866462
34.6978914909576,12.7205352665885,37.3846650636644,13.8355260223025,36.8527030639172,26.017692662436,-2.46109704950505,-1.11499075571399,0.53196199974721,-12.1821666401336,39.3138001134222
34.7428952412701,12.3166073901693,37.5560221395231,13.4057726073578,37.0358346760718,25.4690031254368,-2.44065372002553,-1.08916521718853,0.520187463451279,-12.063230518079,39.4764883960974
34.7878989915826,11.912303515034,37.7220372281797,12.9763195308745,37.2135514702675,24.9200305598969,-2.41986020897984,-1.06401601584058,0.508485757912169,-11.9437110290223,39.6334116792474
34.8329027418952,11.507689349696,37.8826596413003,12.5472363138257,37.3858063776009,24.3710647800915,-2.3987282075152,-1.0395469641298,0.496853263699407,-11.8238284662657,39.7845345851161
34.8779064922077,11.1028306026689,38.0378386905506,12.1185917334379,37.5525525356702,23.8223875700519,-2.37726963223032,-1.01576113076905,0.485286154880392,-11.703795836614,39.9298221679006
34.9229102425202,10.6977929824662,38.1875236875968,11.6904539030417,37.7137427264297,23.2742767761599,-2.35549704369673,-0.992660920575544,0.473780961167087,-11.5838228731182,40.0692397701265
34.9679139928327,10.2926421976013,38.3316639441048,11.2628903525868,37.8693289237631,22.7270088942767,-2.33342397000894,-0.970248154985475,0.462335020341769,-11.4641185416899,40.202752893772
35.0129177431453,9.88744395658787,38.4702087717406,10.8359681007857,38.0192619948626,22.1808600098743,-2.31106510182619,-0.948524144197801,0.450946776877991,-11.3448919090887,40.3303270966888
35.0579214934578,9.48226396793919,38.6031074821702,10.409753711989,38.1634915766309,21.6361051824752,-2.28843634491477,-0.927489744049842,0.439615905539249,-11.2263514704862,40.4519279215457
35.1029252437703,9.07716794016893,38.7303093870595,9.98431333355446,38.3019661251567,21.0930165557281,-2.26555473527596,-0.907145393385532,0.428343261902796,-11.1087032221737,40.5675208604327
35.1479289940828,8.67222158179052,38.8517637980746,9.55971271228122,38.4346331156579,20.5518606032446,-2.24243823826016,-0.887491130490695,0.417130682416662,-10.9921478909634,40.6770713539181
35.1929327443954,8.26749060131746,38.9674200268813,9.13601719111844,38.5614393543495,20.0128949798316,-2.21910546494258,-0.868526589800974,0.405980672531847,-10.8768777887131,40.7805448192921
35.2379364947079,7.8630407072632,39.0772273851458,8.71329168953704,38.6823313539264,19.4763654396363,-2.19557534550614,-0.850250982273839,0.394896031219339,-10.7630737500993,40.8779066994326
35.2829402450204,7.45893760814135,39.1811351845339,8.29160067250054,38.7972557213142,18.9425032171326,-2.1718668002753,-0.832663064359189,0.383879463219692,-10.650902544632,40.9691225215895
35.3279439953329,7.05524701246532,39.2790927367116,7.87100811377711,38.9061595097369,18.4115231597877,-2.1479984448848,-0.815761101311789,0.372933226974766,-10.5405150460106,41.0541579546217
35.3729477456455,6.65203462874865,39.371049353345,7.45157745939782,39.0089904959615,17.8836227718053,-2.12398835794121,-0.799542830649171,0.362058857383474,-10.4320453124075,41.1329788539027
35.417951495958,6.24936616550483,39.4569543460999,7.03337159645721,39.1056973562209,17.3589821958619,-2.09985392888281,-0.784005430952383,0.35125698987904,-10.3256105994047,41.2055512851037
35.4629552462705,5.84730733124726,39.5367570266425,6.61645283131182,39.1962297289291,16.837765041373,-2.07561179215291,-0.769145500064567,0.340527297713486,-10.2213122100612,41.271841521082
35.507958996583,5.44592383448958,39.6104067066386,6.2008828797424,39.2805381669512,16.3201198765532,-2.05127784279073,-0.754959045252826,0.329868539687382,-10.1192369968108,41.331816009742
35.5529627468956,5.04528138374524,39.6778526977543,5.78672287001029,39.3585739951341,15.8061821451777,-2.02686731937792,-0.741441486265051,0.319278702620252,-10.0194592751674,41.385441314512
35.5979664972081,4.64544568752771,39.7390443116555,5.37403335815764,39.4302890986601,15.2960762499745,-2.00239493386508,-0.728587670629927,0.308755212995393,-9.92204289181689,41.4326840325252
35.6429702475206,4.24648245435046,39.7939308600082,4.96287435355026,39.4956356736868,14.7899175602649,-1.97787502459456,-0.716391899199799,0.298295186321354,-9.82704320671467,41.4735106982814
35.6879739978332,3.84845739272708,39.8424616544783,4.55330535167344,39.5545659733335,14.2878141452494,-1.95332170886071,-0.704847958946357,0.287895681144754,-9.73450879357594,41.5078876821942
35.7329777481457,3.45143621117102,39.8845860067319,4.14538537064585,39.6070320795992,13.7898680968894,-1.92874901423055,-0.69394915947483,0.277553927132644,-9.64448272624351,41.5357810938298
35.7779814984582,3.05548461819576,39.9202532284349,3.73917298783514,39.6529857259082,13.2961763772712,-1.90417097291404,-0.683688369639377,0.267267502526707,-9.55700338943608,41.5571566988222
35.8229852487707,2.66066832231484,39.9494126312534,3.33472637330874,39.6923781866946,12.8068311945626,-1.87960166986044,-0.6740580509939,0.257034444558755,-9.47210482125387,41.5719798565551
35.8679889990833,2.26705303204164,39.9720135268532,2.93210331755319,39.7251602409621,12.3219199706992,-1.85505524204801,-0.665050285511549,0.246853285891063,-9.38981665314597,41.5802154830102
35.9129927493958,1.87470445588981,39.9880052269004,2.53136125183083,39.7512822073151,11.8415250066561,-1.83054583275924,-0.656656795941019,0.23672301958527,-9.31016375482532,41.5818280400743
35.9579964997083,1.48368830237279,39.9973370430609,2.13255726058251,39.7706940396746,11.3657229743795,-1.80608750978581,-0.648868958209721,0.226643003386286,-9.23316571379698,41.5767815494605
36.0030002500208,1.09407028000406,40,1.73574808629627,39.783345466638,10.8945843678807,-1.78169415999957,-0.641677806292202,0.216654533362032,-9.15883628158439,41.5650396266375
36.0480040003334,0.70591609729707,40,1.34099049624445,39.7891899154392,10.432520850741,-1.7581311680303,-0.635074398947382,0.210810084560848,-9.0915303544965,41.5473210834695
36.0930077506459,0.319291462765431,40,0.94835895594117,39.7883749100319,9.99456503618886,-1.7382652332037,-0.629067493175739,0.211625089968145,-9.04620608024769,41.5266401432356
36.1380115009584,-0.0657379150773968,40,0.557980776520782,39.7816927640309,9.57676583407423,-1.72203472001029,-0.623718691598179,0.218307235969142,-9.01878505755345,41.5037274840411
36.1830152512709,-0.449106327717974,40,0.170016204951098,39.7705671953148,9.17129166116129,-1.7086112150211,-0.619122532669071,0.229432804685203,-9.00127545621019,41.4791784103359
36.2280190015835,-0.830748066642734,40,-0.215382509996862,39.7568282810961,8.77000392021091,-1.69689822677669,-0.615365556645871,0.243171718903902,-8.98538643020777,41.4537265078728
36.273022751896,-1.2105974233383,40,-0.598107121257296,39.7424551156546,8.36564776859145,-1.68569747965538,-0.612490302081003,0.257544884345442,-8.96375488984874,41.4281525953099
36.3180265022085,-1.58858868929103,40,-0.978115492612313,39.7293219994005,7.95277754635374,-1.67387188626424,-0.610473196678717,0.270678000599524,-8.93089303896606,41.4031938856647
36.363030252521,-1.96465615598744,40,-1.35543557423426,39.7189793092536,7.52830409671258,-1.66048508618526,-0.609220581753184,0.281020690746416,-8.88373967094683,41.3794643954388
36.4080340028336,-2.33873411491412,40,-1.73015184694375,39.7124931001732,7.09161539635511,-1.64490119622914,-0.608582267970367,0.287506899826774,-8.82176724329886,41.3573942964024
36.4530377531461,-2.71075685755757,40,-2.10237880087598,39.7103580082044,6.6442988796798,-1.62683467123331,-0.60837805668159,0.289641991795584,-8.74667768055578,41.3371926794377
36.4980415034586,-3.08065867540422,40,-2.47222839084098,39.7124876072668,6.18956373183095,-1.60634812754146,-0.608430284563242,0.287512392733206,-8.66179212267193,41.3188357348083
36.5430452537711,-3.44837385994058,40,-2.83977895006087,39.7182764247893,5.73150484013673,-1.5838040579396,-0.608594909879707,0.28172357521067,-8.5712837901976,41.3020804827289
36.5880490040837,-3.81383670265319,40,-3.20505192252829,39.7267195450026,5.27435728241983,-1.55978281218172,-0.608784780124898,0.273280454997369,-8.47940920494812,41.2865023571843
36.6330527543962,-4.17698149502853,40,-3.56800048189815,39.7365699843663,4.82186458160855,-1.5349827630642,-0.608981013130373,0.263430015633695,-8.3898650635067,41.2715527474305
36.6780565047087,-4.53774252855318,40,-3.92851128896539,39.7465112645189,4.3768385915325,-1.5101188463068,-0.609231239587797,0.253488735481113,-8.30534988049788,41.2566301108257
36.7230602550213,-4.89605409471352,40,-4.28641794604347,39.7553228706688,3.94093955458271,-1.4858331681945,-0.609636148670049,0.244677129331208,-8.22735750062619,41.2411560388633
36.7680640053338,-5.25185048499611,40,-4.64152264950198,39.762019230575,3.51466369124571,-1.46262720147449,-0.610327835494131,0.237980769425029,-8.15618634074769,41.2246464320495
36.8130677556463,-5.60506599088748,40,-4.99362142554728,39.7659478546361,3.09749832560762,-1.44082043791736,-0.611444565340204,0.234052145363897,-8.0911197511549,41.2067682925535
36.8580715059588,-5.95563490387413,40,-5.34252822999004,39.7668385330541,2.68819099660433,-1.42053617817663,-0.613106673884095,0.233161466945852,-8.03071922659436,41.1873747112308
36.9030752562714,-6.30349151544249,40,-5.6880939652498,39.7648021185131,2.28507605829223,-1.40171192271794,-0.61539755019269,0.235197881486918,-7.97317002354203,41.166514041231
36.9480790065839,-6.64857011707912,40,-6.03021783882391,39.7602836044932,1.88640614655679,-1.38412967823019,-0.618352278255205,0.239716395506768,-7.9166239853807,41.1444132827234
36.9930827568964,-6.99080500027052,40,-6.36885011387941,39.7539792496698,1.49064379912854,-1.36746025701926,-0.621954886391107,0.246020750330189,-7.85949391300795,41.1214395066891
37.0380865072089,-7.33013045650318,40,-6.70398685330598,39.7467309102897,1.09667907341981,-1.35131510293604,-0.626143603197202,0.253269089710273,-7.80066592672579,41.0980460132258
37.0830902575215,-7.66648077726364,40,-7.03565847378205,39.7394122758221,0.703951722321687,-1.33529917368003,-0.630822303481592,0.260587724177881,-7.73961019610374,41.0747114495021
37.128094007834,-7.99979025403837,40,-7.36391465259344,39.7328213523865,0.312470897072835,-1.31905889678044,-0.63587560144493,0.267178647613513,-7.67638554966628,41.0518802491669
37.1730977581465,-8.32999317831384,40,-7.68880832759532,39.7275915172603,-0.0772596918297745,-1.30232020395953,-0.641184850718528,0.272408482739692,-7.61154863576554,41.0299117212198
37.218101508459,-8.65702384157662,40,-8.01038125941668,39.724130164524,-0.464389682721735,-1.28491311919717,-0.646642582159942,0.27586983547598,-7.54599157669494,41.0090432837212
37.2631052587716,-8.98081653531321,40,-8.32865301321312,39.7225898790998,-0.84791178897447,-1.26678121905441,-0.652163522100087,0.277410120900157,-7.48074122423865,40.9893710981543
37.3081090090841,-9.30130555101003,40,-8.64361442567516,39.7228727629972,-1.22685796984467,-1.24797627788896,-0.657691125334868,0.277127237002844,-7.41675645583049,40.9708490408861
37.3531127593966,-9.61842518015365,40,-8.95522580989152,39.7246645218891,-1.60046889603851,-1.2286402628313,-0.663199370262127,0.275335478110911,-7.35475691385302,40.9533047847204
37.3981165097091,-9.93210971423057,40,-9.26341944530078,39.7274916510598,-1.96831132914914,-1.20897826735847,-0.668690268929792,0.272508348940171,-7.29510811615164,40.9364699184183
37.4431202600217,-10.2422934447273,40,-9.56810538709438,39.7307928613142,-2.33032934072311,-1.18922676684708,-0.674188057632907,0.269207138685772,-7.23777604637127,40.9200196281613
37.4881240103342,-10.5489106631303,40,-9.86917934532362,39.7339949293284,-2.68682760544107,-1.16962167789261,-0.67973131780672,0.266005070671618,-7.18235173988255,40.903616607221
37.5331277606467,-10.8518956609262,40,-10.1665313218575,39.7365834545225,-3.03839599232872,-1.15037017704602,-0.685364339068654,0.263416545477497,-7.12813532952879,40.8869536315685
37.5781315109592,-11.1511827296013,40,-10.4600538150474,39.7381604180323,-3.38579274956349,-1.13162925706169,-0.691128914553817,0.261839581967678,-7.07426106548395,40.869789675094
37.6231352612718,-11.4467061606422,40,-10.7496486518441,39.7384827093592,-3.72980801219262,-1.11349278638988,-0.697057508798077,0.261517290640761,-7.01984063965147,40.8519754957491
37.6681390115843,-11.7384002455355,40,-11.0352318252906,39.7374785717254,-4.07113017669376,-1.09598759487164,-0.703168420244918,0.26252142827461,-6.9641016485968,40.833466166597
37.7131427618968,-12.0261992757675,40,-11.316736047794,39.7352418419706,-4.41023536378746,-1.07907799170452,-0.709463227973549,0.264758158029387,-6.9065006840065,40.8143198336751
37.7581465122094,-12.3100375428249,40,-11.5941110354036,39.7320065614262,-4.7473154235753,-1.06267722864421,-0.715926507421266,0.267993438573775,-6.84679561182829,40.7946837900704
37.8031502625219,-12.589849338194,40,-11.86732178778,39.7281067021937,-5.0822534883627,-1.04666380118476,-0.722527550414078,0.271893297806294,-6.78506829941725,40.7747705033785
37.8481540128344,-12.8655689533615,40,-12.1363453082772,39.7239271684771,-5.4146487597614,-1.03090015075288,-0.729223645084266,0.27607283152291,-6.72169654851585,40.75482731923
37.8931577631469,-13.1371306798139,40,-12.4011663149132,39.7198527831889,-5.74388491485445,-1.01525129140141,-0.735964364900669,0.280147216811109,-6.65728140005877,40.7351040745903
37.9381615134595,-13.4044688090375,40,-12.6617725297103,39.7162216578904,-6.06923018670389,-0.999601120305061,-0.742696279327244,0.283778342109649,-6.59254234300641,40.7158227781954
37.983165263772,-13.667517632519,40,-12.9181501092052,39.7132882761979,-6.38995274268121,-0.983864648441487,-0.749367523313778,0.286711723802064,-6.52819736652402,40.6971529246394
38.0281690140845,-13.9262114417448,40,-13.1702797035417,39.7111999881163,-6.70543316334703,-0.967995046108487,-0.755931738203074,0.288800011883744,-6.4648465401947,40.6791950342247
38.073172764397,-14.1804845282015,40,-13.4181335175338,39.7099886606602,-7.01525691856335,-0.951985150507374,-0.762351010667658,0.290011339339763,-6.40287659897048,40.6619738111676
38.1181765147096,-14.4302711833755,40,-13.6616736073895,39.7095772239276,-7.31927351978509,-0.935863825033943,-0.768597575985943,0.290422776072369,-6.34240008760445,40.6454410489616
38.1631802650221,-14.6755056987533,40,-13.9008514951653,39.7097990425772,-7.61761476392766,-0.919688188010797,-0.774654203588026,0.290200957422805,-6.28323673123762,40.629487230588
38.2081840153346,-14.9161223658215,40,-14.1356090337173,39.7104266374209,-7.91067110129594,-0.903533159437014,-0.780513332104194,0.289573362579127,-6.22493793242134,40.6139597968579
38.2531877656471,-15.1520554760665,40,-14.3658803219829,39.7112054211887,-8.19903149899137,-0.88747996264937,-0.786175154083608,0.288794578811334,-6.16684882299151,40.598685383838
38.2981915159597,-15.3832393209749,40,-14.5915943666203,39.7118878585155,-8.48339723854594,-0.871605162560203,-0.791644954354634,0.288112141484504,-6.10819712807434,40.5834930210757
38.3431952662722,-15.6096081920331,40,-14.8126781214281,39.7122637947444,-8.76448322514498,-0.855971561922792,-0.796930070605031,0.287736205255577,-6.04819489628311,40.5682353566672
38.3881990165847,-15.8310963807277,40,-15.0290595165388,39.712183531582,-9.04292133398364,-0.840621876876675,-0.802036864188929,0.287816468417972,-5.98613818255513,40.5528054084587
38.4332027668972,-16.0476381785451,40,-15.2406701160026,39.7115714155926,-9.31917917238908,-0.825575647825264,-0.80696806254255,0.288428584407399,-5.92149094361351,40.5371470634179
38.4782065172098,-16.259167876972,40,-15.4474471104142,39.7104290712129,-9.59350475373944,-0.810829381838361,-0.811720766557771,0.289570928787136,-5.85394235667475,40.5212584530512
38.5232102675223,-16.4656197674946,40,-15.6493344509623,39.7088287689135,-9.86590348241742,-0.796359524429873,-0.81628531653234,0.291171231086537,-5.78343096854488,40.5051882933433
38.5682140178348,-16.6669281415996,40,-15.8462830491242,39.7068986027617,-10.1361491389139,-0.782127559900713,-0.820645092475448,0.293101397238296,-5.71013391021027,40.4890261626624
38.6132177681473,-16.8630272907736,40,-16.0382500865896,39.704802027095,-10.4038258524267,-0.768086360985065,-0.824777204183928,0.295197972905001,-5.63442423416297,40.4728883880801
38.6582215184599,-17.0538515065029,40,-16.2251975874648,39.7027147858587,-10.6683939503876,-0.754186855477324,-0.828653919038082,0.297285214141283,-5.5568036370772,40.456901641336
38.7032252687724,-17.239335080274,40,-16.4070904862626,39.7008023327946,-10.9292695982465,-0.740384142099981,-0.832244594011456,0.299197667205377,-5.47782088801609,40.4411864748946
38.7482290190849,-17.4194123035736,40,-16.5838944715873,39.6992005132038,-11.1859066666842,-0.726642351295501,-0.835517831986255,0.300799486796201,-5.39798780490308,40.4258428644993
38.7932327693974,-17.594017467888,40,-16.7555738928794,39.6980016323865,-11.4378694620221,-0.712937780802805,-0.838443575008569,0.30199836761345,-5.31770443085727,40.4109394131894
38.83823651971,-17.7630848647038,40,-16.9220899876572,39.6972471797087,-11.6848867571652,-0.699260106016475,-0.840994877046583,0.302752820291317,-5.23720323049197,40.3965072857252
38.8832402700225,-17.9265487855075,40,-17.0833996258597,39.6969275355714,-11.9268806457838,-0.685611733655334,-0.843149159647762,0.303072464428553,-5.15651898007597,40.3825392692268
38.928244020335,-18.0843435217856,40,-17.2394546863437,39.6969880866326,-12.1639675966149,-0.672005598933697,-0.844888835441932,0.303011913367357,-5.07548708972872,40.3689936855663
38.9732477706476,-18.2364033650246,40,-17.3902020905691,39.6973404221781,-12.3964330923426,-0.658461873524615,-0.846201274455478,0.302659577821949,-4.9937689982265,40.3558022957027
39.0182515209601,-18.382662606711,40,-17.5355844324728,39.6978767632825,-12.6246847970359,-0.645004138003555,-0.847078174238167,0.302123236717492,-4.9108996354369,40.3428809012861
39.0632552712726,-18.5230555383312,40,-17.675541072426,39.6984855320638,-12.8491918234976,-0.63165557538265,-0.847514465905224,0.30151446793618,-4.82634924892846,40.3301411074465
39.1082590215851,-18.6575164513719,40,-17.8100095150726,39.6990660079348,-13.0704190685376,-0.61843567146206,-0.84750693629929,0.300933992065204,-4.73959044653498,40.3175016793969
39.1532627718977,-18.7859796373195,40,-17.9389268700799,39.6995403119611,-13.2887656606785,-0.605357782054473,-0.847052767239617,0.300459688038913,-4.65016120940138,40.3048980940156
39.1982665222102,-18.9083793876605,40,-18.0622312017583,39.6998614503101,-13.5045154239893,-0.592427770714229,-0.846148185902209,0.300138549689862,-4.55771577776894,40.2922892210244
39.2432702725227,-19.0246499938814,40,-18.1798626047865,39.7000167547535,-13.7178051560707,-0.579643758070876,-0.844787389094869,0.299983245246473,-4.46205744871581,40.2796605128244
39.2882740228352,-19.1347257474687,40,-18.2917638926913,39.7000266956258,-13.9286137962985,-0.566996876919317,-0.84296185477745,0.299973304374248,-4.36315009639274,40.2670235725451
39.3332777731478,-19.238540939909,40,-18.3978808452495,39.6999396274935,-14.1367726146564,-0.554472812284886,-0.840660094659469,0.300060372506536,-4.26110823059311,40.2544124397783
39.3782815234603,-19.3360298626886,40,-18.4981620220092,39.6998234907805,-14.3419937713299,-0.542053832880042,-0.837867840679404,0.300176509219455,-4.15616825067936,40.2418773236606
39.4232852737728,-19.4271268072942,40,-18.5925582036702,39.6997557858384,-14.5439123287811,-0.529720993423687,-0.834568603624003,0.300244214161566,-4.04864587488913,40.2294767792621
39.4682890240853,-19.5117660652123,40,-18.6810215647337,39.6998132371812,-14.7421353082626,-0.517456204076345,-0.830744500478584,0.300186762818811,-3.93888625647107,40.2172694412575
39.5132927743979,-19.5898819279292,40,-18.7635047054793,39.7000624788001,-14.936290829763,-0.50524391671275,-0.826377222449885,0.299937521199858,-3.82721387571635,40.2053063955129
39.5582965247104,-19.6614086869316,40,-18.8399596774047,39.7005528440965,-15.1260707874191,-0.493072257177996,-0.821449009526898,0.299447155903508,-3.71388888998557,40.1936251012745
39.6033002750229,-19.7262806337059,40,-18.9103371247242,39.7013119814541,-15.3112617874488,-0.480933525133883,-0.815943508981665,0.298688018545889,-3.59907533727538,40.182245506588
39.6483040253354,-19.7844320597386,40,-18.9745856384963,39.7023445948902,-15.4917609909629,-0.46882407519111,-0.809846421242295,0.297655405109758,-3.48282464753341,40.1711686700814
39.693307775648,-19.8357972565163,40,-19.032651384083,39.7036341872262,-15.6675757558559,-0.456743672613895,-0.803145872433355,0.29636581277375,-3.36507562822712,40.1603778598401
39.7383115259605,-19.8803105155254,40,-19.0844780224236,39.7051473143711,-15.8388082242445,-0.444694474694754,-0.795832493101855,0.294852685628889,-3.24566979817913,40.1498417890659
39.783315276273,-19.9179061282525,40,-19.1300069065158,39.7068395856849,-16.0056279401985,-0.432679819590493,-0.787899221736719,0.293160414315103,-3.12437896631726,40.1395194052754
39.8283190265855,-19.9485183861841,40,-19.1691775013868,39.7086624932451,-16.1682369610917,-0.420703007009168,-0.779340884797303,0.291337506754864,-3.00094054029504,40.1293655002543
39.8733227768981,-19.9720815808065,40,-19.2019279523305,39.7105701306456,-16.3268325990417,-0.408766232712045,-0.770153628476077,0.289429869354372,-2.87509535328875,40.1193363633577
39.9183265272106,-19.9885300036065,40,-19.2281957143591,39.712524960902,-16.4815728624366,-0.396869797534895,-0.760334289247428,0.287475039098048,-2.74662285192244,40.1093947584368
39.9633302775231,-19.9977979460704,40,-19.2479181560781,39.7145019896699,-16.6325489315304,-0.385011659540033,-0.749879789992228,0.285498010330052,-2.61536922454775,40.09951364921
40.0083340278357,-20,40,-19.2610330623917,39.7164909605189,-16.7797748794173,-0.37318749967626,-0.7389669376083,0.283509039481132,-2.4812581829744,40.0896784601951
40.0533377781482,-20,40,-19.2674815342555,39.7184962128049,-16.9184067149409,-0.361283650147489,-0.732518465744509,0.281503787195078,-2.34907481931457,40.0797798629524
40.0983415284607,-20,40,-19.2675804625909,39.72049213037,-17.0289681383747,-0.348905301274029,-0.732419537409111,0.279507869630024,-2.2386123242162,40.069397431644
40.1433452787732,-20,40,-19.2627615120788,39.7223224758658,-17.1131902608874,-0.336149738595815,-0.737238487921235,0.277677524134219,-2.14957125119141,40.0584722144616
40.1883490290858,-20,40,-19.2552146192584,39.7237228960421,-17.179484712694,-0.32322669225126,-0.744785380741551,0.276277103957923,-2.07572990656445,40.0469495882933
40.2333527793983,-20,40,-19.2472334574364,39.7244065588694,-17.2384205252001,-0.310355282864167,-0.752766542563581,0.275593441130574,-2.00881293223629,40.0347618417336
40.2783565297108,-20,40,-19.2406841896455,39.7241578134497,-17.2998190283803,-0.297706099653384,-0.759315810354479,0.275842186550307,-1.9408651612652,40.0218639131031
40.3233602800233,-20,40,-19.236688264418,39.7229061353825,-17.3705532305709,-0.285369130734523,-0.76331173558204,0.27709386461747,-1.8661350338471,40.0082752661171
40.3683640303359,-20,40,-19.235541794629,39.7207615244839,-17.4534160403755,-0.27334874955539,-0.764458205371039,0.27923847551606,-1.7821257542535,39.9941102740393
40.4133677806484,-20,40,-19.2368365681602,39.718004587347,-17.5471043304346,-0.261580216692816,-0.763163431839807,0.281995412652989,-1.68973223772556,39.9795848040398
40.4583715309609,-20,40,-19.2397107516263,39.7150364306476,-17.6471196714683,-0.249958705077491,-0.760289248373699,0.284963569352449,-1.59259108015803,39.964995135725
40.5033752812734,-20,40,-19.2431445372117,39.712302480492,-17.7472346471961,-0.238371331371739,-0.756855462788334,0.287697519507986,-1.49590989001558,39.9506738118638
40.548379031586,-20,40,-19.2462248336408,39.7102088490199,-17.8411169421446,-0.226724257673172,-0.753775166359151,0.289791150980093,-1.40510789149627,39.9369331066931
40.5933827818985,-20,40,-19.2483268472118,39.7090495962928,-17.9237350786833,-0.214959776464934,-0.751673152788211,0.290950403707171,-1.32459176852854,39.9240093727578
40.638386532211,-20,40,-19.2491904676142,39.7089589933554,-17.9922748463501,-0.203061623707248,-0.750809532385773,0.291041006644605,-1.25691562126415,39.9120206170626
40.6833902825235,-20,40,-19.2488976964457,39.7098962129737,-18.0464458050076,-0.191049828433224,-0.751102303554305,0.290103787026347,-1.20245189143806,39.9009460414069
40.7283940328361,-20,40,-19.2477780388101,39.7116625470859,-18.088212935911,-0.178968560068067,-0.752221961189942,0.288337452914064,-1.15956510289905,39.890631107154
40.7733977831486,-20,40,-19.2462789187049,39.7139448928578,-18.1211099736747,-0.166871311236705,-0.753721081295133,0.286055107142168,-1.1251689450302,39.8808162040945
40.8184015334611,-20,40,-19.2448378477347,39.7163750018066,-18.1493529898077,-0.154807379509515,-0.755162152265338,0.283624998193368,-1.09548485792696,39.8711823813161
40.8634052837736,-20,40,-19.2437846467786,39.7185923614062,-18.1769718321541,-0.142812359706784,-0.756215353221389,0.28140763859377,-1.06681281462451,39.861404721113
40.9084090340862,-20,40,-19.2432891372118,39.720299473281,-18.2071279386404,-0.130903768162417,-0.75671086278825,0.279700526719019,-1.03616119857138,39.8512032414434
40.9534127843987,-20,40,-19.2433562158803,39.7213011247439,-18.2417135111495,-0.119081484222616,-0.756643784119714,0.278698875256147,-1.00164270473078,39.8403826089665
40.9984165347112,-20,40,-19.2438592384931,39.7215231672328,-18.2812517155402,-0.107331719369789,-0.756140761506913,0.278476832767232,-0.962607522952936,39.8288548866026
41.0434202850237,-20,40,-19.2445960498633,39.721010411211,-18.3250563886655,-0.0956328036197,-0.755403950136678,0.278989588789017,-0.919539661197781,39.8166432148307
41.0884240353363,-20,40,-19.2453503182178,39.7199067524344,-18.3715706779343,-0.0839611421912045,-0.754649681782197,0.280093247565553,-0.873779640283548,39.8038678946257
41.1334277856488,-20,40,-19.2459433606474,39.7184230450702,-18.4187886567599,-0.07229608781869,-0.754056639352619,0.281576954929839,-0.827154703887476,39.7907191328889
41.1784315359613,-20,40,-19.2462669137098,39.7167993195773,-18.4646694216079,-0.0606230208512838,-0.753733086290165,0.283200680422667,-0.781597492101962,39.7774223404286
41.2234352862739,-20,40,-19.246293549943,39.715267771515,-18.5074739465964,-0.0489344769181151,-0.753706450057049,0.28473222848497,-0.738819603346585,39.7642022484331
41.2684390365864,-20,40,-19.2460670770188,39.7140217914262,-18.5459840624935,-0.0372295986613033,-0.753932922981189,0.285978208573788,-0.700083014525337,39.7512513900875
41.3134427868989,-20,40,-19.2456791717436,39.7131945472077,-18.5795931243815,-0.0255124525276592,-0.754320828256365,0.286805452792265,-0.666086047362143,39.7387069997354
41.3584465372114,-20,40,-19.2452402063746,39.7128486688874,-18.6082831091481,-0.0137898331273401,-0.754759793625414,0.287151331112646,-0.636957097226528,39.7266385020147
41.403450287524,-20,40,-19.2448518222876,39.7129767656932,-18.6325191316462,-0.00206910763147048,-0.755148177712353,0.287023234306773,-0.612332690641441,39.7150458733247
41.4484540378365,-20,40,-19.244586838699,39.7135110695515,-18.6530985369357,0.00964351144678819,-0.755413161301011,0.286488930448492,-0.591488301763331,39.7038675581047
41.493457788149,-20,40,-19.2444793196722,39.7143395735769,-18.670989173636,0.0213440712290878,-0.75552068032777,0.285660426423121,-0.573490146036271,39.6929955023478
41.5384615384615,-20,40,-19.2445248361654,39.7153256371759,-18.6871831559108,0.033031339692116,-0.755475163834632,0.284674362824077,-0.557341680254595,39.6822942974838
41.5834652887741,-20,40,-19.2446887624084,39.7163280979235,-18.7025818341236,0.0447067209289899,-0.755311237591577,0.283671902076506,-0.542106928284777,39.6716213769945
41.6284690390866,-20,40,-19.2449191865771,39.717219352308,-18.71791777024,0.0563737808852616,-0.755080813422946,0.282780647692014,-0.527001416337082,39.6608455714227
41.6734727893991,-20,40,-19.2451607629447,39.7178995128789,-18.7337121280422,0.0680375481745772,-0.754839237055329,0.282100487121077,-0.511448634902454,39.6498619647043
41.7184765397116,-20,40,-19.2453664210283,39.7183054947102,-18.7502617054026,0.0797037315382793,-0.754633578971657,0.281694505289842,-0.495104715625754,39.6386017631719
41.7634802900242,-20,40,-19.2455049651841,39.7184146269786,-18.7676485259877,0.0913779609414654,-0.754495034815932,0.281585373021365,-0.477856439196408,39.6270366660372
41.8084840403367,-20,40,-19.2455638883412,39.7182430503931,-18.7857655410412,0.103065127364367,-0.754436111658794,0.28175694960688,-0.459798347300037,39.6151779230288
41.8534877906492,-20,40,-19.2455478709752,39.7178396989403,-18.8043534642622,0.114768873341078,-0.754452129024813,0.282160301059747,-0.44119440671302,39.6030708255992
41.8984915409617,-20,40,-19.2454742272365,39.7172770475272,-18.8230451415121,0.12649127144121,-0.754525772763504,0.282722952472803,-0.422429085724357,39.590785776086
41.9434952912743,-20,40,-19.245366905744,39.716640024802,-18.8414145880403,0.138232716187166,-0.754633094256025,0.283359975198024,-0.403952317703723,39.5784073086148
41.9884990415868,-20,40,-19.245250580493,39.7160145444201,-18.8590277898347,0.149992040622719,-0.75474941950705,0.283985455579874,-0.386222790658209,39.5660225037974
42.0335027918993,-20,40,-19.245145989114,39.7154770100979,-18.8754918057342,0.161766848367534,-0.754854010885957,0.284522989902129,-0.369654183379843,39.5537101617303
42.0785065422118,-20,40,-19.2450671433728,39.7150859209493,-18.8904980728067,0.173554025768433,-0.754932856627153,0.284914079050679,-0.354569070566139,39.5415318951809
42.1235102925244,-20,40,-19.2450205004698,39.7148763737065,-18.9038555816153,0.185350370743305,-0.754979499530187,0.285123626293533,-0.341164918854524,39.5295260029632
42.1685140428369,-20,40,-19.2450057593015,39.7148578653195,-18.915510085231,0.19715325158376,-0.754994240698529,0.28514213468047,-0.329495674070422,39.5177046137358
42.2135177931494,-20,40,-19.2450176976315,39.7150153868154,-18.9255468354327,0.208961197078009,-0.7549823023685,0.284984613184562,-0.319470862198848,39.5060541897374
42.258521543462,-20,40,-19.2450484046264,39.7153134129226,-18.9341763456081,0.220774323619024,-0.754951595373615,0.284686587077374,-0.310872059018251,39.4945390893036
42.3035252937745,-20,40,-19.245089355523,39.7157020747383,-18.9417050055201,0.232594526692864,-0.754910644477032,0.284297925261747,-0.303384350002847,39.4831075480454
42.348529044087,-20,40,-19.2451329624774,39.7161245892178,-18.9484945633859,0.244425400402963,-0.754867037522569,0.283875410782152,-0.296638399091574,39.4716991888149
42.3935327943995,-20,40,-19.2451734523554,39.7165249310544,-18.9549161113512,0.256271893078465,-0.754826547644594,0.283475068945627,-0.29025734100421,39.4602530379759
42.4385365447121,-20,40,-19.2452071123598,39.7168547749332,-18.9613049491488,0.268139751157501,-0.754792887640157,0.283145225066811,-0.283902163211085,39.4487150237757
42.4835402950246,-20,40,-19.2452320718235,39.7170788975487,-18.9679224289817,0.280034839029321,-0.754767928176488,0.282921102451311,-0.277309642841825,39.4370440585194
42.5285440453371,-20,40,-19.2452478403929,39.7171784822647,-18.9749296711405,0.291962442789922,-0.754752159607147,0.282821517735314,-0.270318169252331,39.4252160394748
42.5735477956496,-20,40,-19.2452548070487,39.7171520768723,-18.9823761208909,0.303926667468281,-0.75474519295129,0.282847923127697,-0.262878686157769,39.413225409404
42.6185515459622,-20,40,-19.2452538427282,39.7170142731018,-18.990203637986,0.315930020402968,-0.754746157271814,0.282985726898183,-0.255050204742226,39.4010842526989
42.6635552962747,-20,40,-19.2452460690669,39.7167924628663,-18.9982645534627,0.327973241636255,-0.754753930933106,0.283207537133727,-0.246981515604162,39.38881922123
42.7085590465872,-20,40,-19.2452327821246,39.7165222450381,-19.0063502454132,0.340055401447086,-0.754767217875429,0.283477754961943,-0.238882536711326,39.376466843591
42.7535627968997,-20,40,-19.2452154703869,39.7162421837736,-19.0142255404443,0.352174242671681,-0.754784529613111,0.283757816226355,-0.230989929942577,39.364067941102
42.7985665472123,-20,40,-19.2451958482395,39.715988645052,-19.0216637825744,0.364326708331445,-0.754804151760492,0.284011354948007,-0.223532065665129,39.3516619367205
42.8435702975248,-20,40,-19.2451758372292,39.7157913667585,-19.0284777339804,0.37650956904787,-0.75482416277082,0.284208633241477,-0.216698103248763,39.3392817977107
42.8885740478373,-20,40,-19.2451574584961,39.7156702666922,-19.0345424662915,0.388720053328889,-0.754842541503898,0.284329733307786,-0.210614992204604,39.3269502133633
42.9335777981498,-20,40,-19.2451426382465,39.7156337889938,-19.0398078573644,0.400956387996344,-0.754857361753501,0.28436621100623,-0.205334780882108,39.3146774009974
42.9785815484624,-20,40,-19.2451329619637,39.7156788642222,-19.0442999663098,0.413218174145471,-0.754867038036316,0.284321135777816,-0.200832995653922,39.3024606900767
43.0235852987749,-20,40,-19.2451294334932,39.7157923432623,-19.0481121551586,0.425506552332277,-0.754870566506796,0.284207656737749,-0.197017278334652,39.29028579093
43.0685890490874,-20,40,-19.2451322982961,39.715953587798,-19.0513881343851,0.437824144101485,-0.754867701703901,0.284046412201967,-0.193744163911013,39.2781294436965
43.1135927994,-20,40,-19.245140977094,39.7161377800548,-19.0542999768745,0.450174790049034,-0.754859022906039,0.283862219945242,-0.190841000219468,39.2659629900057
43.1585965497125,-20,40,-19.2451541317301,39.7163194622299,-19.0570245007459,0.462563132445969,-0.754845868269946,0.283680537770074,-0.188129630984168,39.253756329784
43.203600300025,-20,40,-19.2451698563141,39.7164758319041,-19.0597212785695,0.474994109375916,-0.754830143685894,0.283524168095866,-0.185448577744573,39.2414817225282
43.2486040503375,-20,40,-19.2451859607057,39.7165893951745,-19.0625149701277,0.487472435376196,-0.754814039294278,0.283410604825505,-0.182670990578035,39.2291169597983
43.2936078006501,-20,40,-19.2452002957184,39.7166496987793,-19.0654838249192,0.500002140519429,-0.754799704281581,0.283350301220743,-0.179716470799256,39.2166475582598
43.3386115509626,-20,40,-19.2452110631615,39.7166540063943,-19.0686552069268,0.512586227116546,-0.754788936838537,0.283345993605742,-0.176555856234668,39.2040677792777
43.3836153012751,-20,40,-19.2452170592214,39.7166069317041,-19.0720080034526,0.525226483347795,-0.754782940778622,0.283393068295879,-0.173209055768801,39.1913804483563
43.4286190515876,-20,40,-19.2452178144997,39.7165191725502,-19.0754809175274,0.537923469421204,-0.754782185500332,0.283480827449779,-0.169736896972278,39.178595703129
43.4736228019002,-20,40,-19.2452136144082,39.7164055911423,-19.0789850024405,0.550676667787968,-0.754786385591796,0.283594408857688,-0.166228611967753,39.1657289233543
43.5186265522127,-20,40,-19.2452054051109,39.7162829451955,-19.0824184314198,0.563484767705317,-0.75479459488912,0.283717054804477,-0.162786973691098,39.1527981774902
43.5636303025252,-20,40,-19.2451946086951,39.7161675902929,-19.0856814196511,0.57634603857996,-0.754805391304863,0.283832409707124,-0.15951318904407,39.1398215517129
43.6086340528377,-20,40,-19.2451828837818,39.7160734471431,-19.0886894073733,0.58925873770616,-0.754817116218163,0.283926552856869,-0.156493476408546,39.126814709437
43.6536378031503,-20,40,-19.2451718728717,39.7160104661592,-19.0913830197439,0.602221496872347,-0.754828127128302,0.283989533840789,-0.153788853127807,39.1137889692869
43.6986415534628,-20,40,-19.2451629754615,39.7159837370003,-19.093733869097,0.615233638472784,-0.754837024538482,0.284016262999742,-0.151429106364507,39.1007500985275
43.7436453037753,-20,40,-19.2451571777073,39.7159932953576,-19.0957458759282,0.628295383951559,-0.754842822292705,0.28400670464238,-0.149411301779132,39.0876979114061
43.7886490540878,-20,40,-19.245154957349,39.7160345863412,-19.0974523751947,0.641407933668305,-0.754845042651016,0.283965413658784,-0.147702582154292,39.0746266526729
43.8336528044004,-20,40,-19.2451562692277,39.7160994647913,-19.0989097737824,0.654573415254745,-0.754843730772333,0.283900535208673,-0.146246495445308,39.0615260495366
43.8786565547129,-20,40,-19.2451606043226,39.7161775563157,-19.1001888808492,0.667794714801728,-0.754839395677411,0.283822443684308,-0.144971723473429,39.048382841514
43.9236603050254,-20,40,-19.2451671055782,39.7162577738064,-19.1013652155349,0.681075219589941,-0.754832894421824,0.283742226193603,-0.143801890043306,39.0351825542165
43.9686640553379,-20,40,-19.2451747179147,39.7163297836872,-19.1025096005474,0.694418510872354,-0.754825282085324,0.283670216312842,-0.142665117367279,39.0219112728148
44.0136678056505,-20,40,-19.2451823479956,39.7163852415739,-19.1036801920285,0.707828049443218,-0.754817652004448,0.283614758426083,-0.141502155967061,39.0085571921307
44.058671555963,-20,40,-19.2451890111788,39.7164186627888,-19.1049168105455,0.721306895173242,-0.754810988821156,0.283581337211217,-0.140272200633298,38.9951117676155
44.1036753062755,-20,40,-19.2451939477574,39.7164278516194,-19.106238071888,0.734857494897218,-0.754806052242611,0.283572148380642,-0.138955875869421,38.9815703567221
44.1486790565881,-20,40,-19.2451966969949,39.7164138758476,-19.1076414218337,0.748481562192307,-0.754803303005055,0.283586124152372,-0.137555275161247,38.9679323136553
44.1936828069006,-20,40,-19.2451971244546,39.7163806316301,-19.1091058071958,0.762180059318847,-0.754802875545391,0.283619368369877,-0.136091317258821,38.9542005723113
44.2386865572131,-20,40,-19.2451954046842,39.7163340913081,-19.1105964100601,0.775953277762401,-0.754804595315751,0.283665908691866,-0.134598994624138,38.9403808135457
44.2836903075256,-20,40,-19.2451919667009,39.7162813582048,-19.1120706651556,0.789801001238355,-0.754808033299057,0.283718641795176,-0.133121301545295,38.9264803569665
44.3286940578382,-20,40,-19.2451874134214,39.716229665427,-19.1134846889864,0.803722725256037,-0.754812586578584,0.283770334573042,-0.131702724435055,38.9125069401709
44.3736978081507,-20,40,-19.2451824280254,39.7161854501944,-19.1147992752234,0.817717901499496,-0.754817571974634,0.283814549805648,-0.130383152801976,38.8984675486949
44.4187015584632,-20,40,-19.2451776802726,39.7161536136419,-19.1159847407076,0.831786173905856,-0.754822319727424,0.283846386358064,-0.12919293956498,38.8843674397361
44.4637053087757,-20,40,-19.2451737442773,39.7161370425647,-19.1170241150551,0.845927576339623,-0.754826255722747,0.283862957435282,-0.128149629222193,38.8702094662251
44.5087090590883,-20,40,-19.2451710365588,39.716136429507,-19.1179144212034,0.860142668528312,-0.754828963441213,0.283863570493047,-0.127256615355421,38.8559937609786
44.5537128094008,-20,40,-19.2451697797912,39.7161503865906,-19.1186660581131,0.874432596341065,-0.754830220208813,0.283849613409423,-0.12650372167807,38.8417177902495
44.5987165597133,-20,40,-19.2451699940284,39.7161758117957,-19.1193005358974,0.888799073167519,-0.754830005971581,0.283824188204299,-0.125869458131014,38.8273767386282
44.6437203100258,-20,40,-19.2451715137244,39.7162084382866,-19.1198469996576,0.903244289613576,-0.754828486275638,0.283791561713436,-0.125324514066762,38.812964148673
44.6887240603384,-20,40,-19.2451740259567,39.7162434805937,-19.1203380922833,0.917770767611931,-0.754825974043282,0.28375651940631,-0.124835933673396,38.7984727129818
44.7337278106509,-20,40,-19.2451771231748,39.7162762871056,-19.1208057403595,0.9323811812797,-0.754822876825216,0.283723712894442,-0.12437138281528,38.7838951058259
44.7787315609634,-20,40,-19.2451803626777,39.7163029158104,-19.1212774040343,0.94707816978847,-0.754819637322264,0.283697084189633,-0.12390295864348,38.7692247460219
44.8237353112759,-20,40,-19.2451833249347,39.7163205675334,-19.1217732237317,0.961864166967346,-0.754816675065349,0.28367943246657,-0.123410101202971,38.7544564005661
44.8687390615885,-20,40,-19.2451856637038,39.7163278349542,-19.1223043435651,0.976741268630184,-0.754814336296167,0.283672165045786,-0.122881320138706,38.739586566324
44.913742811901,-20,40,-19.2451871425242,39.716324752803,-19.1228725167408,0.991711152395493,-0.75481285747583,0.28367524719696,-0.122314625783414,38.7246136004075
44.9587465622135,-20,40,-19.245187654285,39.7163126611194,-19.1234709262522,1.00677505702443,-0.754812345715045,0.28368733888064,-0.121716728032801,38.7095376040949
45.003750312526,-20,40,-19.2451872229389,39.7162939160071,-19.1240860063258,1.02193382014673,-0.754812777061126,0.283706083992932,-0.121101216613123,38.6943600958603
45.0487540628386,-20,40,-19.245185988705,39.7162714984543,-19.1246999429076,1.03718796576288,-0.754814011295029,0.283728501545689,-0.120486045797399,38.6790835326914
45.0937578131511,-20,40,-19.245184180041,39.7162485800409,-19.1252934748738,1.05253782703167,-0.754815819958999,0.283751419959088,-0.119890705167165,38.6637107530092
45.1387615634636,-20,40,-19.2451820770357,39.7162281044132,-19.1258486141568,1.06798368623408,-0.754817922964275,0.283771895586831,-0.119333462878934,38.6482444181791
45.1837653137761,-20,40,-19.2451799715532,39.7162124360084,-19.1263509482089,1.08352591276593,-0.754820028446822,0.283787563991616,-0.118829023344233,38.6326865232424
45.2287690640887,-20,40,-19.2451781294186,39.716203114279,-19.1267912719909,1.0991650815208,-0.754821870581363,0.283796885720975,-0.118386857427716,38.6170380327582
45.2737728144012,-20,40,-19.2451767592316,39.7162007348108,-19.1271664047977,1.11490205771345,-0.754823240768367,0.28379926518916,-0.118010354433949,38.6012986770974
45.3187765647137,-20,40,-19.2451759911645,39.7162049607144,-19.1274791637754,1.13073803944339,-0.754824008835492,0.283795039285621,-0.117696827389089,38.585466921271
45.3637803150263,-20,40,-19.245175867554,39.7162146508821,-19.1277375753513,1.14667455532149,-0.754824132446011,0.283785349117906,-0.11743829220265,38.5695400955606
45.4087840653388,-20,40,-19.2451763454418,39.7162280781551,-19.1279534947864,1.16271342045008,-0.754823654558162,0.283771921844917,-0.117222850655406,38.553514657705
45.4537878156513,-20,40,-19.2451773096891,39.7162432015495,-19.1281408632624,1.17885665918938,-0.754822690310917,0.283756798450518,-0.117036446426702,38.5373865423601
45.4987915659638,-20,40,-19.245178594063,39.716257953151,-19.1283138565905,1.19510640685208,-0.754821405936966,0.283742046848978,-0.116864737472582,38.5211515462989
45.5437953162764,-20,40,-19.2451800069094,39.7162705020519,-19.1284851698712,1.21146480436184,-0.754819993090642,0.283729497948094,-0.116694837038199,38.5048056976901
45.5887990665889,-20,40,-19.245181357737,39.7162794640661,-19.1286646426721,1.2279338998702,-0.754818642262961,0.283720535933917,-0.116516715064972,38.4883455641959
45.6338028169014,-20,40,-19.2451824812542,39.7162840356894,-19.1288583673537,1.2445155694871,-0.754817518745782,0.283715964310581,-0.116324113900518,38.4717684662023
45.6788065672139,-20,40,-19.2451832560283,39.7162840423297,-19.1290683489428,1.26121146600348,-0.754816743971688,0.283715957670339,-0.116114907085525,38.4550725763262
45.7238103175265,-20,40,-19.2451836158838,39.7162799025881,-19.1292927089436,1.27802300029067,-0.754816384116236,0.283720097411909,-0.115890906940127,38.4382569022974
45.768814067839,-20,40,-19.2451835532478,39.7162725208252,-19.1295263574466,1.29495135555121,-0.754816446752162,0.283727479174843,-0.11565719580128,38.4213211652739
45.8138178181515,-20,40,-19.2451831147529,39.7162631281849,-19.1297620056895,1.31199753037192,-0.75481688524706,0.283736871815094,-0.115421109063458,38.404265597813
45.858821568464,-20,40,-19.2451823903625,39.7162530969148,-19.129991359976,1.32916240311342,-0.754817609637474,0.283746903085188,-0.115191030386498,38.3870906938014
45.9038253187766,-20,40,-19.245181497996,39.7162437539105,-19.130206329569,1.34644680794486,-0.754818502003964,0.283756246089524,-0.114975168427041,38.3697969459656
45.9488290690891,-20,40,-19.2451805660196,39.7162362171292,-19.1304000947979,1.36385161200207,-0.754819433980369,0.2837637828708,-0.114780471221728,38.3523846051271
45.9938328194016,-20,40,-19.2451797160223,39.7162312734516,-19.1305679134073,1.38137778372202,-0.754820283977679,0.283768726548359,-0.114611802615016,38.3348534897296
46.0388365697141,-20,40,-19.2451790480373,39.7162293096235,-19.1307075874554,1.39902644421712,-0.754820951962721,0.283770690376521,-0.114471460581857,38.3172028654064
46.0838403200267,-20,40,-19.2451786298572,39.7162303001291,-19.1308195630975,1.41679889628218,-0.754821370142846,0.283769699870852,-0.114359066759675,38.299431403847
46.1288440703392,-20,40,-19.2451784914198,39.716233848299,-19.1309066845159,1.43469662886097,-0.754821508580207,0.283766151701037,-0.114271806903847,38.281537219438
46.1738478206517,-20,40,-19.2451786245067,39.7162392705607,-19.1309736650033,1.45272129809005,-0.754821375493311,0.283760729439315,-0.114204959503429,38.2635179724706
46.2188515709642,-20,40,-19.2451789873006,39.7162457092202,-19.1310263681446,1.47087468895727,-0.754821012699431,0.283754290779818,-0.114152619155941,38.2453710202629
46.2638553212768,-20,40,-19.2451795127749,39.7162522568919,-19.1310710074942,1.48915866381427,-0.754820487225096,0.283747743108144,-0.114108505280701,38.2270935930776
46.3088590715893,-20,40,-19.2451801194985,39.716258075778,-19.131113373467,1.50757510523168,-0.754819880501465,0.283741924221978,-0.114066746031519,38.2086829705463
46.3538628219018,-20,40,-19.2451807232645,39.7162624971916,-19.1311581827311,1.5261258608908,-0.754819276735454,0.283737502808414,-0.114022540533401,38.1901366363008
46.3988665722144,-20,40,-19.2451812479961,39.7162650905554,-19.1312086211452,1.54481269741083,-0.754818752003896,0.283734909444583,-0.113972626850927,38.1714523931446
46.4438703225269,-20,40,-19.245181634617,39.7162656959601,-19.1312661203028,1.56363726838921,-0.754818365383006,0.283734304039875,-0.113915514314193,38.1526284275709
46.4888740728394,-20,40,-19.2451818469538,39.7162644195125,-19.1313303745444,1.58260109974801,-0.754818153046209,0.283735580487537,-0.113851472409408,38.1336633197645
46.5338778231519,-20,40,-19.2451818741981,39.7162615954808,-19.1313995742819,1.60170559305228,-0.754818125801915,0.283738404519212,-0.113782299916178,38.1145560024285
46.5788815734645,-20,40,-19.2451817299355,39.7162577230739,-19.1314708063666,1.62095204512303,-0.754818270064472,0.283742276926148,-0.113710923568966,38.0953056779508
46.623885323777,-20,40,-19.2451814481814,39.7162533881756,-19.1315405556396,1.64034168030211,-0.754818551818573,0.283746611824384,-0.113640892541785,38.0759117078735
46.6688890740895,-20,40,-19.2451810772001,39.7162491813128,-19.1316052350653,1.65987569036487,-0.754818922799871,0.283750818687153,-0.113575842134853,38.056373490948
46.713892824402,-20,40,-19.2451806720933,39.7162456225721,-19.1316616748921,1.67955527644931,-0.754819327906691,0.283754377427911,-0.113518997201247,38.0366903461228
46.7588965747146,-20,40,-19.245180287207,39.7162431023199,-19.1317075128482,1.69938168750703,-0.75481971279304,0.283756897680092,-0.113472774358765,38.0168614148129
46.8039003250271,-20,40,-19.2451799693329,39.7162418437688,-19.1317414452062,1.71935625061118,-0.754820030667105,0.283758156231237,-0.113438524126696,37.9968855931576
46.8489040753396,-20,40,-19.2451797524903,39.7162418901142,-19.1317633198201,1.73948038982344,-0.754820247509663,0.283758109885781,-0.113416432670221,37.9767615002908
46.8939078256521,-20,40,-19.2451796548014,39.7162431156124,-19.1317740739461,1.75975563201514,-0.754820345198638,0.283756884387593,-0.113405580855215,37.9564874835973
46.9389115759647,-20,40,-19.2451796776623,39.7162452569979,-19.1317755390147,1.78018359981495,-0.754820322337711,0.283754743002149,-0.113404138647603,37.9360616571829
46.9839153262772,-20,40,-19.2451798071047,39.716247959401,-19.1317701493015,1.80076599348772,-0.754820192895345,0.28375204059904,-0.113409657803139,37.9154819659132
47.0289190765897,-20,40,-19.2451800169725,39.7162508296282,-19.1317606001953,1.82150456483283,-0.754819983027474,0.283749170371763,-0.11341941677723,37.8947462647954
47.0739228269022,-20,40,-19.2451802733479,39.7162534893926,-19.1317495039279,1.84240108699048,-0.754819726652066,0.283746510607379,-0.113430769420059,37.8738524024021
47.1189265772148,-20,40,-19.2451805395507,39.716255621769,-19.1317390865559,1.86345732429073,-0.754819460449291,0.283744378230963,-0.11344145299482,37.8527982974783
47.1639303275273,-20,40,-19.2451807810282,39.7162570056243,-19.1317309607424,1.884675005981,-0.754819218971843,0.283742994375743,-0.113449820285769,37.8315819996433
47.2089340778398,-20,40,-19.2451809695268,39.7162575347731,-19.1317259961302,1.90605580689986,-0.754819030473165,0.283742465226865,-0.113454973396639,37.8102017278733
47.2539378281523,-20,40,-19.2451810860852,39.7162572208426,-19.1317242947612,1.92760133706085,-0.754818913914786,0.283742779157429,-0.113456791324047,37.7886558837817
47.2989415784649,-20,40,-19.2451811225771,39.7162561809779,-19.1317252650335,1.94931314083337,-0.754818877422906,0.283743819022135,-0.11345585754357,37.7669430401445
47.3439453287774,-20,40,-19.2451810817439,39.7162546133383,-19.131727775831,1.97119270513444,-0.754818918256149,0.283745386661678,-0.113453305912831,37.7450619082039
47.3889490790899,-20,40,-19.24518097585,39.7162527646018,-19.1317303640126,1.99324147493754,-0.754819024150049,0.283747235398224,-0.113450611837351,37.7230112896642
47.4339528294025,-20,40,-19.2451808242582,39.7162508943207,-19.1317314641674,2.01546087359218,-0.754819175741837,0.283749105679256,-0.113449360090776,37.7007900207286
47.478956579715,-20,40,-19.24518065033,39.7162492409255,-19.1317296295822,2.03785232501345,-0.754819349669994,0.283750759074529,-0.113451020747842,37.678396915912
47.5239603300275,-20,40,-19.2451804781052,39.7162479935208,-19.1317237173299,2.0604172747716,-0.754819521894756,0.283752006479169,-0.113456760775357,37.6558307187492
47.56896408034,-20,40,-19.2451803292005,39.7162472725104,-19.1317130174105,2.08315720746456,-0.754819670799531,0.283752727489613,-0.113467311789929,37.6330900650458
47.6139678306526,-20,40,-19.2451802202988,39.7162471206861,-19.1316973147882,2.10607365841659,-0.754819779701229,0.283752879313852,-0.113482905510597,37.6101734622696
47.6589715809651,-20,40,-19.2451801614936,39.716247504949,-19.1316768826747,2.12916821860925,-0.754819838506403,0.283752495050955,-0.113503278818921,37.5870792863398
47.7039753312776,-20,40,-19.2451801556178,39.716248327466,-19.1316524142494,2.15244253269139,-0.754819844382158,0.283751672534009,-0.113527741368411,37.5638057947746
47.7489790815901,-20,40,-19.2451801985525,39.7162494439858,-19.1316249071239,2.17589829080689,-0.754819801447535,0.283750556014184,-0.113555291428554,37.5403511531789
47.7939828319027,-20,40,-19.2451802803857,39.7162506863409,-19.1315955195175,2.19953721571332,-0.754819719614261,0.283749313659108,-0.113584760868225,37.5167134706276
47.8389865822152,-20,40,-19.2451803871985,39.7162518859052,-19.1315654189402,2.22336104715763,-0.754819612801544,0.283748114094827,-0.113614968258304,37.4928908387475
47.8839903325277,-20,40,-19.2451805031918,39.7162528949548,-19.1315356432149,2.2473715256826,-0.754819496808157,0.283747105045165,-0.113644859976976,37.4688813692722
47.9289940828402,-20,40,-19.2451806128577,39.716253603424,-19.1315069902883,2.27157037795276,-0.75481938714233,0.283746396576035,-0.113673622569372,37.4446832254712
47.9739978331528,-20,40,-19.2451807029123,39.7162539493599,-19.1314799481276,2.29595930534382,-0.754819297087664,0.283746050640126,-0.113700754784723,37.4202946440161
48.0190015834653,-20,39.999667037037,-19.2451807638499,39.7162539215063,-19.131429700724,2.32053695679232,-0.754819236150119,0.283413115530777,-0.113751063125896,37.3957169647139
48.0640053337778,-20,39.996491880787,-19.2451819070399,39.7162412895641,-19.1219485942927,2.3441435685759,-0.754818092960104,0.280250591222952,-0.123233312747189,37.3720977209882
48.1090090840903,-20,39.989978287037,-19.245201162481,39.7160178639163,-19.0920293940309,2.36526705637532,-0.754798837519044,0.273960423120684,-0.153171768450097,37.350750807541
48.1540128344029,-20,39.980151568287,-19.2452810630051,39.7150263256672,-19.0450153124899,2.38410908300076,-0.754718936994916,0.265125242619867,-0.200265750515172,37.3309172426664
48.1990165847154,-20,39.967037037037,-19.2454722837031,39.712430636683,-18.9865585030106,2.40121081682006,-0.754527716296899,0.254606400354,-0.258913780692467,37.311219819863
48.2440203350279,-20,39.950660005787,-19.2458128132626,39.7072516434596,-18.9234145149297,2.41732400402238,-0.754187186737372,0.243408362327472,-0.322398298332935,37.2899276394372
48.2890240853404,-20,39.931045787037,-19.2463122869641,39.6985092776456,-18.8624057304992,2.43328942761774,-0.753687713035902,0.232536509391416,-0.383906556464879,37.2652198500279
48.334027835653,-20,39.908219693287,-19.2469452810869,39.6853521052739,-18.8094976409575,2.44991460690619,-0.753054718913145,0.222867588013173,-0.437447640129346,37.2354374983677
48.3790315859655,-20,39.882207037037,-19.247654511142,39.6671584209033,-18.7690992524685,2.46786832955214,-0.752345488858008,0.215048616133764,-0.478555258673467,37.1992900913511
48.424035336278,-20,39.853033130787,-19.2483622621839,39.6435983264256,-18.7436493877048,2.48760456360483,-0.751637737816086,0.2094348043614,-0.504712874479161,37.1559937628208
48.4690390865905,-20,39.820723287037,-19.2489865775622,39.6146523756092,-18.7335040456225,2.50932236967894,-0.751013422437801,0.206070911427858,-0.515482531939746,37.1053300059302
48.5140428369031,-20,39.785302818287,-19.2494580184495,39.5805884828685,-18.7371013917197,2.53296278888927,-0.750541981550466,0.204714335418522,-0.512356626729819,37.0476256939792
48.5590465872156,-20,39.746797037037,-19.2497331592556,39.5419040721747,-18.7513518970327,2.55823899602029,-0.750266840744448,0.204892964862346,-0.498381262222878,36.9836650761544
48.6040503375281,-20,39.705231255787,-19.249802147888,39.4992442685467,-18.7721814996234,2.58469253269348,-0.750197852112017,0.205986987240316,-0.477620648264597,36.9145517358532
48.6490540878407,-20,39.660630787037,-19.2496892457346,39.4533089622165,-18.7951452042299,2.61176619344931,-0.750310754265421,0.207321824820561,-0.454544041504693,36.8415427687672
48.6940578381532,-20,39.613020943287,-19.2494468582942,39.4047617333487,-18.8160274926025,2.63888309351459,-0.750553141705844,0.20825920993834,-0.433419365691698,36.7658786398341
48.7390615884657,-20,39.562427037037,-19.2491448322457,39.3541520942392,-18.8313545196335,2.66552158211113,-0.750855167754278,0.20827494279785,-0.417790312612258,36.6886305121281
48.7840653387782,-20,39.508874380787,-19.2488575174297,39.3018596647865,-18.838760632039,2.69127694682602,-0.751142482570287,0.207014716000479,-0.410096885390743,36.6105827179605
48.8290690890908,-20,39.452388287037,-19.2486512121778,39.2480652490213,-18.8371759869911,2.71590315630286,-0.751348787822163,0.204323038015772,-0.411475225186706,36.5321620927184
48.8740728394033,-20,39.392994068287,-19.2485742017835,39.1927498746349,-18.8268291610946,2.73933093070815,-0.75142579821652,0.200244193652146,-0.421745040688865,36.4534189439267
48.9190765897158,-20,39.330717037037,-19.2486508305179,39.1357192141974,-18.8090841307066,2.76166178512999,-0.751349169482136,0.194997822839603,-0.439566699811309,36.3740574290674
48.9640803400283,-20,39.265582505787,-19.2488801268552,39.0766478564678,-18.7861508907991,2.78314086039415,-0.751119873144802,0.188934649319236,-0.46272923605606,36.2935069960736
49.0090840903409,-20,39.197615787037,-19.2492386301396,39.0151359364322,-18.7607207889275,2.80411387758977,-0.750761369860385,0.182479850604821,-0.488517841212147,36.2110220588424
49.0540878406534,-20,39.126842193287,-19.2496863985384,38.9507698065845,-18.7355808183053,2.82497510784619,-0.750313601461585,0.176072386702572,-0.514105580233114,36.1257946987383
49.0990915909659,-20,39.053287037037,-19.2501747987424,38.8831787277101,-18.7132567279478,2.84611371816813,-0.74982520125759,0.170108309326963,-0.536918070794616,36.0370650095419
49.1440953412784,-20,38.976975630787,-19.2506546027806,38.812080826397,-18.6957249448331,2.86786531456658,-0.749345397219436,0.164894804390023,-0.554929657947493,35.9442155118304
49.189099091591,-20,38.897933287037,-19.2510831028405,38.737313555475,-18.6842202953625,2.89047417601482,-0.748916897159507,0.160619731561994,-0.566862807477968,35.8468393794602
49.2341028419035,-20,38.816185318287,-19.2514293192223,38.6588462861485,-18.6791524186601,2.91406984535617,-0.748570680777679,0.157339032138573,-0.572276900562173,35.7447764407923
49.279106592216,-20,38.731757037037,-19.2516768229122,38.5767751216312,-18.6801301418649,2.93865970366134,-0.748323177087769,0.15498191540587,-0.571546681047373,35.6381154179698
49.3241103425285,-20,38.644673755787,-19.251824132483,38.4913022402153,-18.6860810357285,2.96413714730728,-0.74817586751703,0.153371515571742,-0.565743096754449,35.527165092908
49.3691140928411,-20,38.554960787037,-19.2518830060835,38.4027037987173,-18.6954436888591,2.99030320263137,-0.748116993916508,0.152256988319728,-0.55643931722436,35.4124005960859
49.4141178431536,-20,38.462643443287,-19.2518751926929,38.311291487319,-18.7064035825593,3.01689799624538,-0.748124807307128,0.151351955968039,-0.545471610133539,35.2943934910736
49.4591215934661,-20,38.367747037037,-19.2518283208248,38.2173731532649,-18.7171403500945,3.04363756130605,-0.748171679175204,0.15037388377214,-0.534687970730278,35.1737355919588
49.5041253437786,-20,38.270296880787,-19.2517715992368,38.1212175300725,-18.7260549823645,3.07025108116485,-0.748228400763189,0.149079350714558,-0.525716616872323,35.0509664489076
49.5491290940912,-20,38.170318287037,-19.2517319100528,38.0230271324876,-18.7319501267352,3.09651388868197,-0.74826808994716,0.147291154549485,-0.519781783317601,34.9265132438056
49.5941328444037,-20,38.067836568287,-19.251730723857,37.922921981015,-18.7341444239833,3.12227232678376,-0.748269276142963,0.144914587272062,-0.517586299873734,34.8006496542312
49.6391365947162,-20,37.962877037037,-19.2517820918586,37.8209352158327,-18.7325117180481,3.14745783218316,-0.748217908141363,0.141941821204313,-0.519270373810535,34.6734773836496
49.6841403450288,-20,37.855465005787,-19.2518917995348,37.7170200677684,-18.7274464669648,3.17208915461768,-0.74810820046519,0.138444938018608,-0.524445332569996,34.5449309131508
49.7291440953413,-20,37.745625787037,-19.2520576185024,37.611066272462,-18.7197662172295,3.19626324349773,-0.747942381497609,0.134559514575024,-0.532291401272904,34.4148030289643
49.7741478456538,-20,37.633384693287,-19.2522704797866,37.5029229976547,-18.710569257056,3.22013678734582,-0.747729520213362,0.130461695632292,-0.541701222730641,34.2827862103089
49.8191515959663,-20,37.518767037037,-19.2525163163145,37.3924247979959,-18.7010697016453,3.2439014782526,-0.747483683685452,0.126342239041108,-0.55144661466927,34.1485233197433
49.8641553462789,-20,37.401798130787,-19.2527782846667,37.2794170457331,-18.6924330376814,3.2677566638428,-0.747221715333332,0.122381085053924,-0.560345246985221,34.0116603818903
49.9091590965914,-20,37.282503287037,-19.2530390722543,37.1637776737621,-18.6856328566509,3.29188310144993,-0.746960927745661,0.118725613274904,-0.567406215603487,33.8718945723122
49.9541628469039,-20,37.160907818287,-19.2532830210374,37.0454328201407,-18.6813448195088,3.31642108711911,-0.746716978962613,0.115474998146368,-0.571938201528589,33.7290117330216
49.9991665972164,-20,37.037037037037,-19.253497846842,36.9243649525402,-18.6798877059958,3.34145540497091,-0.746502153158008,0.112672084496822,-0.573610140846238,33.5829095475693
50.044170347529,-20.001211355,36.910916255787,-19.2536752913755,36.8006131880253,-18.680520731636,3.36688429512726,-0.747536063624473,0.11030306776177,-0.573154559739564,33.433728892898
50.0891740978415,-20.00483084,36.782570787037,-19.2538829343212,36.6742583198069,-18.6755729702129,3.39131527742583,-0.750947905678782,0.108312467230114,-0.5783099641083,33.2829430423811
50.134177848154,-20.010836585,36.652025943287,-19.2545316320726,36.5453768681394,-18.6638926943214,3.4144485010274,-0.75630495292738,0.106649075147601,-0.590638937751262,33.130928367112
50.1791815984665,-20.01920672,36.519307037037,-19.256325257098,36.4140251408899,-18.6478076496475,3.43662613168613,-0.762881462902033,0.105281896147105,-0.608517607450487,32.9773990092038
50.2241853487791,-20.029919375,36.384439380787,-19.2600377957035,36.2802503388515,-18.6305290845148,3.45838438914105,-0.769881579296513,0.104189041935527,-0.629508711188677,32.8218659497105
50.2691890990916,-20.04295268,36.247448287037,-19.2663229911497,36.1441070933476,-18.6151411303825,3.48027444362362,-0.776629688850313,0.103341193689424,-0.651181860767231,32.663832649724
50.3141928494041,-20.058284765,36.108359068287,-19.2755933271603,36.00567141918,-18.6038228479798,3.5027122522513,-0.782691437839699,0.10268764910699,-0.671770479180477,32.5029591669287
50.3591965997166,-20.07589376,35.967197037037,-19.2879795316994,35.8650465370712,-18.5974417874466,3.52588803999936,-0.787914228300551,0.102150499965887,-0.690537744252868,32.3391584970718
50.4042003500292,-20.095757795,35.823987505787,-19.3033614808482,35.7223583614948,-18.595542477398,3.54974616535566,-0.792396314151794,0.101629144292247,-0.707819003450179,32.1726121961391
50.4492041003417,-20.117855,35.678755787037,-19.3214476207673,35.5777418534526,-18.5966583283265,3.57402788156388,-0.796407379232679,0.101013933584454,-0.724789292440807,32.0037139718887
50.4942078506542,-20.142163505,35.531527193287,-19.3418743958461,35.4313220290525,-18.598816276722,3.59835658621987,-0.800289109153901,0.100205164234566,-0.743058119124075,31.8329654428326
50.5392116009667,-20.16866144,35.382327037037,-19.3642991126661,35.2831946762975,-18.6000845281548,3.62233915339671,-0.804362327333873,0.0991323607394961,-0.764214584511357,31.6608555229008
50.5842153512793,-20.197326935,35.231180630787,-19.3884670693116,35.1334116561613,-18.5990309206133,3.64565777110133,-0.808859865688365,0.0977689746257511,-0.789436148698357,31.4877538850599
50.6292191015918,-20.22813812,35.078113287037,-19.4142437849787,34.9819742997198,-18.5950025606346,3.66813298212158,-0.813894335021264,0.0961389873172678,-0.819241224344122,31.3138413175982
50.6742228519043,-20.261073125,34.923150318287,-19.4416129789187,34.828836346431,-18.5881926768484,3.68974810787719,-0.819460146081273,0.094313971856046,-0.853420302070283,31.1390882385538
50.7192266022168,-20.29611008,34.766317037037,-19.4706484360306,34.6739156689555,-18.5795137009824,3.71063533002286,-0.825461643969401,0.0924013680815818,-0.891134735048162,30.9632803389326
50.7642303525294,-20.333227115,34.6076387557871,-19.5014719121666,34.5171122082663,-18.5703348013729,3.73103205606685,-0.831755202833371,0.0905265475207671,-0.931137110793767,30.7860801521994
50.8092341028419,-20.37240236,34.447140787037,-19.5342096516723,34.3583284491337,-18.5621611273371,3.75122121313527,-0.83819270832775,0.0888123379033701,-0.972048524335108,30.6071072359984
50.8542378531544,-20.413613945,34.284848443287,-19.5689576137165,34.1974885403537,-18.5563305775571,3.77147026536473,-0.844656331283506,0.0873599029333363,-1.01262703615938,30.426018274989
50.899241603467,-20.45684,34.120787037037,-19.6057613213642,34.0345527416753,-18.553786564574,3.79198151297485,-0.85107867863584,0.0862342953616846,-1.05197475679014,30.2425712287005
50.9442453537795,-20.502058655,33.954981880787,-19.6446116642485,33.8695250389622,-18.5549591765145,3.81286176790532,-0.857446990751463,0.0854568418248292,-1.08965248773404,30.0566632710569
50.989249104092,-20.54924804,33.787458287037,-19.6854541104374,33.7024532049909,-18.559759702809,3.83411421966147,-0.86379392956265,0.085005082046159,-1.12569440762836,29.8683389853294
51.0342528544045,-20.598386285,33.618241568287,-19.7282063237952,33.5334219818731,-18.5676705525044,3.85565046970229,-0.870179961204812,0.084819586413893,-1.1605357712908,29.6777715121708
51.0792566047171,-20.64945152,33.447357037037,-19.7727783784382,33.3625411651306,-18.5778977025774,3.87731720379075,-0.87667314156182,0.0848158719064216,-1.19488067586077,29.4852239613399
51.1242603550296,-20.702421875,33.274830005787,-19.819090430662,33.1899310188245,-18.5895471472617,3.89893020487817,-0.88333144433798,0.0848989869625001,-1.22954328340029,29.2910008139464
51.1692641053421,-20.75727548,33.1006857870371,-19.8670843821106,33.0157075966968,-18.6017895610437,3.92030837101734,-0.890191097889417,0.0849781903402729,-1.26529482106687,29.0953992256794
51.2142678556546,-20.813990465,32.924949693287,-19.9167281560066,32.8399702372244,-18.613986317318,3.94130175349935,-0.897262308993383,0.0849794560626407,-1.30274183868863,28.898668483725
51.2592716059672,-20.87254496,32.747647037037,-19.9680131570794,32.6627928644553,-18.6257621751859,3.96180983484942,-0.904531802920619,0.0848541725817569,-1.34225098189352,28.7009830296059
51.3042753562797,-20.932917095,32.568803130787,-20.0209468923013,32.4842199212992,-18.6370223679898,3.98178873212632,-0.91197020269874,0.0845832094878602,-1.3839245243115,28.5024311891729
51.3492791065922,-20.995085,32.388443287037,-20.0755433978127,32.3042669479163,-18.6479220572945,4.00124821302724,-0.919541602187273,0.0841763391207238,-1.42762134051826,28.3030187348891
51.3942828569047,-21.059026805,32.206592818287,-20.1318140571722,32.1229251273866,-18.6588026596119,4.02024098498359,-0.927212747827841,0.0836676909004339,-1.47301139756026,28.102684142403
51.4392866072173,-21.12472064,32.023277037037,-20.1897607759322,31.940168641121,-18.6701119886118,4.03884749902725,-0.93495986406775,0.0831083959159784,-1.51964878732045,27.9013211420938
51.4842903575298,-21.192144635,31.838521255787,-20.2493725534725,31.7559634439532,-18.6823239948833,4.0571595348948,-0.94277208152748,0.0825578118338761,-1.56704855858924,27.6988039090584
51.5292941078423,-21.26127692,31.652350787037,-20.3106255330214,31.5702760739412,-18.695870245943,4.07526528096099,-0.950651386978578,0.082074713095853,-1.61475528707846,27.4950107929802
51.5742978581548,-21.332095625,31.464790943287,-20.3734858333443,31.3830813105802,-18.7110905006491,4.09323774347869,-0.958609791655721,0.081709632706886,-1.66239533269517,27.2898435671015
51.6193016084674,-21.40457888,31.275867037037,-20.4379140022429,31.1943678235297,-18.7282049930605,4.11112736497449,-0.966664877757125,0.0814992135073034,-1.70970900918235,27.0832404585552
51.6643053587799,-21.478704815,31.085604380787,-20.5038698173941,31.0041413428678,-18.7473071985616,4.12895889757023,-0.974834997605871,0.0814630379192067,-1.75656261883258,26.8751824452976
51.7093091090924,-21.55445156,30.894028287037,-20.5713163451238,30.8124252682375,-18.7683733275263,4.14673197778861,-0.983135214876199,0.081603018799516,-1.80294301759747,26.6656932904489
51.7543128594049,-21.631797245,30.701164068287,-20.6402225486486,30.6192589687978,-18.7912836073152,4.16442451681938,-0.991574696351417,0.0819050994892088,-1.84893894133333,26.4548344519785
51.7993166097175,-21.71072,30.507037037037,-20.7105641900759,30.4246942765258,-18.8158503253019,4.18199792172839,-1.00015580992412,0.082342760511235,-1.89471386477401,26.2426963547974
51.84432036003,-21.791197955,30.311672505787,-20.7823231821895,30.228790827124,-18.8418482330699,4.19940322950359,-1.00887477281047,0.0828816786630355,-1.9404749491196,26.0293875976204
51.8893241103425,-21.87320924,30.115095787037,-20.8554858372729,30.03161095516,-18.8690438680694,4.21658738928546,-1.01772340272709,0.0834848318770334,-1.9864419692035,25.8150235658745
51.9343278606551,-21.956731985,29.917332193287,-20.9300405947586,29.8332148136803,-18.8972213317228,4.23349910368472,-1.02669139024136,0.0841173796067807,-2.03281926303585,25.5997157099955
51.9793316109676,-22.04174432,29.718407037037,-21.0059757928419,29.6336562811712,-18.9262028978251,4.25009379760306,-1.03576852715807,0.0847507558658016,-2.07977289501681,25.3835624835682
52.0243353612801,-22.128224375,29.518345630787,-21.0832779181309,29.4329800619865,-18.9558634635636,4.26633740893022,-1.0449464568691,0.0853655688004871,-2.1274144545673,25.1666426530563
52.0693391115926,-22.21615028,29.317173287037,-21.1619305750884,29.2312202030227,-18.9861383405747,4.2822087969249,-1.05421970491156,0.085953084014303,-2.17579223451376,24.9490114060978
52.1143428619052,-22.305500165,29.114915318287,-21.241914217817,29.0284000615527,-19.017024299456,4.29770065815348,-1.06358594718299,0.0865152567343408,-2.22488991836101,24.7306994033992
52.1593466122177,-22.39625216,28.911597037037,-21.3232065242032,28.8245335865489,-19.0485742049768,4.31281894292349,-1.07304563579682,0.087063450488106,-2.27463231922638,24.5117146436255
52.2043503625302,-22.488384395,28.707243755787,-21.4057831923272,28.6196276350399,-19.0808860460178,4.32758088455273,-1.08260120267282,0.0876161207470965,-2.32489714630937,24.2920467504872
52.2493541128427,-22.581875,28.501880787037,-21.4896189078025,28.413684948218,-19.1140876543394,4.34201188429881,-1.09225609219746,0.0881958388189865,-2.37553125346318,24.0716730639192
52.2943578631553,-22.676702105,28.295533443287,-21.5746882585277,28.2067073662442,-19.1483188528214,4.3561416196833,-1.10201384647232,0.0888260770428815,-2.42636940570631,23.8505657465609
52.3393616134678,-22.77284384,28.088227037037,-21.6609664400444,27.9986988674615,-19.1837130862138,4.36999984034798,-1.11187739995559,0.0895281695755834,-2.47725335383062,23.6286990271135
52.3843653637803,-22.870278335,27.8799868807871,-21.7484296766144,27.7896680728454,-19.2203806805776,4.38361236115644,-1.12184865838555,0.0903188079416672,-2.52804899603685,23.4060557116889
52.4293691140928,-22.96898372,27.670838287037,-21.8370553590416,27.5796299505794,-19.2583956989814,4.39699774194191,-1.13192836095841,0.0912083364576084,-2.57865966006015,23.1826322086375
52.4743728644054,-23.068938125,27.460806568287,-21.9268219555275,27.3686065751412,-19.2977879079634,4.41016505386746,-1.14211616947247,0.0921999931457904,-2.62903404756408,22.9584415212738
52.5193766147179,-23.17011968,27.249917037037,-22.0177087800036,27.1566269242121,-19.3385406931187,4.42311298384833,-1.15241089999644,0.09329011282491,-2.67916808688486,22.7335139403638
52.5643803650304,-23.272506515,27.038195005787,-22.1096957046156,26.9437258186132,-19.3805949595065,4.43583034254202,-1.16281081038436,0.0944691871738108,-2.7291007451091,22.5078954760712
52.6093841153429,-23.37607676,26.825665787037,-22.2027628860346,26.7299422104805,-19.4238582463677,4.4482978470125,-1.17331387396544,0.0957235765565336,-2.77890463966683,22.281644363468
52.6543878656555,-23.480808545,26.612354693287,-22.2968905483087,26.5153170916824,-19.4682176015404,4.46049087700592,-1.18391799669134,0.0970376016046153,-2.82867294676825,22.0548262146765
52.699391615968,-23.58668,26.398287037037,-22.392058837191,26.2998913216208,-19.5135543035856,4.47238278043951,-1.19462116280899,0.0983957154162631,-2.87850453360545,21.8275085411813
52.7443953662805,-23.693669255,26.183488130787,-22.4882477391228,26.0837036601462,-19.5597583541376,4.48394824704592,-1.20542151587714,0.0997844706407989,-2.92848938498529,21.5997554131003
52.7893991165931,-23.80175444,25.967983287037,-22.585437045891,25.8667892418981,-19.6067408046445,4.49516628537061,-1.21631739410898,0.101194045138868,-2.97869624124657,21.3716229565275
52.8344028669056,-23.910913685,25.751797818287,-22.6836063436122,25.6491786519771,-19.6544423953431,4.5060224215885,-1.22730734138775,0.102619166309903,-3.02916394826913,21.1431562303886
52.8794066172181,-24.02112512,25.534957037037,-22.782735009774,25.4308976715326,-19.7028375931021,4.51650987251628,-1.23839011022597,0.104059365504444,-3.07989741667191,20.9143877990163
52.9244103675306,-24.132366875,25.317486255787,-22.8828022108696,25.211967668805,-19.7519338154011,4.52662960631488,-1.24956466413035,0.105518586982022,-3.13086839546852,20.6853380624901
52.9694141178432,-24.24461708,25.099410787037,-22.9837869019001,24.9924065288897,-19.8017663096669,4.5363893665976,-1.26083017809991,0.107004258147363,-3.18202059223314,20.4560171622921
53.0144178681557,-24.357853865,24.880755943287,-23.0856678347939,24.7722299540654,-19.8523897212334,4.54580187470241,-1.27218603020613,0.108525989221626,-3.23327811356044,20.226428079363
53.0594216184682,-24.47205536,24.661547037037,-23.1884235842042,24.5514529324394,-19.9038677564521,4.55488252207222,-1.28363177579576,0.110094104597589,-3.28455582775217,19.9965704103672
53.1044253687807,-24.587199695,24.441809380787,-23.2920325963247,24.330091168165,-19.9562624923218,4.56364690937066,-1.29516709867526,0.111718212622026,-3.33577010400298,19.7664442587944
53.1494291190933,-24.703265,24.221568287037,-23.3964732606797,24.1081622896818,-20.0096248003169,4.57210857942086,-1.30679173932027,0.113405997355244,-3.38684846036285,19.5360537102609
53.1944328694058,-24.820229405,24.000849068287,-23.5017239983063,23.8856866978389,-20.0639870730735,4.58027723375552,-1.3185054066937,0.11516237044815,-3.43773692523284,19.3054094640834
53.2394366197183,-24.93807104,23.779677037037,-23.6077633543735,23.662687975397,-20.1193590260831,4.58815763029373,-1.33030768562647,0.116989061640052,-3.4884043282904,19.0745303451032
53.2844403700308,-25.056768035,23.558077505787,-23.7145700805949,23.4391928440884,-20.175726863686,4.59574924884848,-1.34219795440508,0.118884661698583,-3.53884321690895,18.84344359524
53.3294441203434,-25.17629852,23.336075787037,-23.8221231934641,23.2152307160976,-20.2330556221457,4.60304669909953,-1.35417532653587,0.12084507093947,-3.58906757131842,18.612184016998
53.3744478706559,-25.296640625,23.113697193287,-23.9304019981655,22.9908329358311,-20.2912940964539,4.61004074789445,-1.36623862683445,0.122864257455984,-3.6391079017116,18.3807921879366
53.4194516209684,-25.41777248,22.890967037037,-24.0393860740269,22.7660318397536,-20.3503814692689,4.61671977113359,-1.37838640597307,0.124935197283438,-3.68900460475799,18.14931206862
53.4644553712809,-25.539672215,22.667910630787,-24.1490552242,22.5408597742211,-20.4102546167345,4.62307139706007,-1.39061699080002,0.127050856565941,-3.73880060746546,17.917788377161
53.5094591215935,-25.66231796,22.444553287037,-24.2593893984155,22.3153482038727,-20.4708550714167,4.62908410427249,-1.40292856158446,0.129205083164365,-3.78853432699886,17.6862640996002
53.554462871906,-25.785687845,22.220920318287,-24.3703686019599,22.0895270190215,-20.5321347617698,4.63474856612815,-1.41531924304011,0.131393299265557,-3.83823384019008,17.4547784528933
53.5994666222185,-25.90976,21.997037037037,-24.4819728057376,21.8634241143498,-20.5940598889328,4.64005858641206,-1.4277871942624,0.133612922687227,-3.88791291680482,17.2233655279377
53.644470372531,-26.034512555,21.772928755787,-24.5941818712871,21.637065268932,-20.6566126037768,4.64501153968955,-1.44033068371288,0.135863486854991,-3.93756926751036,16.9920537292425
53.6894741228436,-26.15992364,21.548620787037,-24.7069755012963,21.4104743153107,-20.7197904647846,4.64960830307813,-1.45294813870374,0.138146471726323,-3.98718503651163,16.7608660122326
53.7344778731561,-26.285971385,21.324138443287,-24.8203332213243,21.183673548586,-20.7836039478949,4.65385273417644,-1.46563816367572,0.140464894701029,-4.03672927342935,16.5298208144096
53.7794816234686,-26.41263392,21.099507037037,-24.9342343930638,20.9566842995584,-20.8480725079692,4.65775080418909,-1.47839952693623,0.14282273747866,-4.08616188509456,16.2989334953693
53.8244853737812,-26.539889375,20.874751880787,-25.0486582545425,20.7295275814974,-20.9132198344652,4.66130953012915,-1.4912311204575,0.145224299289598,-4.13543842007728,16.0682180513683
53.8694891240937,-26.66771588,20.649898287037,-25.1635839789538,20.5022247188406,-20.9790689908924,4.66453586269549,-1.50413190104616,0.147673568196385,-4.18451498806143,15.8376888561451
53.9144928744062,-26.796091565,20.424971568287,-25.2789907417865,20.2747978769966,-21.0456380814615,4.66743567745373,-1.51710082321352,0.150173691290433,-4.23335266032494,15.6073621995429
53.9594966247187,-26.92499456,20.199997037037,-25.3948577857291,20.047270432893,-21.1129369634137,4.67001298950245,-1.53013677427094,0.152726604144028,-4.28192082231534,15.3772574433906
54.0045003750313,-27.054402995,19.975000005787,-25.5111644742607,19.8196671524073,-21.1809653427791,4.6722694711496,-1.54323852073933,0.155332853379697,-4.33019913148153,15.1473976812577
54.0495041253438,-27.184295,19.750005787037,-25.6278903274779,19.5920141693181,-21.2497123827614,4.67420430472606,-1.55640467252208,0.157991617718896,-4.37817794471653,14.9178098645921
54.0945078756563,-27.314648705,19.525039693287,-25.7450150369925,19.3643387870015,-21.3191577466119,4.67581435527639,-1.56963366800752,0.160700906285545,-4.42585729038063,14.6885244317251
54.1395116259688,-27.44544224,19.300127037037,-25.8625184600822,19.1366691454522,-21.3892738171698,4.67709460661386,-1.58292377991783,0.163457891584819,-4.47324464291233,14.4595745388384
54.1845153762814,-27.576653735,19.075293130787,-25.9803805961885,18.9090338100129,-21.4600287039559,4.67803877391527,-1.59627313881147,0.16625932077417,-4.52035189223266,14.2309950360976
54.2295191265939,-27.70826132,18.850563287037,-26.0985815509618,18.6814613433113,-21.5313895787225,4.67863998962689,-1.60967976903817,0.169101943725686,-4.56719197223937,14.0028213536844
54.2745228769064,-27.840243125,18.625962818287,-26.2171014941679,18.4539799184603,-21.6033258757991,4.67889145786168,-1.62314163083211,0.17198289982678,-4.61377561836881,13.7750884605986
54.3195266272189,-27.97257728,18.401517037037,-26.3359206178708,18.2266170207834,-21.6758119497397,4.67878698459073,-1.63665666212915,0.174900016253641,-4.66010866813115,13.5478300361927
54.3645303775315,-28.105241915,18.177251255787,-26.455019100517,17.9993992692921,-21.7488288876257,4.67832131395155,-1.65022281448303,0.177851986494939,-4.70619021289122,13.3210779553406
54.409534127844,-28.23821516,17.953190787037,-26.5743770810943,17.7723523704292,-21.8223653093504,4.67749023087657,-1.66383807890573,0.18083841660782,-4.75201177174388,13.0948621395526
54.4545378781565,-28.371475145,17.729360943287,-26.693974645716,17.5455011979376,-21.8964171360815,4.67629042235561,-1.67750049928398,0.183859745349466,-4.7975575096345,12.869210775582
54.499541628469,-28.505,17.505787037037,-26.8137918270616,17.3188699765616,-21.9709864447231,4.67471911941171,-1.6912081729384,0.186917060475441,-4.84280538233849,12.6441508571499
54.5445453787816,-28.638767855,17.282494380787,-26.9338086153682,17.0924825355628,-22.0460796371506,4.67277356534227,-1.70495923963176,0.190011845224213,-4.88772897821761,12.4197089702206
54.5895491290941,-28.77275684,17.059508287037,-27.0540049783,16.8663625918852,-22.121705224738,4.67045037014009,-1.71875186170001,0.193145695151884,-4.932299753562,12.1959122217451
54.6345528794066,-28.906945085,16.836854068287,-27.174360886156,16.640534022554,-22.1978715547917,4.66774481479042,-1.73258419884398,0.196320045733017,-4.97648933136436,11.9727892077636
54.6795566297191,-29.04131072,16.614557037037,-27.2948563385655,16.4150210910414,-22.2745847861075,4.66465016231297,-1.74645438143454,0.199535945995621,-5.02027155245793,11.7503709287284
54.7245603800317,-29.175831875,16.392642505787,-27.4154713890266,16.1898486017063,-22.3518473620944,4.6611570162014,-1.7603604859734,0.202793904080714,-5.06362402693216,11.5286915855049
54.7695641303442,-29.31048668,16.171135787037,-27.5361861643006,15.9650419683947,-22.4296571427031,4.65725274344479,-1.77430051569935,0.206093818642309,-5.10652902159753,11.3077892249499
54.8145678806567,-29.445253265,15.950062193287,-27.6569808766337,15.7406271960278,-22.5080072545468,4.65292095115306,-1.78827238836629,0.20943499725921,-5.14897362208693,11.0877062448748
54.8595716309692,-29.58010976,15.729447037037,-27.7778358279065,15.5166307857461,-22.5868866167627,4.64814097536655,-1.80227393209346,0.212816251290933,-5.19094921114385,10.8684898103795
54.9045753812818,-29.715034295,15.509315630787,-27.8987314059398,15.293079583432,-22.6662810117654,4.6428873095483,-1.8163028890602,0.216236047355057,-5.23245039417436,10.6501922738837
54.9495791315943,-29.850005,15.289693287037,-28.0196480741765,15.0700005971895,-22.7461745055094,4.63712886876009,-1.83035692582346,0.219692689847571,-5.2734735686671,10.4328717284294
54.9945828819068,-29.985000005,15.0706053182871,-28.1405663567061,14.8474208111595,-22.8265509874352,4.63082795166354,-1.84443364829387,0.223184507127591,-5.3140153692709,10.2165928594959
55.0395866322194,-30.11999744,14.852077037037,-28.2614668210175,14.6253670210091,-22.9073955971759,4.62393872117707,-1.85853061898251,0.226710016027948,-5.3540712238416,10.001428299832
55.0845903825319,-30.254975435,14.634133755787,-28.3823300609461,14.4038657111747,-22.9886958296408,4.61640496605471,-1.87264537405389,0.230268044612345,-5.39363423130531,9.78746074511998
55.1295941328444,-30.38991212,14.416800787037,-28.5031366820284,14.1829429864599,-23.0704421537292,4.60815681244104,-1.8867754379716,0.233857800577109,-5.43269452829915,9.5747861740189
55.1745978831569,-30.524785625,14.2001034432871,-28.6238672909604,13.9626245621,-23.1526280297643,4.59910589590025,-1.90091833403956,0.237478881187023,-5.47123926119609,9.36351866619978
55.2196016334695,-30.65957408,13.984067037037,-28.7445024901619,13.742935808139,-23.235249248784,4.58913822462954,-1.91507158983812,0.241131228898047,-5.50925324137792,9.15379758350943
55.264605383782,-30.794255615,13.768716880787,-28.8650228776782,13.5239018370223,-23.3183025172457,4.57810345668645,-1.92923273732176,0.24481504376473,-5.54672036043259,8.94579838033585
55.3096091340945,-30.92880836,13.554078287037,-28.9854090519218,13.3055476185015,-23.4017831302876,4.56579836183595,-1.94339930807819,0.248530668535567,-5.58362592163421,8.73974925666552
55.354612884407,-31.063210445,13.340176568287,-29.1056416201472,13.0878981037342,-23.4856813285295,4.55194037615955,-1.95756882485281,0.252278464552838,-5.61996029161765,8.53595772757465
55.3996166347196,-31.19744,13.127037037037,-29.2257012091528,12.8709783409094,-23.5699763118407,4.53612330861854,-1.97173879084717,0.256058696127694,-5.65572489731214,8.33485503229082
55.4446203850321,-31.331475155,12.914685005787,-29.3455684765323,12.6548135675229,-23.6546253362369,4.51773872714515,-1.98590667846772,0.259871438264089,-5.69094314029541,8.13707484037779
55.4896241353446,-31.46529404,12.703145787037,-29.4652241208714,12.4394292689894,-23.7395411805536,4.49582588522166,-2.00006991912857,0.263716518047676,-5.72568294031785,7.94360338376769
55.5346278856571,-31.598874785,12.492444693287,-29.5846488895718,12.2248511988077,-23.8245387882857,4.46875692881418,-2.01422589542816,0.267593494479311,-5.76011010128612,7.75609426999355
55.5796316359697,-31.73219552,12.2826070370371,-29.703823583418,12.0111053611761,-23.9091874417995,4.43348658186368,-2.02837193658195,0.271501675860939,-5.79463614161853,7.57761877931243
55.6246353862822,-31.865234375,12.073658130787,-29.8227290575269,11.7982179619716,-23.9923038837096,4.38339717499466,-2.04250531747311,0.275440168815443,-5.83042517381727,7.41482078697692
55.6696391365947,-31.99796948,11.865623287037,-29.9413462188407,11.5862153377662,-24.0694839801358,4.29987378677161,-2.05662326115931,0.279407949270873,-5.87186223870494,7.28634155099455
55.7146428869072,-32.130378965,11.658527818287,-30.0596560207817,11.3751238746338,-24.1072691053841,4.10553895618172,-2.07072294421834,0.283403943653248,-5.95238691539761,7.26958491845207
55.7596466372198,-32.26244096,11.452397037037,-30.1776394560158,11.1649699287902,-24.1621989537031,4.36235270694645,-2.08480150398421,0.287427108246849,-6.01544050231271,6.80261722184374
55.8046503875323,-32.394133595,11.2472562557871,-30.2952775484453,10.9557797597224,-24.2522666618893,4.65085076348642,-2.09885604655463,0.291476496064639,-6.04301088655606,6.304928996236
55.8496541378448,-32.525435,11.043130787037,-30.4125513455515,10.7475794837519,-24.3875000152796,4.60207289691112,-2.11288365444846,0.295551303285162,-6.0250513302719,6.14550658684075
55.8946578881573,-32.656323305,10.840045943287,-30.5294419120558,10.5403950524279,-24.4379747806368,4.49029859628173,-2.12688139294419,0.299650890859112,-6.09146713141904,6.05009645614619
55.9396616384699,-32.78677664,10.638027037037,-30.6459303255966,10.334252256331,-24.5844646586493,4.61129164847362,-2.14084631440338,0.303774780705997,-6.0614656669473,5.72296060785743
55.9846653887824,-32.916773135,10.437099380787,-30.7619976747755,10.129176751325,-24.7010110938648,4.57508893931445,-2.15477546022446,0.307922629462071,-6.06098658091073,5.55408781201053
56.0296691390949,-33.04629092,10.237288287037,-30.8776250595656,9.92519410149563,-24.7819062944026,4.6244879984376,-2.16866586043436,0.312094185541394,-6.09571876516307,5.30070610305802
56.0746728894075,-33.175308125,10.038619068287,-30.992793593749,9.72232983126744,-24.8685232833364,4.63687081816709,-2.18251453125099,0.316289237019587,-6.12427031041265,5.08545901310035
56.11967663972,-33.30380288,9.84111703703704,-31.1074844088005,9.52060947863821,-24.9317573730157,4.67401214044858,-2.19631847119954,0.320507558398827,-6.1757270357848,4.84659733818963
56.1646803900325,-33.431753315,9.64480750578705,-31.2216786584883,9.32005864208467,-25.0603340024677,4.62199819574653,-2.21007465651165,0.324748863702382,-6.16134465602063,4.69806044633814
56.209684140345,-33.55913756,9.44971578703705,-31.3353575234316,9.12070301527209,-25.1437034470207,4.60239955642124,-2.22378003656842,0.329012771764964,-6.19165407641083,4.51830345885084
56.2546878906576,-33.685933745,9.25586719328702,-31.4485022149293,8.9225684059421,-25.2322323177428,4.61569020644482,-2.23743153007069,0.333298787344921,-6.21626989718655,4.30687819949728
56.2996916409701,-33.81212,9.06328703703704,-31.5610939775435,8.72568073788365,-25.3295311432536,4.59048495002969,-2.25102602245646,0.337606299153389,-6.23156283428992,4.13519578785396
56.3446953912826,-33.937674455,8.87200063078704,-31.6731140901356,8.53006603733498,-25.4147852915145,4.62467613001319,-2.2645603648644,0.341934593452061,-6.25832879862108,3.90538990732179
56.3896991415951,-34.06257524,8.68203328703705,-31.7845438652998,8.33575040719008,-25.5121693928805,4.59752200035048,-2.27803137470019,0.346282879846969,-6.27237447241934,3.7382284068396
56.4347028919077,-34.186800485,8.49341031828702,-31.8953646473633,8.14275999374953,-25.6092783789771,4.57362264897469,-2.29143583763674,0.350650324537495,-6.28608626838612,3.56913734477484
56.4797066422202,-34.31032832,8.30615703703702,-32.0055578093028,7.95112095133509,-25.7039377592751,4.56354642702931,-2.30477051069715,0.355036085701939,-6.30162005002778,3.38757452430578
56.5247103925327,-34.433136875,8.12029875578703,-32.1151047490463,7.76085940987394,-25.7970498081482,4.56529862525686,-2.31803212595367,0.359439345913098,-6.31805494089817,3.19556078461708
56.5697141428452,-34.55520428,7.93586078703704,-32.2239868856641,7.57200144965515,-25.8911583390668,4.56191526578925,-2.33121739433585,0.363859337381895,-6.33282854659729,3.01008618386589
56.6147178931578,-34.676508665,7.75286844328704,-32.3321856559242,7.38457308605945,-25.9868950102872,4.55649885660137,-2.34432300907574,0.368295357227592,-6.34529064563702,2.82807422945808
56.6597216434703,-34.79702816,7.57134703703703,-32.4396825115856,7.19860026540517,-26.08268192858,4.55106867050391,-2.35734564841437,0.37274677163186,-6.35700058300563,2.64753159490125
56.7047253937828,-34.916740895,7.39132188078704,-32.5464589176661,7.0141088713936,-26.1794709582587,4.54245852150249,-2.37028197733385,0.377213009393446,-6.36698795940743,2.47165034989111
56.7497291440953,-35.035625,7.21281828703704,-32.6524963517612,6.83112474020838,-26.2784385471703,4.52426635105217,-2.38312864823876,0.381693546828658,-6.37405780459097,2.30685838915621
56.7947328944079,-35.153658605,7.03586156828705,-32.7577763043351,6.64967368130259,-26.3759988083805,4.51754863532794,-2.39588230066493,0.386187886984465,-6.38177749595457,2.13212504597464
56.8397366447204,-35.27081984,6.86047703703702,-32.8622802797764,6.46978150039907,-26.4736109602677,4.5115718531674,-2.40853956022356,0.390695536637953,-6.38866931950879,1.95820964723166
56.8847403950329,-35.387086835,6.68669000578703,-32.9659897979246,6.2914740212561,-26.5688192990435,4.5194086430985,-2.42109703707539,0.395215984530937,-6.39717049888111,1.7720653781576
56.9297441453454,-35.50243772,6.51452578703705,-33.068886395731,6.11477710325743,-26.6708193888512,4.49743014309759,-2.43355132426895,0.399748683779626,-6.39806700687989,1.61734696015984
56.974747895658,-35.616850625,6.34400969328705,-33.1709516287366,5.93971665275645,-26.7698200931425,4.49167125976514,-2.44589899626341,0.404293040530597,-6.40113153559412,1.44804539299131
57.0197516459705,-35.73030368,6.17516703703705,-33.2721670720983,5.76631862718155,-26.869796574104,4.48398061228995,-2.45813660790171,0.408848409855499,-6.40237049799427,1.28233801489161
57.064755396283,-35.842775015,6.00802313078704,-33.3725143209889,5.59460903202296,-26.9697440996108,4.47842578272573,-2.47026069401108,0.413414098764076,-6.40277022137807,1.11618324929723
57.1097591465956,-35.95424276,5.84260328703703,-33.471974990296,5.42461391181015,-27.0707866160589,4.47050771052528,-2.48226776970402,0.417989375226886,-6.40118837423704,0.95410620128487
57.1547628969081,-36.064685045,5.67893281828704,-33.5705307136519,5.25635933692611,-27.1720193993557,4.4638438441598,-2.4941543313481,0.422573481360939,-6.39851131429622,0.792515492766305
57.1997666472206,-36.17408,5.51703703703705,-33.6681631419171,5.08987138851067,-27.2722213120386,4.4629363385625,-2.5059168580829,0.427165648526378,-6.39594182987853,0.626935049948163
57.2447703975331,-36.282405755,5.35694125578703,-33.7648539413021,4.92517614375389,-27.3760952221294,4.45043288400987,-2.51755181369786,0.431765112033148,-6.38875871917271,0.474743259744017
57.2897741478457,-36.38964044,5.19867078703703,-33.860584791347,4.7622996636,-27.4788976241816,4.44380760069934,-2.52905564865296,0.436371123437027,-6.38168716716543,0.318492062900667
57.3347778981582,-36.495762185,5.04225094328705,-33.955337382974,4.60126798434367,-27.5822299282701,4.43721502719582,-2.54042480202602,0.440982958943377,-6.3731074547039,0.16405295714785
57.3797816484707,-36.60074912,4.88770703703704,-34.0490934167977,4.44210711390421,-27.6861001106769,4.43065466048554,-2.55165570320234,0.445599923132833,-6.3629933061208,0.0114524534186735
57.4247853987832,-36.704579375,4.73506438078706,-34.1418346018223,4.2848430328244,-27.7905139144877,4.42413252449345,-2.56274477317769,0.450221347962664,-6.3513206873346,-0.139289491669059
57.4697891490958,-36.80723108,4.58434828703703,-34.2335426545862,4.12950169936633,-27.895477398835,4.41765460904808,-2.57368842541384,0.454846587670697,-6.33806525575119,-0.288152909681749
57.5147928994083,-36.908682365,4.43558406828704,-34.3241992987448,3.97610905755813,-28.0009968462913,4.41122686324351,-2.58448306625525,0.45947501072891,-6.3232024524535,-0.435117805685387
57.5597966497208,-37.00891136,4.28879703703705,-34.4137862650214,3.82469104673925,-28.1070786445775,4.40485518697499,-2.59512509497859,0.464105990297802,-6.30670762044387,-0.580164140235739
57.6048004000333,-37.107896195,4.14401250578705,-34.5022852914082,3.67527361108338,-28.2137291607577,4.39854542007655,-2.60561090359181,0.468738894703677,-6.28855613065044,-0.723271808993174
57.6498041503459,-37.205615,4.00125578703703,-34.5896781234754,3.52788270773082,-28.3209546238469,4.39230333187271,-2.61593687652463,0.473373079306216,-6.26872349962843,-0.864420624141887
57.6948079006584,-37.302045905,3.86055219328704,-34.675946514645,3.38254431249618,-28.4287610290266,4.38613461360671,-2.62609939035499,0.478007880790856,-6.24718548561846,-1.00359030111053
57.7398116509709,-37.39716704,3.72192703703704,-34.761072226303,3.23928442256444,-28.5371540723301,4.3800448751762,-2.63609481369701,0.482642614472596,-6.2239181539729,-1.14076045261175
57.7848154012834,-37.490956535,3.58540563078705,-34.8450370276581,3.09812905607595,-28.6461391194808,4.3740396468905,-2.64591950734189,0.487276574711101,-6.19889790817727,-1.27591059081456
57.829819151596,-37.58339252,3.45101328703706,-34.9278226953016,2.95910424895417,-28.7557212073166,4.36812438594951,-2.65556982469835,0.491909038082883,-6.17210148798505,-1.40902013699534
57.8748229019085,-37.674453125,3.31877531828703,-35.0094110124663,2.82223604968828,-28.8659050716061,4.36230448668797,-2.66504211253368,0.496539268598744,-6.14350594086019,-1.54006843699969
57.919826652221,-37.76411648,3.18871703703705,-35.0897837680267,2.68755051300321,-28.9766951917546,4.35658529315862,-2.67433271197332,0.501166524033834,-6.11308857627212,-1.66903478015541
57.9648304025335,-37.852360715,3.06086375578704,-35.1689227553147,2.55507369341588,-29.0880958413773,4.35097211231878,-2.68343795968529,0.505790062371164,-6.08082691393743,-1.7958984189029
58.0098341528461,-37.93916396,2.93524078703704,-35.2468097708421,2.42483163959214,-29.200111133694,4.34547022625631,-2.69235418915785,0.510409147444904,-6.04669863714816,-1.92063858666417
58.0548379031586,-38.024504345,2.81187344328703,-35.3234266130255,2.29685039021278,-29.3127450524725,4.34008490201827,-2.70107773197454,0.515023053074246,-6.01068156055296,-2.04323451180548
58.0998416534711,-38.10836,2.69078703703704,-35.3987550809979,2.1711559717694,-29.4260014620326,4.33482139821392,-2.70960491900214,0.519631065267646,-5.97275361896522,-2.16366542644452
58.1448454037836,-38.190709055,2.57200688078704,-35.4727769735714,2.04777439839181,-29.5398840933779,4.32968496800382,-2.71793208142861,0.524232482395238,-5.93289288019348,-2.28191056961202
58.1898491540962,-38.27152964,2.45555828703706,-35.5454740883835,1.92673167350685,-29.6543965071086,4.3246808586807,-2.72605555161645,0.528826613530211,-5.89107758127494,-2.39794918517384
58.2348529044087,-38.350799885,2.34146656828705,-35.6168282212319,1.80805379288543,-29.7695420370025,4.31981430844456,-2.73397166376814,0.533412775401613,-5.84728618422934,-2.51176051555912
58.2798566547212,-38.42849792,2.22975703703703,-35.6868211655719,1.69176674847972,-29.8853237204077,4.31509054139837,-2.74167675442813,0.537990288557308,-5.80149744516418,-2.62332379291865
58.3248604050338,-38.504601875,2.12045500578703,-35.7554347121318,1.57789653239912,-30.0017442228762,4.31051476184875,-2.74916716286823,0.542558473387912,-5.75369048925555,-2.73261822944963
58.3698641553463,-38.57908988,2.01358578703704,-35.822650648584,1.46646914041932,-30.1188057644741,4.30609214903183,-2.75643923141597,0.547116646617716,-5.70384488410992,-2.83962300861251
58.4148679056588,-38.651940065,1.90917469328704,-35.8884507592115,1.35751057454726,-30.2365100541528,4.30182785317566,-2.76348930578853,0.551664118739785,-5.65194070505864,-2.9443172786284
58.4598716559713,-38.72313056,1.80724703703704,-35.9528168245108,1.25104684434891,-30.3548582367259,4.29772699353867,-2.77031373548915,0.556200192688132,-5.59795858778495,-3.04668014918977
58.5048754062839,-38.792639495,1.70782813078704,-36.015730620691,1.14710396695502,-30.4738508545838,4.29379465872841,-2.77690887430899,0.560724163832015,-5.54187976610718,-3.14669069177339
58.5498791565964,-38.860445,1.61094328703703,-36.0771739190412,1.04570796585893,-30.5934878238978,4.29003590919463,-2.78327108095875,0.565235321178108,-5.48368609514342,-3.24432794333571
58.5948829069089,-38.926525205,1.51661781828704,-36.1371284851658,0.946884868783152,-30.7137684228249,4.28645578155894,-2.78939671983419,0.569732949503884,-5.42336006234095,-3.33957091277579
58.6398866572214,-38.99085824,1.42487703703704,-36.1955760780986,0.850660704997799,-30.834691287641,4.28305929414988,-2.79528216190136,0.574216332039237,-5.36088479045758,-3.43239858915209
58.684890407534,-39.053422235,1.33574625578703,-36.2524984493279,0.757061502513425,-30.9562544118385,4.27985145306757,-2.80092378567213,0.578684753273606,-5.29624403748936,-3.52278995055414
58.7298941578465,-39.11419532,1.24925078703704,-36.3078773417683,0.666113285546023,-31.0784551431525,4.2768372580541,-2.80631797823168,0.583137501491015,-5.2294221986158,-3.61072397250807
58.774897908159,-39.173155625,1.16541594328705,-36.3616944887225,0.577842072571359,-31.2012901741543,4.27402170758397,-2.81146113627747,0.587573870715688,-5.16040431456824,-3.69617963501261
58.8199016584715,-39.23028128,1.08426703703704,-36.4139316128676,0.492273875167894,-31.3247555232694,4.27140980274976,-2.81634966713234,0.591993161869142,-5.08917608959823,-3.77913592758186
58.8649054087841,-39.285550415,1.00582938078703,-36.4645704252967,0.40943469771261,-31.4488465046723,4.26900654975165,-2.82097998970333,0.596394683074423,-5.01572392062441,-3.85957185203904
58.9099091590966,-39.33894116,0.930128287037035,-36.5135926246301,0.329350537863627,-31.5735576871396,4.26681696102547,-2.8253485353699,0.600777749173408,-4.94003493749053,-3.93746642316184
58.9549129094091,-39.390431645,0.857189068287058,-36.5609798962018,0.252047387655968,-31.698882843451,4.26484605523766,-2.8294517487982,0.60514168063109,-4.86209705275082,-4.01279866758169
58.9999166597216,-39.44,0.787037037037066,-36.6067139113096,0.177551234965555,-31.8248148930106,4.26309885653017,-2.83328608869037,0.609485802071511,-4.78189901829899,-4.08554762156462
59.0449204100342,-39.487624355,0.719697505787051,-36.6507763265119,0.105888065068073,-31.9513458410048,4.26158039346267,-2.83684802848808,0.613809440718977,-4.69943048550706,-4.1556923283946
59.0899241603467,-39.53328284,0.655195787037039,-36.6931487829451,0.0370838620335906,-32.0784667174557,4.26029569810892,-2.84013405705491,0.618111925003449,-4.61468206548935,-4.22321183607533
59.1349279106592,-39.576953585,0.593557193287036,-36.7338129056354,-0.0288353902518081,-32.2061675191376,4.25924980569631,-2.84314067936462,0.622392583538844,-4.5276453864978,-4.28808519594812
59.1799316609717,-39.61861472,0.534807037037043,-36.7727503027796,-0.0918437075705115,-32.3344371564811,4.25844775506649,-2.84586441722035,0.626650744607554,-4.43831314629851,-4.350291462637
59.2249354112843,-39.658244375,0.478970630787038,-36.8099425649767,-0.151915105410031,-32.4632634065674,4.25789459009132,-2.84830181002324,0.630885736197069,-4.34667915840939,-4.40980969550135
59.2699391615968,-39.69582068,0.426073287037025,-36.8453712643973,-0.209023599513015,-32.5926328721953,4.25759536202906,-2.85044941560265,0.635096886550039,-4.25273839220208,-4.46661896154208
59.3149429119093,-39.731321765,0.376140318287057,-36.8790179538895,-0.263143206831446,-32.7225309460289,4.25755513268513,-2.85230381111053,0.639283525118503,-4.1564870078606,-4.52069833951658
59.3599466622219,-39.76472576,0.329197037037035,-36.910864166025,-0.314247946728679,-32.852941778071,4.25777897813547,-2.85386159397501,0.643444983765714,-4.05792238795396,-4.57202692486415
59.4049504125344,-39.796010795,0.28526875578704,-36.9408914120982,-0.362311842253453,-32.9838482442996,4.25827199273245,-2.85511938290183,0.647580598040493,-3.95704316779856,-4.6205838349859
59.4499541628469,-39.825155,0.244380787037048,-36.9690811810923,-0.40730892131823,-33.1152319142614,4.25903929309576,-2.85607381890768,0.651689708355279,-3.85384926683093,-4.66634821441399
59.4949579131594,-39.852136505,0.206558443287038,-36.9954149386311,-0.449213217645958,-33.2470730156716,4.26008602184535,-2.85672156636891,0.655771660932996,-3.74834192295948,-4.70929923949131
59.539961663472,-39.87693344,0.17182703703705,-37.0198741259299,-0.487998771397665,-33.3793503946415,4.26141735089012,-2.85705931407009,0.659825808434715,-3.64052373128844,-4.74941612228779
59.5849654137845,-39.899523935,0.14021188078705,-37.0424401587598,-0.523639629449365,-33.5120414708262,4.2630384841889,-2.85708377624022,0.663851510236415,-3.53039868793358,-4.78667811363827
59.629969164097,-39.91988612,0.11173828703704,-37.0630944264302,-0.556109845341527,-33.6451221875469,4.26495465998373,-2.85679169356979,0.667848132378568,-3.41797223888327,-4.82106450532525
59.6749729144095,-39.937998125,0.0864315682870368,-37.0818182907929,-0.585383478970083,-33.7785669575883,4.26717115259494,-2.85617983420714,0.67181504725712,-3.30325133320452,-4.85255463156502
59.7199766647221,-39.95383808,0.0643170370370301,-37.0985930852621,-0.611434596118775,-33.9123486058896,4.26969327392774,-2.85524499473787,0.675751633155806,-3.18624447937248,-4.88112787004652
59.7649804150346,-39.967384115,0.0454200057870614,-37.1134001138448,-0.634237267945731,-34.0464383106246,4.27252637487106,-2.85398400115524,0.679657273732792,-3.06696180322015,-4.90676364281679
59.8099841653471,-39.97861436,0.0297657870370446,-37.1262206501678,-0.65376557053232,-34.1808055442127,4.27567584677551,-2.85239370983222,0.683531357569365,-2.94541510595506,-4.92944141730783
59.8549879156596,-39.987506945,0.0173796932870466,-37.1370359364932,-0.669993584582344,-34.3154180156263,4.27914712317335,-2.85047100850677,0.687373277869391,-2.82161792086691,-4.94914070775569
59.8999916659722,-39.99404,0.00828703703704477,-37.1458271827091,-0.682895395328772,-34.450241615005,4.28294568185478,-2.84821281729093,0.691182432365817,-2.69558556770409,-4.96584107718356
59.9449954162847,-39.998191655,0.00251313078704236,-37.1525755652877,-0.692445092669372,-34.5852403611429,4.28707704736362,-2.84561608971233,0.694958223456414,-2.56733520414475,-4.97952214003299
59.9899991665972,-39.99994004,8.32870370678533e-05,-37.1572622262066,-0.698616771517381,-34.7203763519246,4.29154679390919,-2.84267781379341,0.698700058554449,-2.43688587428203,-4.99016356542657
