data1,data2,data3,data4,data5,data6,data7
0,-0.000781845008661578,-0.000397491664669589,0.000938918107390727,-4.48711804017319e-08,-0.000809444476134725,-0.000235332779176909
0.0100016669444907,-0.000781766211585186,-0.000397412422220431,0.000938997573154044,3.45945829159205e-08,-0.000809365233685567,-0.000235253982100517
0.0200033338889815,-0.00078113983886024,-0.000396782509143918,0.000939629261396657,6.66282825529442e-07,-0.000808735320609052,-0.000234627609375571
0.0300050008334722,-0.000780990765736633,-0.000396632593436889,0.000939779599583051,8.16621011912174e-07,-0.000808585404902047,-0.000234478536251964
0.040006667777963,-0.000781318796207796,-0.000396962477984922,0.000939448785383145,4.85806811987119e-07,-0.000808915289450116,-0.000234806566723127
0.0500083347224537,-0.0007812318614736,-0.000396875051882713,0.000939536457861972,5.73479290816134e-07,-0.000808827863347903,-0.000234719631988931
0.0600100016669445,-0.00078113417810552,-0.000396776816393746,0.000939634970189628,6.71991618473479e-07,-0.000808729627858933,-0.000234621948620851
0.0700116686114352,-0.000780932851678863,-0.000396574352040257,0.000939838005110501,8.75026539346266e-07,-0.000808527163505445,-0.000234420622194194
0.080013335555926,-0.000780608026048795,-0.000396247690447532,0.000940165587272436,1.20260870127573e-06,-0.000808200501912731,-0.000234095796564126
0.0900150025004167,-0.0007801342481941,-0.000395771234730101,0.000940643385695812,1.68040712463799e-06,-0.000807724046195328,-0.000233622018709431
0.100016669444907,-0.000779452927350175,-0.000395086062959661,0.000941330488357569,2.36750978636884e-06,-0.00080703887442494,-0.000232940697865506
0.110018336389398,-0.00077845474705976,-0.000394082240806114,0.000942337139395145,3.37416082390061e-06,-0.000806035052271482,-0.000231942517575091
0.120020003333889,-0.000776984669556372,-0.000392603854206509,0.000943819692254902,4.85671368358544e-06,-0.000804556665672019,-0.000230472440071703
0.13002167027838,-0.000774906903059723,-0.000390514343865267,0.000945915091071912,6.95211250049285e-06,-0.000802467155330982,-0.000228394673575054
0.14002333722287,-0.000772263778490212,-0.000387856279963438,0.00094858064569756,9.61766712601474e-06,-0.000799809091429404,-0.000225751549005543
0.150025004167361,-0.000769464093814505,-0.000385040771054472,0.000951404089028136,1.2441110456471e-05,-0.000796993582520677,-0.000222951864329837
0.160026671111852,-0.000767290891598748,-0.000382855285577305,0.000953595733449843,1.46327548781007e-05,-0.000794808097043663,-0.00022077866211408
0.170028338056343,-0.000766607820450027,-0.000382168353609094,0.000954284601269811,1.53216226980496e-05,-0.00079412116507549,-0.000220095590965358
0.180030005000833,-0.000768018986443916,-0.000383587495722567,0.000952861459853811,1.38984812820803e-05,-0.000795540307188902,-0.000221506756959247
0.190031671945324,-0.000771854104895802,-0.000387444290833001,0.000948993795859789,1.00308172881497e-05,-0.000799397102299153,-0.000225341875411133
0.200033338889815,-0.000778476379744928,-0.000394103995762257,0.000942315323130997,3.35234455958e-06,-0.000806056807227968,-0.000231964150260259
0.210035005834306,-0.000788462943316757,-0.000404147004873495,0.000932244011687583,-6.71896688330812e-06,-0.000816099816338158,-0.000241950713832088
0.220036672778796,-0.000801742241935269,-0.000417501360058967,0.000918852022423491,-2.01109561463045e-05,-0.000829454171521449,-0.0002552300124506
0.230038339723287,-0.000814816807655564,-0.000430649825165998,0.000905666503459548,-3.32964751086592e-05,-0.000842602636625319,-0.000268304578170896
0.240040006667778,-0.000820158163905569,-0.000436021371554795,0.000900279819447585,-3.86831591197795e-05,-0.000847974183012438,-0.0002736459344209
0.250041673612269,-0.000817303836714501,-0.000433150911282478,0.000903158369000459,-3.58046095674126e-05,-0.000845103722741131,-0.000270791607229832
0.260043340556759,-0.000815156736348882,-0.00043099167518671,0.000905323690066915,-3.36392885013049e-05,-0.000842944486646055,-0.000268644506864213
0.27004500750125,-0.000815263053008029,-0.000431098592763398,0.000905216471184442,-3.37465073837662e-05,-0.00084305140422272,-0.00026875082352336
0.280046674445741,-0.000815591548450081,-0.000431428944910458,0.000904885188067788,-3.40777905003847e-05,-0.00084338175636971,-0.000269079318965412
0.290048341390232,-0.000815695289695286,-0.000431533272516582,0.000904780566454708,-3.41824121134549e-05,-0.000843486083975814,-0.000269183060210617
0.300050008334722,-0.00081556919198512,-0.00043140646208344,0.000904907734253948,-3.40552443142257e-05,-0.000843359273542694,-0.000269056962500451
0.310051675279213,-0.000815303453978268,-0.000431139222085925,0.000905175727363906,-3.37872512042912e-05,-0.000843092033545227,-0.000268791224493599
0.320053342223704,-0.000815000054695335,-0.000430834107945208,0.000905481701350674,-3.34812772175501e-05,-0.000842786919404562,-0.000268487825210666
0.330055009168195,-0.000814729628476285,-0.000430562153237025,0.000905754422457887,-3.32085561103601e-05,-0.000842514964696425,-0.000268217398991616
0.340056676112685,-0.000814529329719594,-0.000430360722362029,0.0009059564209878,-3.30065575804642e-05,-0.000842313533821463,-0.000268017100234925
0.350058343057176,-0.000814415835002799,-0.000430246586156247,0.000906070878842278,-3.28920997259956e-05,-0.000842199397615701,-0.00026790360551813
0.360060010001667,-0.000814398682289945,-0.000430229336493714,0.000906088177116306,-3.28748014519697e-05,-0.00084218214795317,-0.000267886452805276
0.370061676946158,-0.000814489662716568,-0.000430320831155213,0.000905996424612534,-3.29665539557334e-05,-0.000842273642614654,-0.000267977433231899
0.380063343890648,-0.000814709242695488,-0.00043054165223277,0.000905774981236284,-3.31879973319642e-05,-0.000842494463692172,-0.000268197013210819
0.390065010835139,-0.000815092372604003,-0.000430926947648402,0.00090538860001473,-3.35743785534841e-05,-0.000842879759107735,-0.000268580143119334
0.40006667777963,-0.000815695500887244,-0.000431533484902234,0.000904780353470532,-3.41826250976258e-05,-0.000843486296361456,-0.000269183271402576
0.410068344724121,-0.000816605166435489,-0.000432448292015199,0.000903862968327984,-3.51000102400867e-05,-0.000844401103474247,-0.00027009293695082
0.420070011668611,-0.000817947324553489,-0.000433798036210135,0.000902509420401734,-3.64535581662009e-05,-0.000845750847668913,-0.00027143509506882
0.430071678613102,-0.000819893668710988,-0.000435755381393775,0.0009005465591987,-3.84164193690243e-05,-0.000847708192852134,-0.000273381439226319
0.440073345557593,-0.000822656108511325,-0.000438533434914016,0.000897760676810461,-4.12023017569359e-05,-0.000850486246371723,-0.000276143879026657
0.450075012502084,-0.000826456181720261,-0.000442354986700997,0.000893928355459757,-4.50346231071361e-05,-0.000854307798157701,-0.000279943952235593
0.460076679446574,-0.000831457755168039,-0.000447384829784675,0.000888884337711325,-5.00786408548082e-05,-0.000859337641239865,-0.00028494552568337
0.470078346391065,-0.000837666596552484,-0.000453628764462845,0.000882622806921518,-5.63401716435129e-05,-0.000865581575915842,-0.000291154367067815
0.480080013335556,-0.000844829719747041,-0.000460832374693891,0.000875398896105084,-6.35640824584449e-05,-0.000872785186143898,-0.000298317490262372
0.490081680280047,-0.000852393966595619,-0.000468439375789729,0.000867770457623087,-7.11925209385689e-05,-0.000880392187236008,-0.00030588173711095
0.500083347224537,-0.000859578122554678,-0.000475664137666155,0.000860525335553838,-7.84376430057412e-05,-0.0008876169491083,-0.000313065893070009
0.510085014169028,-0.000865560079770427,-0.000481679905793522,0.000854492614314348,-8.44703642432534e-05,-0.00089363271723173,-0.000319047850285758
0.520086681113519,-0.000869704206906201,-0.000485847456152196,0.00085031331932946,-8.86496592266171e-05,-0.00089780026758737,-0.000323191977421532
0.53008834805801,-0.000871715776112715,-0.000487870395047089,0.000848284679564989,-9.06782989902914e-05,-0.000899823206480676,-0.000325203546628046
0.5400900150025,-0.000871653892703055,-0.000487808161863189,0.000848347088129006,-9.06158904263007e-05,-0.00089976097329683,-0.000325141663218386
0.550091681946991,-0.000869827124098325,-0.000485971068090525,0.000850189359038746,-8.87736195173315e-05,-0.0008979238795257,-0.000323314894613656
0.560093348891482,-0.00086665209465538,-0.000482778092908815,0.000853391332383999,-8.55716461733994e-05,-0.000894730904346619,-0.000320139865170711
0.570095015835973,-0.000862540376365622,-0.00047864313457564,0.000857537943495322,-8.14250350637243e-05,-0.000890595946016725,-0.000316028146880953
0.580096682780463,-0.000857833455063608,-0.000473909609054348,0.000862284808624545,-7.66781699362825e-05,-0.000885862420498979,-0.000311321225578939
0.590098349724954,-0.000852776252150208,-0.000468823822078046,0.000867384927921295,-7.15780506413039e-05,-0.000880776633526204,-0.000306264022665539
0.600100016669445,-0.000847515366815182,-0.00046353320143695,0.000872690458127259,-6.62725204370166e-05,-0.000875486012888445,-0.000301003137330514
0.610101683613936,-0.000842114416656538,-0.000458101724305212,0.000878137241773412,-6.08257367923995e-05,-0.000870054535759765,-0.00029560218717187
0.620103350558426,-0.000836583295639047,-0.000452539340569782,0.000883715300932913,-5.52476776342742e-05,-0.000864492152027072,-0.000290071066154379
0.630105017502917,-0.000830917978285086,-0.000446842002000454,0.000889428695244343,-4.95342833240446e-05,-0.000858794813460134,-0.000284405748800417
0.640106684447408,-0.000825144938141384,-0.000441036331776388,0.000895250726501429,-4.3712252067967e-05,-0.000852989143238074,-0.000278632708656715
0.650108351391899,-0.000819361818978704,-0.000435220525565446,0.000901082922309851,-3.78800562603392e-05,-0.000847173337028715,-0.000272849589494036
0.660110018336389,-0.00081376498312015,-0.000429592055559731,0.000906727253978606,-3.22357245921489e-05,-0.000841544867024123,-0.000267252753635482
0.67011168528088,-0.000808655799767458,-0.000424453994344415,0.00091187979482979,-2.7083183741301e-05,-0.000836406805809476,-0.000262143570282789
0.680113352225371,-0.000804421804180638,-0.000420196067586255,0.000916149720905742,-2.28132576654933e-05,-0.000832148879051604,-0.000257909574695969
0.690115019169862,-0.000801495759015653,-0.000417253483979879,0.00091910059704461,-1.98623815266466e-05,-0.00082920629544527,-0.000254983529530984
0.700116686114352,-0.000800302436977842,-0.000416053417108888,0.000920304045839408,-1.86589327318341e-05,-0.00082800622857425,-0.000253790207493173
0.710118353058843,-0.000801205590671078,-0.000416961675560763,0.000919393227812759,-1.95697507585064e-05,-0.000828914487026172,-0.00025469336118641
0.720120020003334,-0.000804463880067208,-0.000420238381291863,0.000916107287955282,-2.28556906160684e-05,-0.00083219119275744,-0.000257951650582539
0.730121686947825,-0.0008101959353219,-0.000426002834973157,0.000910326589393289,-2.86363891781457e-05,-0.000837955646438901,-0.000263683705837231
0.740123353892315,-0.000818344620888931,-0.000434197578119991,0.000902108752536001,-3.68542260353624e-05,-0.000846150389585595,-0.000271832391404262
0.750125020836806,-0.00082862152443621,-0.000444532568251213,0.000891744637237113,-4.72183413337983e-05,-0.000856485379715916,-0.000282109294951541
0.760126687781297,-0.000840407777392137,-0.000456385438858468,0.000879858363904109,-5.91046146657419e-05,-0.00086833825032106,-0.000293895547907468
0.770128354725788,-0.000852598411824663,-0.000468644976567109,0.000867564277436303,-7.13987011317958e-05,-0.000880597788026215,-0.000306086182339994
0.780130021670278,-0.000863438297380353,-0.000479546130766288,0.000856632402556114,-8.23305760098151e-05,-0.000891498942221073,-0.000316926067895684
0.790131688614769,-0.000870554903869068,-0.000486702961372457,0.00084945540319496,-8.95075753691777e-05,-0.000898655772823675,-0.000324042674384399
0.80013335555926,-0.000871583814259697,-0.000487737687317547,0.000848417761275592,-9.05452172882571e-05,-0.000899690498768191,-0.000325071584775028
0.810135022503751,-0.000865567205783017,-0.000481687072075342,0.000854485427833101,-8.4477550732567e-05,-0.000893639883529607,-0.000319054976298348
0.820136689448241,-0.000854177952232662,-0.000470233444771091,0.000865971332749387,-7.29916458194541e-05,-0.000882186256231673,-0.000307665722747993
0.830138356392732,-0.00084104413374305,-0.000457025391987959,0.000879216607313553,-5.97463712582308e-05,-0.0008689782034544,-0.000294531904258381
0.840140023337223,-0.000829424968619039,-0.000445340553617147,0.000890934374875976,-4.80286036975589e-05,-0.000857293365087073,-0.00028291273913437
0.850141690281714,-0.000820749538104183,-0.000436616088281322,0.000899683426738843,-3.92795518353402e-05,-0.000848568899752538,-0.000274237308619514
0.860143357226204,-0.000814963323406663,-0.000430797169039862,0.000905518744351028,-3.34442342232044e-05,-0.000842749980511176,-0.000268451093921994
0.870145024170695,-0.000811439559819079,-0.000427253488617863,0.000909072411264232,-2.9890567309847e-05,-0.000839206300088871,-0.00026492733033441
0.880146691115186,-0.00080952221264233,-0.000425325304310577,0.000911006029412458,-2.7956949161463e-05,-0.000837278115781272,-0.000263009983157661
0.890148358059677,-0.000808690638043995,-0.000424489029529335,0.000911844660910405,-2.71183176634244e-05,-0.000836441840999847,-0.000262178408559325
0.900150025004167,-0.000808567391532585,-0.000424365086410374,0.000911968953315062,-2.69940252587515e-05,-0.000836317897880855,-0.000262055162047916
0.910151691948658,-0.000808890305581154,-0.000424689825617004,0.000911643298956696,-2.73196796171649e-05,-0.000836642637087579,-0.000262378076096485
0.920153358893149,-0.000809483953586113,-0.000425286829008465,0.000911044613142294,-2.79183654316601e-05,-0.000837239640479226,-0.000262971724101444
0.93015502583764,-0.000810236074932487,-0.000426043201456148,0.00091028610915168,-2.8676869422398e-05,-0.000837996012927154,-0.000263723845447818
0.94015669278213,-0.000811078982821851,-0.00042689087358581,0.000909436048186274,-2.95269303879465e-05,-0.000838843685057101,-0.000264566753337181
0.950158359726621,-0.000811975522174811,-0.000427792480312047,0.000908531900630512,-3.04310779438635e-05,-0.000839745291783645,-0.000265463292690142
0.960160026671112,-0.000812908956509451,-0.000428731190555864,0.000907590544995267,-3.13724335792713e-05,-0.000840684002027787,-0.000266396727024782
0.970161693615603,-0.000813875971379156,-0.000429703671136906,0.000906615323854174,-3.23476547205333e-05,-0.000841656482609166,-0.000267363741894487
0.980163360560093,-0.000814881981772824,-0.00043071536765039,0.000905600776265716,-3.33622023091689e-05,-0.000842668179123002,-0.000268369752288155
0.990165027504584,-0.000815938070787627,-0.000431777425836797,0.000904535725079455,-3.44272534956144e-05,-0.000843730237309777,-0.000269425841302958
1.00016669444907,-0.000817059051763432,-0.000432904742763187,0.000903405231246717,-3.55577473285479e-05,-0.000844857554236555,-0.000270546822278763
1.01016836139357,-0.000818262279652374,-0.000434114771474457,0.000902191792537953,-3.67711860375184e-05,-0.000846067582948238,-0.000271750050167705
1.02017002833806,-0.000819566933414459,-0.000435426799332937,0.00090087606723687,-3.80869113388228e-05,-0.000847379610807159,-0.00027305470392979
1.03017169528255,-0.000820993559434299,-0.000436861488854452,0.000899437334598343,-3.9525643977588e-05,-0.000848814300329148,-0.00027448132994963
1.04017336222704,-0.000822563716125275,-0.000438440520303733,0.000897853853260208,-4.11091253159787e-05,-0.000850393331778938,-0.000276051486640606
1.05017502917153,-0.000824299599253836,-0.000440186214900991,0.000896103239098537,-4.28597394779248e-05,-0.000852139026376743,-0.000277787369769167
1.06017669611602,-0.000826223561771049,-0.000442121051939488,0.000894162949470884,-4.48000291058724e-05,-0.000854073863415826,-0.000279711332286379
1.07017836306051,-0.000828357475768894,-0.000444267027135515,0.000892010926674549,-4.69520519025206e-05,-0.000856219838612476,-0.000281845246284224
1.080180030005,-0.000830721920758161,-0.000446644836318312,0.000889626416557111,-4.93365620202871e-05,-0.000858597647795928,-0.000284209691273492
1.09018169694949,-0.000833335222433285,-0.000449272908761862,0.000886990937908818,-5.19720406689214e-05,-0.000861225720240158,-0.000286822992948616
1.10018336389398,-0.000836212406764826,-0.000452166355365745,0.000884089337245873,-5.48736413322141e-05,-0.000864119166844733,-0.000289700177280157
1.11018503083847,-0.000839364169748873,-0.000455335932581416,0.000880910827803933,-5.80521507744998e-05,-0.00086728874406109,-0.000292851940264204
1.12018669778296,-0.000842795985721245,-0.000458787145686461,0.000877449888790921,-6.15130897878437e-05,-0.000870739957166797,-0.000296283756236576
1.13018836472745,-0.000846507479727876,-0.000462519617607534,0.000873706898342827,-6.52560802362438e-05,-0.000874472429088479,-0.000299995250243207
1.14019003167195,-0.000850492168336302,-0.00046652682826686,0.000869688394911748,-6.92745836675894e-05,-0.000878479639748335,-0.000303979938851633
1.15019169861644,-0.000854737630083991,-0.000470796285993976,0.000865406905371089,-7.35560732084575e-05,-0.000882749097475868,-0.000308225400599322
1.16019336556093,-0.000859226108583733,-0.000475310134039953,0.000860880336792122,-7.80826417875609e-05,-0.000887262945522118,-0.000312713879099064
1.17019503250542,-0.000863935489032461,-0.000480046132605592,0.000856130991648317,-8.28319869314142e-05,-0.000891998944087851,-0.000317423259547792
1.18019669944991,-0.000868840534250405,-0.000484978901866856,0.000851184321286925,-8.77786572927489e-05,-0.000896931713349,-0.000322328304765736
1.1901983663944,-0.000873914228974289,-0.000490081273866205,0.00084606757022786,-9.28954083516374e-05,-0.000902034085347999,-0.00032740199948962
1.20020003333889,-0.000879129066147873,-0.00049532558607345,0.00084080847895745,-9.81544996217401e-05,-0.000907278397554631,-0.000332616836663203
1.21020170028338,-0.000884458116514978,-0.00050068475702427,0.000835434205258639,-0.000103528773320102,-0.000912637568504559,-0.000337945887030308
1.22020336722787,-0.000889875748652094,-0.000506133010422557,0.000829970598068053,-0.00010899238051009,-0.000918085821901655,-0.000343363519167425
1.23020503417236,-0.00089535790372309,-0.000511646151448071,0.000824441920389662,-0.000114521058187729,-0.000923598962925672,-0.000348845674238421
1.24020670111685,-0.000900881870178694,-0.000517201340182499,0.000818871076507251,-0.00012009190206923,-0.000929154151658289,-0.000354369640694025
1.25020836806134,-0.000906425542235883,-0.000522776345897652,0.000813280359797706,-0.000125682618777708,-0.000934729157371318,-0.000359913312751215
1.26021003500583,-0.000911966178910568,-0.000528348299074024,0.000807692704229419,-0.000131270274344772,-0.000940301110545254,-0.000365453949425899
1.27021170195032,-0.000917478707691414,-0.000533891985486722,0.000802133395083809,-0.000136829583489008,-0.000945844796955217,-0.000370966478206745
1.28021336889482,-0.000922933641991649,-0.000539377751886401,0.000796632169176417,-0.000142330809394884,-0.000951330563351879,-0.000376421412506981
1.29021503583931,-0.000928294710335776,-0.000544769121785788,0.000791225605789366,-0.000147737372780292,-0.000956721933247998,-0.000381782480851108
1.3002167027838,-0.000933516335511095,-0.000550020260362994,0.000785959668912232,-0.00015300330965568,-0.000961973071821727,-0.000387004106026426
1.31021836972829,-0.000938541161469236,-0.000555073487384724,0.000780892201327697,-0.000158070777238395,-0.000967026298839833,-0.000392028931984567
1.32022003667278,-0.000943297910265021,-0.000559857122032235,0.000776095085859113,-0.000162867892705127,-0.00097180993348366,-0.000396785680780352
1.33022170361727,-0.000947699960551086,-0.000564284053361405,0.000771655678939044,-0.000167307299623369,-0.000976236864809192,-0.000401187731066417
1.34022337056176,-0.000951645161374292,-0.000568251553046683,0.000767676998393014,-0.000171285980167666,-0.000980204364491019,-0.000405132931889623
1.35022503750625,-0.000955017499766708,-0.000571642952397548,0.00076427604169703,-0.000174686936862093,-0.000983595763838784,-0.000408505270282039
1.36022670445074,-0.000957691272250189,-0.000574331837441057,0.000761579579072824,-0.000177383399485011,-0.000986284648879729,-0.00041117904276552
1.37022837139523,-0.000959538288409511,-0.000576189293210642,0.000759716888783832,-0.000179246089773083,-0.000988142104647484,-0.000413026058924842
1.38023003833972,-0.000960438270582383,-0.00057709436221673,0.000758809269191429,-0.000180153709365027,-0.000989047173652657,-0.000413926041097714
1.39023170528421,-0.000960291953519471,-0.000576947218147996,0.000758956827928708,-0.000180006150627824,-0.000988900029584074,-0.000413779724034802
1.4002333722287,-0.000959035479536393,-0.000575683642386906,0.000760223964588486,-0.000178739013968703,-0.000987636453824293,-0.000412523250051724
1.4102350391732,-0.000956653742425011,-0.000573288443342792,0.000762625913573049,-0.00017633706498538,-0.000985241254782648,-0.000410141512940342
1.42023670611769,-0.000953189739708357,-0.000569804861567112,0.00076611931247421,-0.000172843666085996,-0.000981757673010503,-0.000406677510223688
1.43023837306218,-0.000948747175030277,-0.000565337186852185,0.000770599577599299,-0.000168363400963124,-0.000977289998299989,-0.000402234945545608
1.44024004000667,-0.000943484736339906,-0.000560045004075109,0.000775906674343099,-0.000163056304221849,-0.000971997815527942,-0.000396972506855237
1.45024170695116,-0.000937602445255859,-0.000554129465406513,0.000781838883665554,-0.000157124094902077,-0.000966082276864687,-0.00039109021577119
1.46024337389565,-0.000931322548107609,-0.000547814073345246,0.000788172073212638,-0.000150790905357684,-0.000959766884808776,-0.000384810318622941
1.47024504084014,-0.000924868758317413,-0.000541323805775144,0.000794680631087526,-0.000144282347485364,-0.000953276617243786,-0.000378356528832745
1.48024670778463,-0.000918447735280392,-0.000534866490160987,0.000801156144144251,-0.000137806834430986,-0.0009468193016343,-0.000371935505795723
1.49024837472912,-0.000912235582630835,-0.000528619225500991,0.000807421014299673,-0.000131541964277628,-0.000940572036978416,-0.000365723353146166
1.50025004167361,-0.000906370466880888,-0.000522720959244955,0.000813335902534424,-0.000125627076044634,-0.000934673770725876,-0.000359858237396219
1.5102517086181,-0.000900950910096488,-0.000517270770320144,0.000818801450705642,-0.000120161527874867,-0.000929223581803954,-0.00035443868061182
1.52025337556259,-0.000896038355303032,-0.000512330449037029,0.000823755694370783,-0.000115207284210893,-0.000924283260523162,-0.000349526125818363
1.53025504250708,-0.000891662319619749,-0.000507929679349944,0.000828168865922764,-0.000110794112659829,-0.0009198824908379,-0.00034515009013508
1.54025670945158,-0.000887826650529738,-0.000504072330488491,0.000832037085228036,-0.000106925893355261,-0.00091602514197785,-0.000341314421045069
1.55025837639607,-0.00088451582151287,-0.000500742788174312,0.00083537601056774,-0.000103586968016088,-0.000912695599664728,-0.000338003592028201
1.56026004334056,-0.000881700638033407,-0.000497911692859784,0.000838215084227995,-0.000100747894356226,-0.000909864504350982,-0.000335188408548738
1.57026171028505,-0.000879343066600861,-0.000495540796083458,0.000840592662458713,-9.83703161257934e-05,-0.000907493607575225,-0.000332830837116192
1.58026337722954,-0.000877400122370129,-0.000493586870043484,0.000842552094882554,-9.6410883702157e-05,-0.000905539681535658,-0.00033088789288546
1.59026504417403,-0.000875826872707987,-0.000492004728140709,0.000844138695439593,-9.48242831452613e-05,-0.000903957539633169,-0.000329314643223318
1.60026671111852,-0.000874578667436443,-0.000490749467827693,0.000845397493217706,-9.3565485367248e-05,-0.000902702279320351,-0.000328066437951774
1.61026837806301,-0.00087361272036102,-0.00048977806107603,0.000846371637503129,-9.25913410818913e-05,-0.00090173087256882,-0.000327100490876351
1.6202700450075,-0.00087288916174561,-0.000489050412799938,0.000847101336374115,-9.18616422109496e-05,-0.000901003224292815,-0.000326376932260941
1.63027171195199,-0.000872371669466418,-0.000488529995577584,0.000847623220190887,-9.13397583942051e-05,-0.000900482807070516,-0.000325859439981749
1.64027337889648,-0.000872027773228606,-0.0004881841555872,0.000847970034797364,-9.09929437877447e-05,-0.000900136967080165,-0.000325515543743937
1.65027504584097,-0.000871828913359254,-0.000487984171732356,0.000848170582229263,-9.07923963558539e-05,-0.000899936983225338,-0.000325316683874585
1.66027671278546,-0.000871750323554229,-0.000487905137726091,0.00084824983896227,-9.07131396228493e-05,-0.000899857949219079,-0.00032523809406956
1.67027837972995,-0.000871770795380935,-0.0004879257252626,0.000848229193407762,-9.07337851773571e-05,-0.000899878536755587,-0.000325258565896267
1.68028004667445,-0.000871872371264791,-0.000488027875268424,0.000848126755531701,-9.08362230534142e-05,-0.000899980686761404,-0.000325360141780122
1.69028171361894,-0.000872040002280044,-0.00048819645375905,0.000847957701967877,-9.10052766172334e-05,-0.00090014926525202,-0.000325527772795376
1.70028338056343,-0.000872261197621409,-0.000488418899329305,0.000847734629520918,-9.12283490641865e-05,-0.000900371710822262,-0.00032574896813674
1.71028504750792,-0.000872525684441184,-0.000488684881067831,0.000847467898215856,-9.14950803692411e-05,-0.000900637692560773,-0.000326013454956515
1.72028671445241,-0.000872825089980751,-0.000488985978891935,0.000847165951864126,-9.17970267209622e-05,-0.000900938790384861,-0.000326312860496082
1.7302883813969,-0.000873152652645931,-0.000489315392989903,0.000846835609440079,-9.21273691450008e-05,-0.000901268204482811,-0.000326640423161263
1.74029004834139,-0.000873502964781979,-0.000489667685142124,0.000846482324488842,-9.24806540962285e-05,-0.000901620496635013,-0.000326990735297311
1.75029171528588,-0.00087387174721346,-0.000490038551986629,0.000846110412499743,-9.28525660853171e-05,-0.000901991363479498,-0.000327359517728792
1.76029338223037,-0.000874255653898982,-0.000490424628569703,0.000845723247909317,-9.32397306757327e-05,-0.000902377440062551,-0.000327743424414314
1.77029504917486,-0.000874652104077193,-0.000490823319543148,0.000845323433379745,-9.36395452052935e-05,-0.000902776131035973,-0.000328139874592525
1.78029671611935,-0.000875059138836971,-0.000491232654923785,0.000844912944445841,-9.40500341391861e-05,-0.000903185466416588,-0.000328546909352303
1.79029838306384,-0.00087547529895617,-0.000491651167241729,0.000844493252712986,-9.44697258720286e-05,-0.000903603978734507,-0.000328963069471501
1.80030005000833,-0.000875899520985181,-0.000492077787036597,0.000844065430655423,-9.48975479295781e-05,-0.000904030598529348,-0.000329387291500512
1.81030171695283,-0.000876331048807326,-0.000492511753918026,0.000843630240806381,-9.53327377786067e-05,-0.00090446456541075,-0.000329818819322657
1.82030338389732,-0.00087676935822258,-0.000492952540723134,0.000843188211814345,-9.57747667706281e-05,-0.00090490535221583,-0.000330257128737911
1.83030505084181,-0.000877214092433226,-0.000493399788637532,0.000842739703504885,-9.62232750800729e-05,-0.000905352600130199,-0.000330701862948557
1.8403067177863,-0.000877665006635542,-0.000493853251473832,0.000842284962759174,-9.6678015825768e-05,-0.000905806062966466,-0.000331152777150873
1.85030838473079,-0.000878121920227449,-0.000494312747609162,0.000841824171711914,-9.71388068730108e-05,-0.000906265559101763,-0.00033160969074278
1.86031005167528,-0.00087858467542194,-0.000494778118364682,0.000841357489489124,-9.76054890957839e-05,-0.000906730929857248,-0.000332072445937271
1.87031171861977,-0.000879053101307531,-0.00049524919186289,0.000840885088452673,-9.80778901322159e-05,-0.000907202003355419,-0.000332540871822862
1.88031338556426,-0.000879526982619257,-0.000495725751622113,0.000840407185694307,-9.8555792890563e-05,-0.000907678563114603,-0.000333014753134589
1.89031505250875,-0.000880006032676989,-0.00049620750934186,0.000839924070326976,-9.90389082578729e-05,-0.00090816032083431,-0.00033349380319232
1.90031671945324,-0.000880489870112357,-0.000496694081498214,0.000839436126955414,-9.95268516294134e-05,-0.000908646892990621,-0.000333977640627688
1.91031838639773,-0.00088097799914182,-0.00049718496950539,0.000838943855570477,-0.000100019123014329,-0.000909137780997752,-0.000334465769657151
1.92032005334222,-0.000881469793251908,-0.000497679543308772,0.000838447888002344,-0.000100515090582438,-0.000909632354801088,-0.00033495756376724
1.93032172028671,-0.000881964482244543,-0.000498177028357008,0.000837949000985142,-0.000101013977599616,-0.000910129839849275,-0.000335452252759875
1.94032338723121,-0.000882461142647026,-0.000498676495957793,0.000837448125828334,-0.000101514852756398,-0.000910629307450009,-0.000335948913162357
1.9503250541757,-0.00088295869152537,-0.000499176857056238,0.00083694635465589,-0.000102016623928816,-0.000911129668548402,-0.000336446462040702
1.96032672112019,-0.000883455883754337,-0.000499676859489471,0.000836444943159417,-0.000102518035425262,-0.000911629670981581,-0.000336943654269669
1.97032838806468,-0.000883951312796984,-0.000500175088770593,0.000835945309811997,-0.000103017668772654,-0.000912127900262648,-0.000337439083312315
1.98033005500917,-0.000884443415035595,-0.000500669972444091,0.000835449031500502,-0.00010351394708412,-0.000912622783936089,-0.000337931185550926
1.99033172195366,-0.000884930477679499,-0.000501159788038346,0.000834957835550669,-0.000104005143033924,-0.000913112599530286,-0.000338418248194831
2.00033338889815,-0.000885410650258343,-0.000501642674623871,0.000834473588136295,-0.000104489390448268,-0.000913595486115752,-0.000338898420773674
2.01033505584264,-0.000885881959695834,-0.000502116647972254,0.00083399827907757,-0.000104964699506963,-0.000914069459464076,-0.000339369730211166
2.02033672278713,-0.000886342328951289,-0.000502579619303069,0.000833534003041341,-0.000105428975543163,-0.000914532430794831,-0.000339830099466621
2.03033838973162,-0.00088678959921489,-0.000503029417604584,0.000833082937157492,-0.000105880041426982,-0.000914982229096287,-0.000340277369730222
2.04034005667611,-0.000887221555645377,-0.000503463815516928,0.000832647315062849,-0.000106315663521596,-0.000915416627008572,-0.000340709326160709
2.0503417236206,-0.000887635956640937,-0.000503880558768422,0.000832229397381881,-0.000106733581202535,-0.000915833370260009,-0.000341123727156268
2.06034339056509,-0.000888030566627724,-0.000504277399149424,0.000831831438659938,-0.00010713153992445,-0.000916230210640955,-0.000341518337143055
2.07034505750958,-0.000888403192325494,-0.000504652130982946,0.000831455650789856,-0.000107507327794505,-0.000916604942474424,-0.000341890962840826
2.08034672445408,-0.000888751722394401,-0.000505002630995534,0.000831104163028711,-0.000107858815555624,-0.00091695544248696,-0.000342239492909732
2.09034839139857,-0.000889074170268449,-0.000505326901392827,0.000830778978800875,-0.000108183999783436,-0.000917279712884205,-0.00034256194078378
2.10035005834306,-0.000889368719827862,-0.000505623115790069,0.000830481929638062,-0.000108481048946227,-0.000917575927281403,-0.000342856490343193
2.11035172528755,-0.000889633773345772,-0.000505889667429806,0.00083021462682575,-0.000108748351758519,-0.000917842478921099,-0.000343121543861104
2.12035339223204,-0.000889868000860662,-0.000506125218833377,0.000829978411611764,-0.000108984566972486,-0.000918078030324634,-0.000343355771375994
2.13035505917653,-0.000890070389778711,-0.000506328751683631,0.000829774305182988,-0.000109188673401246,-0.000918281563174857,-0.000343558160294042
2.14035672612102,-0.000890240293113779,-0.000506499615337568,0.000829602960016009,-0.000109360018568212,-0.000918452426828768,-0.00034372806362911
2.15035839306551,-0.000890377474353212,-0.000506637571945729,0.000829464614630571,-0.000109498363953639,-0.000918590383436907,-0.000343865244868543
2.16036006001,-0.0008904821465343,-0.000506742835749521,0.000829359054181511,-0.000109603924402691,-0.000918695647240682,-0.000343969917049631
2.17036172695449,-0.000890555002781123,-0.000506816103790665,0.000829285579662766,-0.00010967739892143,-0.000918768915281815,-0.000344042773296454
2.18036339389898,-0.000890597235346963,-0.000506858575061236,0.000829242988703365,-0.000109719989880828,-0.000918811386552379,-0.000344085005862294
2.19036506084347,-0.000890610540200788,-0.00050687195511607,0.000829229570942028,-0.000109733407642164,-0.000918824766607211,-0.000344098310716119
2.20036672778796,-0.000890597104451904,-0.000506858443426339,0.000829243120709224,-0.000109719857874968,-0.000918811254917482,-0.000344084874967235
2.21036839473246,-0.000890559574475516,-0.000506820701324953,0.000829280969172107,-0.000109682009412088,-0.000918773512816102,-0.000344047344990847
2.22037006167695,-0.000890501003508505,-0.000506761799306143,0.000829340037183448,-0.000109622941400752,-0.000918714610797301,-0.000343988774023836
2.23037172862144,-0.000890424778716166,-0.000506685143679964,0.000829416908833825,-0.000109546069750381,-0.000918637955171134,-0.000343912549231497
2.24037339556593,-0.000890334529226231,-0.000506594384086516,0.000829507924198041,-0.000109455054386172,-0.0009185471955777,-0.000343822299741562
2.25037506251042,-0.00089023401827377,-0.000506493305031232,0.0008296092881055,-0.000109353690478722,-0.000918446116522432,-0.000343721788789101
2.26037672945491,-0.000890127024238785,-0.000506385706250081,0.000829717190112149,-0.000109245788472081,-0.000918338517741297,-0.000343614794754117
2.2703783963994,-0.000890017216792575,-0.000506275278155885,0.000829827929405165,-0.000109135049179073,-0.000918228089647118,-0.000343504987307906
2.28038006334389,-0.00088990803539294,-0.000506165479646773,0.000829938037338856,-0.000109024941245391,-0.000918118291138024,-0.000343395805908271
2.29038173028838,-0.000889802577796387,-0.000506059425988232,0.000830044389868565,-0.00010891858871569,-0.000918012237479499,-0.000343290348311718
2.30038339723287,-0.000889703505956382,-0.000505959794179481,0.000830144302450987,-0.000108818676133276,-0.000917912605670763,-0.000343191276471713
2.31038506417736,-0.000889612975605581,-0.0005058687521377,0.000830235601059507,-0.000108727377524762,-0.000917821563628996,-0.000343100746120912
2.32038673112185,-0.000889532594038447,-0.000505787916242017,0.000830316664759858,-0.000108646313824418,-0.000917740727733326,-0.000343020364553778
2.33038839806634,-0.000889463408290698,-0.000505718339446152,0.000830386437630979,-0.000108576540953302,-0.000917671150937472,-0.000342951178806029
2.34039006501084,-0.000889405923318417,-0.000505660529560275,0.000830444410431633,-0.000108518568152653,-0.000917613341051604,-0.000342893693833748
2.35039173195533,-0.000889360147232218,-0.000505614494740842,0.000830490574982377,-0.000108472403601912,-0.000917567306232179,-0.000342847917747549
2.36039339889982,-0.000889325658463338,-0.000505579811036322,0.000830525356429488,-0.000108437622154805,-0.000917532622527664,-0.00034281342897867
2.37039506584431,-0.000889301688198401,-0.000505555705287889,0.000830549530110638,-0.000108413448473656,-0.000917508516779235,-0.000342789458713732
2.3803967327888,-0.000889287210686018,-0.000505541145946456,0.000830564130481936,-0.00010839884810236,-0.000917493957437805,-0.000342774981201349
2.39039839973329,-0.000889281034130494,-0.000505534934480124,0.000830570359452881,-0.000108392619131416,-0.000917487745971474,-0.000342768804645825
2.40040006667778,-0.00088928188575452,-0.000505535790917655,0.000830569500601812,-0.000108393477982484,-0.000917488602409005,-0.000342769656269851
2.41040173362227,-0.000889288486038167,-0.000505542428507086,0.000830562844306906,-0.00010840013427739,-0.000917495239998434,-0.000342776256553499
2.42040340056676,-0.000889299608870307,-0.000505553614207124,0.000830551627084305,-0.00010841135149999,-0.00091750642569847,-0.000342787379385638
2.43040506751125,-0.000889314126117952,-0.000505568213508407,0.000830536986640544,-0.00010842599194375,-0.000917521024999751,-0.000342801896633283
2.44040673445574,-0.000889331036705468,-0.000505585219677075,0.000830519932546576,-0.000108443046037716,-0.000917538031168415,-0.000342818807220799
2.45040840140023,-0.000889349481545553,-0.000505603768770134,0.000830501331180081,-0.000108461647404209,-0.00091755658026147,-0.000342837252060884
2.46041006834472,-0.000889368746505032,-0.000505623142618023,0.000830481902734504,-0.000108481075849784,-0.000917575954109356,-0.000342856517020363
2.47041173528921,-0.000889388256022297,-0.000505642762405976,0.000830462227655776,-0.00010850075092851,-0.000917595573897305,-0.000342876026537628
2.48041340223371,-0.000889407560075581,-0.000505662175568636,0.000830442759784636,-0.000108520218799648,-0.000917614987059961,-0.000342895330590912
2.4904150691782,-0.000889426317018643,-0.000505681038528725,0.000830423843666599,-0.000108539134917683,-0.000917633850020046,-0.000342914087533974
2.50041673612269,-0.000889444274447383,-0.000505699097455518,0.000830405733847714,-0.000108557244736566,-0.000917651908946835,-0.000342932044962714
2.51041840306718,-0.000889461249823736,-0.000505716168779218,0.000830388614415099,-0.000108574364169179,-0.000917668980270531,-0.000342949020339067
2.52042007001167,-0.000889477112130506,-0.000505732120742101,0.000830372617497786,-0.00010859036108649,-0.000917684932233411,-0.000342964882645837
2.53042173695616,-0.000889491765410377,-0.000505746856844485,0.000830357839867404,-0.000108605138716871,-0.000917699668335792,-0.000342979535925708
2.54042340390065,-0.000889505134682272,-0.00050576030168149,0.000830344357141333,-0.00010861862144294,-0.000917713113172794,-0.000342992905197603
2.55042507084514,-0.000889517154440724,-0.000505772389377402,0.000830332235380932,-0.00010863074320334,-0.000917725200868703,-0.000343004924956055
2.56042673778963,-0.000889527759729569,-0.000505783054608913,0.000830321540093595,-0.000108641438490675,-0.000917735866100211,-0.0003430155302449
2.57042840473412,-0.000889536879633371,-0.000505792226059767,0.00083031234279656,-0.00010865063578771,-0.000917745037551062,-0.000343024650148703
2.58043007167861,-0.000889544432938083,-0.000505799822056877,0.000830304725393072,-0.000108658253191196,-0.000917752633548172,-0.000343032203453414
2.5904317386231,-0.000889550325664491,-0.000505805748089851,0.00083029878265987,-0.000108664195924398,-0.000917758559581143,-0.000343038096179823
2.60043340556759,-0.000889554450162723,-0.000505809895900358,0.000830294623160365,-0.000108668355423902,-0.00091776270739165,-0.000343042220678054
2.61043507251209,-0.000889556685463028,-0.000505812143834913,0.000830292368890877,-0.000108670609693389,-0.000917764955326204,-0.000343044455978359
2.62043673945658,-0.000889556898599139,-0.000505812358175701,0.000830292153946053,-0.000108670824638214,-0.000917765169666991,-0.00034304466911447
2.63043840640107,-0.000889554946648998,-0.000505810395192847,0.000830294122460813,-0.000108668856123454,-0.000917763206684139,-0.000343042717164329
2.64044007334556,-0.000889550679269091,-0.000505806103693076,0.000830298426054515,-0.000108664552529753,-0.000917758915184369,-0.000343038449784422
2.65044174029005,-0.000889543941529757,-0.000505799327871038,0.000830305220971583,-0.000108657757612686,-0.000917752139362333,-0.000343031712045088
2.66044340723454,-0.000889534576887856,-0.000505789910298791,0.000830314665083611,-0.000108648313500659,-0.000917742721790088,-0.000343022347403187
2.67044507417903,-0.000889522430159211,-0.000505777694915032,0.000830326914891698,-0.000108636063692574,-0.000917730506406333,-0.000343010200674542
2.68044674112352,-0.00088950735037598,-0.000505762529898627,0.000830342122644829,-0.000108620855939445,-0.000917715341389932,-0.000342995120891311
2.69044840806801,-0.000889489193433945,-0.000505744270330859,0.000830360433670117,-0.00010860254491416,-0.00091769708182217,-0.000342976963949276
2.7004500750125,-0.000889467824452075,-0.000505722780568329,0.000830381983993219,-0.000108580994591061,-0.000917675592059647,-0.000342955594967406
2.71045174195699,-0.000889443119782273,-0.000505697936264065,0.000830406898311533,-0.000108556080272751,-0.00091765074775539,-0.000342930890297604
2.72045340890148,-0.000889414968621659,-0.00050566962598891,0.000830435288368234,-0.000108527690216055,-0.000917622437480245,-0.00034290273913699
2.73045507584597,-0.000889383274193583,-0.00050563775241922,0.000830467251761236,-0.000108495726823058,-0.000917590563910565,-0.000342871044708915
2.74045674279047,-0.00088934795447733,-0.000505602233070685,0.000830502871207299,-0.000108460107377001,-0.000917555044562042,-0.000342835724992662
2.75045840973496,-0.000889308942480409,-0.000505563000572163,0.000830542214267424,-0.000108420764316883,-0.000917515812063534,-0.000342796712995741
2.76046007667945,-0.000889266186061652,-0.000505520002487776,0.000830585333525258,-0.000108377645059056,-0.000917472813979162,-0.000342753956576983
2.77046174362394,-0.00088921964732799,-0.000505473200710279,0.000830632267195439,-0.000108330711388884,-0.000917426012201682,-0.000342707417843321
2.78046341056843,-0.000889169301642694,-0.000505422570463691,0.000830683040123768,-0.000108279938460564,-0.000917375381955113,-0.000342657072158025
2.79046507751292,-0.000889115136297726,-0.000505368098968147,0.000830737665126125,-0.000108225313458217,-0.000917320910459589,-0.000342602906813057
2.80046674445741,-0.00088905714891742,-0.000505309783834554,0.000830796144598336,-0.000108166833986018,-0.000917262595326019,-0.000342544919432752
2.8104684114019,-0.000888995345674501,-0.000505247631270525,0.000830858472315295,-0.000108104506269071,-0.000917200442762014,-0.000342483116189832
2.82047007834639,-0.000888929739412074,-0.000505181654191757,0.000830924635324907,-0.000108038343259473,-0.000917134465683273,-0.000342417509927405
2.83047174529088,-0.000888860347776201,-0.000505111870344048,0.000830994615831362,-0.000107968362753032,-0.000917064681835593,-0.000342348118291532
2.84047341223537,-0.000888787191472389,-0.000505038300549939,0.000831068392953442,-0.000107894585630968,-0.000916991112041515,-0.00034227496198772
2.85047507917986,-0.000888710292765338,-0.000504960967199971,0.000831145944237504,-0.000107817034346922,-0.00091691377869158,-0.000342198063280669
2.86047674612435,-0.000888629674343802,-0.000504879893111138,0.000831227246802255,-0.00010773573178219,-0.000916832704602784,-0.000342117444859133
2.87047841306884,-0.000888545358670921,-0.000504795100873546,0.000831312277993927,-0.000107650700590537,-0.00091674791236523,-0.000342033129186252
2.88048008001334,-0.000888457367933963,-0.000504706612799868,0.000831401015436967,-0.000107561963147517,-0.000916659424291593,-0.000341945138449293
2.89048174695783,-0.000888365724695414,-0.000504614451580118,0.000831493436377419,-0.000107469542207088,-0.000916567263071887,-0.000341853495210745
2.90048341390232,-0.000888270453329003,-0.000504518641725786,0.000831589516234715,-0.000107373462349815,-0.000916471453217602,-0.000341758223844334
2.91048508084681,-0.000888171582298795,-0.000504419211861823,0.000831689226303238,-0.000107273752281317,-0.000916372023353688,-0.000341659352814126
2.9204867477913,-0.000888069147306683,-0.000504316197891913,0.000831792530578121,-0.00010717044800646,-0.000916269009383831,-0.000341556917822014
2.93048841473579,-0.0008879631952931,-0.000504209647021803,0.000831899381720587,-0.000107063596864022,-0.000916162458513776,-0.000341450965808431
2.94049008168028,-0.000887853789228173,-0.000504099622577537,0.000832009716226133,-0.000106953262358506,-0.000916052434069569,-0.000341341559743504
2.95049174862477,-0.000887741013576847,-0.000503986209501467,0.000832123448913028,-0.000106839529671642,-0.000915939020993561,-0.000341228784092178
2.96049341556926,-0.000887624980263594,-0.000503869520350681,0.000832240466906986,-0.000106722511677717,-0.00091582233184284,-0.000341112750778925
2.97049508251375,-0.000887505834903077,-0.000503749701562878,0.000832360623357631,-0.000106602355227105,-0.000915702513055105,-0.000340993605418408
2.98049674945824,-0.00088738376300628,-0.000503626939697574,0.0008324837311797,-0.000106479247405072,-0.000915579751189873,-0.000340871533521611
2.99049841640273,-0.000887258995821723,-0.000503501467310343,0.000832609557162253,-0.000106353421422557,-0.000915454278802716,-0.000340746766337054
3.00050008334722,-0.000887131815433688,-0.000503373568079849,0.000832737816827185,-0.000106225161757663,-0.000915326379572299,-0.000340619585949019
3.01050175029172,-0.000887002558719149,-0.000503243580787143,0.000832868170438724,-0.000106094808146166,-0.000915196392279674,-0.00034049032923448
3.02050341723621,-0.000886871619767449,-0.000503111901749021,0.000833000220563207,-0.000105962758021724,-0.000915064713241635,-0.000340359390282779
3.0305050841807,-0.000886739450395656,-0.000502978985336289,0.000833133511549362,-0.000105829467035612,-0.000914931796828987,-0.000340227220910986
3.04050675112519,-0.000886606558450325,-0.000502845342265924,0.00083326753124095,-0.000105695447344067,-0.00091479815375871,-0.000340094328965656
3.05050841806968,-0.000886473503673168,-0.000502711535443384,0.000833401715146188,-0.000105561263438875,-0.000914664346936259,-0.000339961274188499
3.06051008501417,-0.000886340891021223,-0.000502578173245011,0.000833535453174255,-0.000105427525410853,-0.000914530984737977,-0.000339828661536554
3.07051175195866,-0.00088620936146592,-0.000502445900265103,0.000833668098914317,-0.000105294879670837,-0.00091439871175816,-0.000339697131981251
3.08051341890315,-0.000886079580441637,-0.000502315385699171,0.000833798981284994,-0.000105163997300205,-0.00091426819719232,-0.000339567350956968
3.09051508584764,-0.000885952224262388,-0.000502187309683858,0.000833927418232942,-0.000105035560352304,-0.000914140121177098,-0.000339439994777719
3.10051675279213,-0.000885827964963415,-0.000502062348052848,0.000834052732019901,-0.00010491024656539,-0.000914015159546177,-0.000339315735478746
3.11051841973662,-0.000885707454140727,-0.000501941156085068,0.000834174265520294,-0.000104788713065041,-0.000913893967578486,-0.000339195224656058
3.12052008668111,-0.000885591306445535,-0.000501824351905828,0.000834291398866864,-0.000104671579718515,-0.000913777163399333,-0.000339079076960866
3.1305217536256,-0.000885480083433785,-0.000501712500245074,0.000834403565738193,-0.000104559412847227,-0.000913665311738662,-0.000338967853949116
3.1405234205701,-0.000885374278469193,-0.000501606097255084,0.00083451026858379,-0.000104452710001672,-0.000913558908748754,-0.000338862048984523
3.15052508751459,-0.000885274303330716,-0.000501505557042255,0.00083461109213026,-0.00010435188645524,-0.000913458368536001,-0.000338762073846046
3.16052675445908,-0.000885180477086151,-0.0005014112004778,0.000834705714602138,-0.000104257263983399,-0.00091336401197162,-0.000338668247601482
3.17052842140357,-0.000885093017670013,-0.000501323246728032,0.000834793916215476,-0.000104169062370096,-0.000913276058221922,-0.000338580788185344
3.18053008834806,-0.000885012036456521,-0.000501241807796675,0.000834875584650912,-0.000104087393934693,-0.000913194619290629,-0.000338499806971851
3.19053175529255,-0.000884937535959528,-0.00050116688621179,0.000834950717373258,-0.000104012261212377,-0.000913119697705805,-0.000338425306474858
3.20053342223704,-0.000884869410632971,-0.000501098375830753,0.000835019420824263,-0.0001039435577614,-0.000913051187324824,-0.000338357181148302
3.21053508918153,-0.000884807450599367,-0.000501036065589822,0.000835081906662469,-0.00010388107192322,-0.000912988877083944,-0.000338295221114698
3.22053675612602,-0.000884751348009405,-0.000500979645899675,0.000835138485349655,-0.000103824493236057,-0.000912932457393843,-0.000338239118524735
3.23053842307051,-0.000884700705639358,-0.000500928717291418,0.000835189557480463,-0.00010377342110527,-0.000912881528785629,-0.000338188476154688
3.240540090015,-0.000884655047268359,-0.000500882800852514,0.000835235603317062,-0.000103727375268691,-0.000912835612346764,-0.00033814281778369
3.25054175695949,-0.000884613829344986,-0.000500841349959305,0.000835277171023554,-0.000103685807562217,-0.000912794161453591,-0.000338101599860317
3.26054342390398,-0.000884576453449935,-0.000500803762810135,0.000835314864097542,-0.000103648114488245,-0.000912756574304453,-0.000338064223965266
3.27054509084847,-0.000884542279084605,-0.000500769395286206,0.000835349328473022,-0.00010361365011278,-0.000912722206780554,-0.000338030049599935
3.28054675779297,-0.000884510636358675,-0.000500737573710881,0.000835381239725129,-0.000103581738860687,-0.000912690385205257,-0.000337998406874005
3.29054842473746,-0.000884480838207255,-0.000500707607135876,0.000835411290749316,-0.000103551687836514,-0.000912660418630278,-0.000337968608722586
3.30055009168195,-0.000884452191833843,-0.000500678798848898,0.000835440180221289,-0.000103522798364553,-0.000912631610343326,-0.000337939962349173
3.31055175862644,-0.000884424009143846,-0.000500650456866144,0.000835468602074941,-0.000103494376510914,-0.000912603268360598,-0.000337911779659177
3.32055342557093,-0.00088439561600031,-0.000500621903240336,0.000835497236168082,-0.000103465742417787,-0.000912574714734816,-0.000337883386515641
3.33055509251542,-0.000884366360195272,-0.000500592482077134,0.000835526740243433,-0.000103436238342449,-0.000912545293571641,-0.000337854130710603
3.34055675945991,-0.000884335618084713,-0.000500561566207591,0.000835557743237376,-0.00010340523534852,-0.000912514377702127,-0.000337823388600044
3.3505584264044,-0.000884302799881004,-0.00050052856251051,0.00083559083994259,-0.000103372138643322,-0.000912481374005077,-0.000337790570396335
3.36056009334889,-0.000884267353633823,-0.000500492915915865,0.000835626586993352,-0.000103336391592578,-0.000912445727410466,-0.000337755124149154
3.37056176029338,-0.000884228767959046,-0.00050045411214911,0.000835665500113488,-0.00010329747847246,-0.000912406923643749,-0.000337716538474376
3.38056342723787,-0.000884186573595944,-0.000500411679297188,0.000835708052545963,-0.000103254926040006,-0.000912364490791868,-0.000337674344111275
3.39056509418236,-0.000884140343887359,-0.000500365188291409,0.000835754674568629,-0.000103208304017363,-0.000912317999786135,-0.00033762811440269
3.40056676112685,-0.000884089694286568,-0.000500314252411534,0.000835805753991545,-0.000103157224594473,-0.000912267063906312,-0.000337577464801899
3.41056842807135,-0.000884034280999773,-0.000500258525920593,0.00083586163752601,-0.000103101341060037,-0.000912211337415427,-0.000337522051515103
3.42057009501584,-0.000883973798875548,-0.000500197701942399,0.00083592263291302,-0.000103040345673058,-0.000912150513437296,-0.000337461569390879
3.43057176196033,-0.00088390797865342,-0.000500131509694576,0.000835989011698046,-0.000102973966888067,-0.000912084321189542,-0.000337395749168751
3.44057342890482,-0.000883836583683688,-0.000500059711189845,0.000836061012539043,-0.000102901966047109,-0.000912012522684887,-0.000337324354199018
3.45057509584931,-0.000883759406230399,-0.000499982097518099,0.000836138844934849,-0.000102824133651344,-0.000911934909013225,-0.00033724717674573
3.4605767627938,-0.00088367626346935,-0.000499898484821785,0.00083622269326115,-0.00010274028532509,-0.000911851296317002,-0.000337164033984681
3.47057842973829,-0.000883586993293318,-0.000499808710077424,0.000836312721000841,-0.000102650257585448,-0.000911761521572741,-0.000337074763808649
3.48058009668278,-0.00088349145003746,-0.000499712626796855,0.000836409075054905,-0.000102553903531439,-0.000911665438292281,-0.000336979220552791
3.49058176362727,-0.000883389500238739,-0.000499610100762689,0.00083651189001897,-0.000102451088567433,-0.000911562912258233,-0.000336877270754071
3.50058343057176,-0.000883281018544051,-0.000499501005913305,0.000836621292309914,-0.000102341686276554,-0.000911453817408976,-0.000336768789059382
3.51058509751625,-0.000883165883882063,-0.000499385220493058,0.0008367374040265,-0.000102225574560036,-0.000911338031988867,-0.000336653654397394
3.52058676446074,-0.000883043976013195,-0.000499262623582756,0.000836860346428687,-0.000102102632157924,-0.000911215435078714,-0.000336531746528526
3.53058843140523,-0.000882915172570067,-0.00049913309212338,0.000836990242922286,-0.000101972735664405,-0.000911085903619496,-0.000336402943085398
3.54059009834973,-0.000882779346696785,-0.000498996498542027,0.000837127221439716,-0.000101835757147061,-0.000910949310038314,-0.000336267117212116
3.55059176529422,-0.000882636365389009,-0.000498852709082596,0.000837271416114017,-0.000101691562472852,-0.000910805520579066,-0.00033612413590434
3.56059343223871,-0.000882486088627497,-0.000498701582934436,0.000837422968152659,-0.000101540010434308,-0.000910654394431103,-0.000335973859142828
3.5705950991832,-0.000882328369385425,-0.000498542972239705,0.000837582025830166,-0.000101380952756907,-0.000910495783736582,-0.000335816139900756
3.58059676612769,-0.000882163054573901,-0.00049837672304423,0.00083774874353457,-0.000101214235052615,-0.000910329534541331,-0.000335650825089232
3.59059843307218,-0.000881989986970741,-0.000498202677237183,0.000837923279822274,-0.000101039698765031,-0.000910155488734522,-0.000335477757486072
3.60060010001667,-0.000881809008154617,-0.000498020675501814,0.000838105794458998,-0.000100857184128434,-0.000909973486999407,-0.000335296778669948
3.61060176696116,-0.000881619962440424,-0.000497830561273065,0.000838296444451021,-0.000100666534136548,-0.000909783372770929,-0.000335107732955755
3.62060343390565,-0.000881422701782427,-0.000497632185668421,0.000838495379100423,-0.00010046759948729,-0.000909584997166572,-0.000334910472297758
3.63060510085014,-0.000881217091579956,-0.00049742541332643,0.000838702734150119,-0.000100260244437747,-0.000909378224824888,-0.000334704862095287
3.64060676779463,-0.000881003017286977,-0.000497210129053627,0.000838918625118206,-0.000100044353469823,-0.000909162940552408,-0.000334490787802308
3.65060843473912,-0.00088078039169253,-0.000496986245146123,0.000839143139955729,-9.98198386324729e-05,-0.000908939056645247,-0.000334268162207862
3.66061010168361,-0.000880549162705142,-0.000496753709218013,0.000839376331196222,-9.9586647392162e-05,-0.0009087065207175,-0.000334036933220473
3.6706117686281,-0.000880309321441993,-0.000496512512336272,0.000839618207797886,-9.93447707906907e-05,-0.000908465323836143,-0.000333797091957324
3.6806134355726,-0.00088006091039454,-0.000496262697232525,0.000839868726908673,-9.90942516801069e-05,-0.0009082155087328,-0.000333548680909871
3.69061510251709,-0.000879804031417822,-0.000496004366337509,0.000840127785809183,-9.88351927798112e-05,-0.000907957177838211,-0.000333291801933153
3.70061676946158,-0.000879538853272588,-0.000495737689365835,0.000840395214306531,-9.85677642826877e-05,-0.000907690500866984,-0.000333026623787919
3.71061843640607,-0.000879265618439143,-0.000495462910168343,0.000840670767862679,-9.82922107267755e-05,-0.000907415721669961,-0.000332753388954474
3.72062010335056,-0.0008789846489209,-0.000495180352568455,0.000840954121741632,-9.80088568480692e-05,-0.000907133164070564,-0.000332472419436231
3.73062177029505,-0.000878696350765161,-0.000494890424908515,0.000841244866450293,-9.77181121396659e-05,-0.000906843236411136,-0.000332184121280492
3.74062343723954,-0.000878401217049486,-0.000494593623053029,0.000841542504726752,-9.74204738634742e-05,-0.000906546434556184,-0.000331888987564817
3.75062510418403,-0.000878099829114399,-0.000494290531628345,0.00084184645029712,-9.71165282933847e-05,-0.000906243343132054,-0.00033158759962973
3.76062677112852,-0.00087779285586693,-0.000493981823322256,0.000842156028577894,-9.68069500128982e-05,-0.000905934634826537,-0.000331280626382261
3.77062843807301,-0.000877481051033599,-0.000493668256121455,0.000842470479446288,-9.64924991448017e-05,-0.000905621067626328,-0.000330968821548931
3.7806301050175,-0.000877165248304427,-0.000493350668428104,0.00084278896213743,-9.61740164539656e-05,-0.000905303479933586,-0.000330653018819758
3.79063177196199,-0.000876846354379026,-0.000493029972066617,0.000843110562257281,-9.58524163344278e-05,-0.000904982783572723,-0.000330334124894357
3.80063343890648,-0.000876525339999079,-0.000492707143265454,0.000843434300826261,-9.55286777657674e-05,-0.000904659954772196,-0.00033001311051441
3.81063510585098,-0.000876203229125093,-0.000492383211772699,0.000843759145194339,-9.52038333980156e-05,-0.00090433602328009,-0.000329690999640424
3.82063677279547,-0.000875881086485801,-0.000492059248335091,0.000844084021597292,-9.48789569953933e-05,-0.00090401205984314,-0.000329368857001132
3.83063843973996,-0.000875560003792169,-0.000491736350834109,0.000844407829059687,-9.45551495333324e-05,-0.000903689162342823,-0.0003290477743075
3.84064010668445,-0.00087524108496138,-0.000491415629426443,0.000844729454296289,-9.42335242970669e-05,-0.000903368440935827,-0.000328728855476711
3.85064177362894,-0.000874925430736274,-0.000491098191076494,0.000845047787223147,-9.39151913705464e-05,-0.000903051002586549,-0.000328413201251605
3.86064344057343,-0.000874614123110281,-0.000490785123893281,0.000845361736664827,-9.36012419292026e-05,-0.000902737935404007,-0.000328101893625612
3.87064510751792,-0.000874308209975482,-0.00049047748169173,0.000845670245836638,-9.32927327577274e-05,-0.000902430293203122,-0.000327795980490813
3.88064677446241,-0.000874008690401522,-0.000490176269188373,0.000845972307190639,-9.2990671404058e-05,-0.000902129080700427,-0.000327496460916853
3.8906484414069,-0.000873716500926356,-0.000489882428214622,0.000846266976241236,-9.26960023537893e-05,-0.000901835239727329,-0.000327204271441687
3.90065010835139,-0.000873432503197826,-0.000489596825288479,0.00084655338402848,-9.24095945668674e-05,-0.000901549636801827,-0.000326920273713157
3.91065177529588,-0.000873157473250197,-0.000489320240830471,0.000846830747932531,-9.21322306631321e-05,-0.000901273052344448,-0.000326645243765528
3.92065344224037,-0.000872892092635363,-0.000489053360244726,0.000847098380617717,-9.18645979782542e-05,-0.000901006171759316,-0.000326379863150694
3.93065510918486,-0.000872636941557841,-0.000488796767015166,0.000847355696955793,-9.16072816404776e-05,-0.000900749578530352,-0.000326124712073172
3.94065677612935,-0.000872392494089867,-0.00048855093789355,0.000847602218851458,-9.13607597451024e-05,-0.000900503749409313,-0.000325880264605198
3.95065844307385,-0.000872159115471356,-0.000488316240184189,0.000847837577965299,-9.11254006315411e-05,-0.000900269051700508,-0.000325646885986687
3.96066011001834,-0.000871937061432713,-0.000488092931062911,0.000848061516396736,-9.09014622003727e-05,-0.000900045742579765,-0.000325424831948044
3.97066177696283,-0.000871726479419013,-0.000487881158808173,0.000848273885449446,-9.06890931479192e-05,-0.000899833970325539,-0.000325214249934344
3.98066344390732,-0.000871527411544267,-0.000487680965772024,0.000848474642652031,-9.04883359455803e-05,-0.000899633777289879,-0.000325015182059598
3.99066511085181,-0.000871339799065503,-0.000487492292879465,0.000848663847245967,-9.02991313518781e-05,-0.000899445104397785,-0.000324827569580833
4.0006667777963,-0.000871163488138927,-0.000487314985417156,0.000848841654380594,-9.01213242174726e-05,-0.000899267796935918,-0.000324651258654258
4.01066844474079,-0.000870998236604468,-0.0004871487998563,0.000849008308271001,-8.99546703272754e-05,-0.00089910161137548,-0.000324486007119798
4.02067011168528,-0.000870843721539735,-0.000486993411449303,0.000849164134579959,-8.97988440185164e-05,-0.000898946222968877,-0.000324331492055066
4.03067177862977,-0.000870699547328913,-0.000486848422344267,0.000849309532280554,-8.96534463181073e-05,-0.000898801233864213,-0.000324187317844243
4.04067344557426,-0.000870565254004764,-0.000486713369974153,0.000849444965243393,-8.95180133554445e-05,-0.000898666181494449,-0.000324053024520095
4.05067511251875,-0.000870440325641294,-0.000486587735496876,0.000849570953772716,-8.93920248262858e-05,-0.0008985405470175,-0.000323928096156625
4.06067677946324,-0.000870324198598891,-0.000486470952087048,0.00084968806629129,-8.92749123078674e-05,-0.00089842376360798,-0.000323811969114221
4.07067844640773,-0.000870216269451521,-0.000486362412907982,0.000849796911345933,-8.91660672533695e-05,-0.000898315224429204,-0.000323704039966852
4.08068011335223,-0.000870115902455185,-0.000486261478622357,0.000849898130075692,-8.90648485237469e-05,-0.000898214290143851,-0.000323603672970516
4.09068178029672,-0.000870022436447134,-0.000486167484330436,0.000849992389254067,-8.89705893455005e-05,-0.000898120295852185,-0.000323510206962465
4.10068344724121,-0.000869935191095293,-0.000486079745854803,0.00085008037498656,-8.88826036131279e-05,-0.000898032557376793,-0.000323422961610624
4.1106851141857,-0.00086985347244595,-0.000485997565319418,0.000850162787115908,-8.8800191483895e-05,-0.000897950376841635,-0.000323341242961281
4.12068678113019,-0.000869776577744585,-0.000485920235997685,0.000850240334360338,-8.87226442395741e-05,-0.000897873047520119,-0.000323264348259916
4.13068844807468,-0.000869703799529145,-0.000485847046428871,0.00085031373018556,-8.86492484144558e-05,-0.000897799857951513,-0.000323191570044476
4.14069011501917,-0.000869634429016907,-0.000485777283824107,0.000850383689389164,-8.85792892109525e-05,-0.000897730095346948,-0.000323122199532237
4.15069178196366,-0.000869567758825117,-0.000485710236802407,0.000850450925356886,-8.85120532433279e-05,-0.000897663048325442,-0.000323055529340448
4.16069344890815,-0.000869503085081812,-0.000485645197513414,0.000850516147933883,-8.84468306664262e-05,-0.00089759800903664,-0.000322990855597142
4.17069511585264,-0.000869439708996571,-0.000485581463217044,0.000850580061840643,-8.83829167597613e-05,-0.000897534274740458,-0.000322927479511902
4.18069678279713,-0.000869376937971577,-0.000485518337400811,0.000850643365552499,-8.83196130479998e-05,-0.000897471148924414,-0.000322864708486908
4.19069844974162,-0.00086931408634121,-0.000485455130523609,0.000850706750553763,-8.82562280468322e-05,-0.000897407942047404,-0.000322801856856541
4.20070011668611,-0.000869250475833709,-0.000485391160479985,0.000850770900872137,-8.81920777285571e-05,-0.000897343972003976,-0.000322738246349039
4.21070178363061,-0.000869185435851243,-0.000485325752881788,0.000850836492796272,-8.81264858045236e-05,-0.000897278564405983,-0.000322673206366574
4.2207034505751,-0.000869118303665103,-0.000485258241254468,0.000850904194678921,-8.80587839219813e-05,-0.000897211052778874,-0.000322606074180434
4.23070511751959,-0.000869048424620866,-0.000485187967243394,0.000850974666730029,-8.7988311870986e-05,-0.000897140778768024,-0.000322536195136196
4.24070678446408,-0.000868975152444298,-0.000485114280921496,0.000851048560708235,-8.79144178928993e-05,-0.000897067092446363,-0.000322462922959628
4.25070845140857,-0.000868897849732616,-0.000485036541283293,0.000851126519425443,-8.78364591758184e-05,-0.000896989352808415,-0.000322385620247947
4.26071011835306,-0.000868815888707599,-0.000484954117002269,0.000851209175987321,-8.77538026140773e-05,-0.000896906928527662,-0.00032230365922293
4.27071178529755,-0.000868728652297077,-0.000484866387518466,0.000851297152702631,-8.7665825898915e-05,-0.000896819199044154,-0.000322216422812408
4.28071345224204,-0.000868635535599671,-0.000484772744511514,0.000851391059606061,-8.75719189956454e-05,-0.00089672555603752,-0.000322123306115002
4.29071511918653,-0.000868535947774462,-0.000484672593800972,0.000851491492552516,-8.74714860493629e-05,-0.000896625405327323,-0.000322023718289793
4.30071678613102,-0.000868429314382763,-0.000484565357701336,0.000851599030855483,-8.73639477465841e-05,-0.000896518169228062,-0.000321917084898093
4.31071845307551,-0.000868315080193546,-0.000484450477843333,0.000851714234457784,-8.72487441444881e-05,-0.000896403289370465,-0.000321802850708877
4.32072012002,-0.000868192712447694,-0.000484327418456608,0.000851837640639631,-8.71253379628623e-05,-0.000896280229984181,-0.000321680482963025
4.33072178696449,-0.000868061704559281,-0.000484195670091936,0.000851969760285936,-8.69932183167982e-05,-0.000896148481619989,-0.000321549475074612
4.34072345390898,-0.00086792158021507,-0.000484054753743885,0.000852111073752022,-8.68519048509736e-05,-0.000896007565272458,-0.000321409350730401
4.35072512085348,-0.000867771897816555,-0.000483904225317968,0.000852262026383882,-8.67009522193965e-05,-0.000895857036847104,-0.000321259668331886
4.36072678779797,-0.000867612255192774,-0.000483743680370092,0.000852423023765379,-8.65399548382049e-05,-0.000895696491899836,-0.000321100025708105
4.37072845474246,-0.000867442294497047,-0.00048357275903097,0.00085259442677995,-8.63685518239647e-05,-0.000895525570561373,-0.000320930065012378
4.38073012168695,-0.0008672617071874,-0.000483391151014707,0.000852776546587912,-8.61864320163587e-05,-0.000895343962545818,-0.000320749477702732
4.39073178863144,-0.000867070238979042,-0.000483198600599251,0.000852969639631969,-8.59933389726846e-05,-0.000895151412131124,-0.000320558009494373
4.40073345557593,-0.000866867694648366,-0.000482994911457564,0.00085317390279243,-8.57890758126347e-05,-0.000894947722990254,-0.000320355465163697
4.41073512252042,-0.000866653942562072,-0.000482779951212332,0.000853389468819661,-8.55735097858422e-05,-0.000894732762745898,-0.000320141713077403
4.42073678946491,-0.000866428918802301,-0.000482553655584424,0.000853616402173943,-8.53465764320297e-05,-0.000894506467118923,-0.000319916689317632
4.4307384564094,-0.000866192630759703,-0.000482316032006261,0.000853854695401905,-8.51082832045666e-05,-0.000894268843541754,-0.000319680401275034
4.44074012335389,-0.00086594516007111,-0.000482067162576098,0.000854104266173932,-8.48587124330704e-05,-0.000894019974112646,-0.000319432930586441
4.45074179029838,-0.000865686664787165,-0.000481807206237904,0.000854364955098131,-8.45980235094324e-05,-0.00089376001777557,-0.000319174435302496
4.46074345724287,-0.000865417380667811,-0.000481536400084171,0.000854636524413858,-8.43264541942978e-05,-0.000893489211623017,-0.000318905151183142
4.47074512418736,-0.000865137621519742,-0.000481255059695277,0.000854918657651394,-8.4044320957386e-05,-0.000893207871235365,-0.000318625392035073
4.48074679113186,-0.000864847778509514,-0.000480963578448707,0.000855210960324671,-8.37520182847646e-05,-0.0008929163899901,-0.000318335549024845
4.49074845807635,-0.000864548318408393,-0.000480662425753991,0.000855512961701312,-8.34500169088099e-05,-0.000892615237296748,-0.000318036088923724
4.50075012502084,-0.000864239780749728,-0.000480352144193998,0.000855824117669386,-8.31388609414517e-05,-0.00089230495573818,-0.000317727551265059
4.51075179196533,-0.000863922773905736,-0.000480033345579557,0.000856143814693913,-8.28191639176695e-05,-0.000891986157125223,-0.000317410544421067
4.52075345890982,-0.000863597970117389,-0.000479706705951249,0.000856471374829156,-8.24916037831996e-05,-0.000891659517498453,-0.00031708574063272
4.53075512585431,-0.000863266099537554,-0.000479372959588871,0.000856806061726033,-8.21569168871217e-05,-0.000891325771137667,-0.000316753870052885
4.5407567927988,-0.000862927943372774,-0.000479032892114465,0.000857147087548533,-8.18158910654469e-05,-0.000890985703664903,-0.000316415713888105
4.55075845974329,-0.000862584326232188,-0.000478687332797985,0.000857493620689726,-8.14693579251018e-05,-0.000890640144350111,-0.000316072096747519
4.56076012668778,-0.000862236107812092,-0.000478337146194859,0.00085784479415777,-8.11181844579279e-05,-0.000890289957748716,-0.000315723878327423
4.57076179363227,-0.000861884174060959,-0.000477983223261074,0.000858199714485864,-8.07632641307229e-05,-0.000889936034816702,-0.00031537194457629
4.58076346057676,-0.000861529427981608,-0.000477626472103358,0.000858557471008135,-8.04055076093584e-05,-0.00088957928366079,-0.000315017198496939
4.59076512752125,-0.000861172780234351,-0.000477267808529212,0.000858917145336234,-8.0045833282182e-05,-0.00088922062008848,-0.000314660550749682
4.60076679446574,-0.000860815139707066,-0.000476908146563684,0.000859277820869287,-7.96851577500636e-05,-0.000888860958124813,-0.000314302910222397
4.61076846141023,-0.000860457404215303,-0.000476548389096915,0.00085963859217271,-7.93243864475858e-05,-0.000888501200659926,-0.000313945174730634
4.62077012835473,-0.000860100451487985,-0.000476189418818885,0.000859998574069003,-7.89644045522454e-05,-0.000888142230383793,-0.000313588222003316
4.63077179529922,-0.00085974513058239,-0.00047583208958587,0.000860356910295629,-7.86060683265789e-05,-0.000887784901152687,-0.000313232901097721
4.64077346224371,-0.000859392253856553,-0.000475477218347477,0.000860712781600725,-7.82501970224447e-05,-0.000887430029916209,-0.000312880024371885
4.6507751291882,-0.00085904258960878,-0.000475125577744549,0.000861065413166061,-7.7897565458072e-05,-0.000887078389315198,-0.000312530360124111
4.66077679613269,-0.000858696855473362,-0.000474777889467556,0.000861414081267362,-7.75488973577327e-05,-0.000886730701040119,-0.000312184625988693
4.67077846307718,-0.00085835571263982,-0.000474434818443161,0.000861758119104128,-7.72048595219251e-05,-0.000886387630017631,-0.000311843483155151
4.68078013002167,-0.000858019760940845,-0.000474096967894401,0.000862096921753372,-7.68660568736339e-05,-0.000886049779470768,-0.000311507531456176
4.69078179696616,-0.000857689534832477,-0.000473764875298144,0.000862429950223557,-7.65330284043936e-05,-0.000885717686876393,-0.000311177305347808
4.70078346391065,-0.000857365500269598,-0.000473439009242918,0.000862756734605621,-7.62062440232656e-05,-0.000885391820823031,-0.000310853270784929
4.71078513085514,-0.000857048052461196,-0.000473119767171493,0.000863076876336757,-7.58861022930559e-05,-0.000885072578753448,-0.000310535822976526
4.72078679779963,-0.000856737514473549,-0.000472807473976167,0.000863390049609081,-7.55729290216447e-05,-0.00088476028555994,-0.00031022528498888
4.73078846474412,-0.000856434136635771,-0.000472502381400953,0.000863696001969142,-7.52669766624843e-05,-0.000884455192986518,-0.000309921907151102
4.74079013168862,-0.000856138096691267,-0.000472204668193888,0.000863994554165168,-7.49684244673446e-05,-0.000884157479781217,-0.000309625867206598
4.75079179863311,-0.000855849500630634,-0.000471914440944644,0.000864285599307107,-7.46773793262774e-05,-0.000883867252533708,-0.000309337271145965
4.7607934655776,-0.00085556838413625,-0.000471631735537282,0.000864569101409772,-7.43938772244679e-05,-0.000883584547128051,-0.00030905615465158
4.77079513252209,-0.000855294714566147,-0.000471356519145339,0.000864845093392137,-7.41178852429437e-05,-0.00088330933073778,-0.000308782485081478
4.78079679946658,-0.000855028393404427,-0.000471088692696088,0.000865113674606125,-7.38493040297803e-05,-0.000883041504290171,-0.000308516163919758
4.79079846641107,-0.000854769259107144,-0.000470828093732513,0.000865375007966575,-7.358797067014e-05,-0.000882780905328207,-0.000308257029622475
4.80080013335556,-0.000854517090275984,-0.000470574499604924,0.000865629316750628,-7.33336618868804e-05,-0.000882527311202198,-0.000308004860791315
4.81080180030005,-0.00085427160909673,-0.000470327630928856,0.000865876881130087,-7.30860975082011e-05,-0.000882280442527681,-0.000307759379612061
4.82080346724454,-0.000854032484985179,-0.000470087155251596,0.000866118034494553,-7.28449441445e-05,-0.000882039966851944,-0.00030752025550051
4.83080513418903,-0.000853799338389476,-0.000469852690876002,0.000866353159616833,-7.26098190229716e-05,-0.000881805502477847,-0.000307287108904806
4.84080680113352,-0.000853571744704442,-0.000469623810796964,0.000866582684705385,-7.23802939351592e-05,-0.000881576622400282,-0.000307059515219772
4.85080846807801,-0.000853349238260206,-0.000469400046712576,0.000866807079381844,-7.21558992594295e-05,-0.000881352858317345,-0.000306837008775537
4.8608101350225,-0.000853131316353927,-0.000469180893078641,0.000867026850615084,-7.19361280269095e-05,-0.000881133704684843,-0.000306619086869257
4.87081180196699,-0.000852917443299573,-0.000468965811181351,0.00086724253863707,-7.17204400056363e-05,-0.000880918622788971,-0.000306405213814904
4.88081346891149,-0.000852707054476363,-0.000468754233208602,0.000867454712860063,-7.1508265783349e-05,-0.000880707044817628,-0.000306194824991693
4.89081513585598,-0.000852499560361433,-0.000468545566305459,0.00086766396780973,-7.12990108343836e-05,-0.000880498377915881,-0.000305987330876764
4.90081680280047,-0.000852294350536599,-0.00046833919660356,0.000867870919084382,-7.10920595604313e-05,-0.000880292008215375,-0.00030578212105193
4.91081846974496,-0.000852090797662507,-0.000468134493217734,0.000868076199347094,-7.08867792984186e-05,-0.000880087304830941,-0.000305578568177837
4.92082013668945,-0.000851888261416164,-0.000467930812205786,0.000868280454354762,-7.06825242914525e-05,-0.00087988362382039,-0.000305376031931495
4.93082180363394,-0.000851686092389657,-0.000467727500489251,0.000868484339026299,-7.04786396206213e-05,-0.00087968031210526,-0.000305173862904988
4.94082347057843,-0.000851483635948889,-0.000467523899733941,0.000868688513551152,-7.02744650964806e-05,-0.000879476711351368,-0.00030497140646422
4.95082513752292,-0.000851280236051444,-0.000467319350189387,0.000868893639539039,-7.0069339109315e-05,-0.000879272161808251,-0.000304768006566775
4.96082680446741,-0.000851075239022204,-0.000467113194485802,0.000869100376212289,-6.98626024367982e-05,-0.000879066006106125,-0.000304563009537535
4.9708284714119,-0.000850867997284248,-0.00046690478138606,0.000869309376643287,-6.96536020065471e-05,-0.000878857593007869,-0.000304355767799579
4.98083013835639,-0.00085065787304084,-0.000466693469488501,0.000869521284041232,-6.94416946093654e-05,-0.00087864628111183,-0.000304145643556171
4.99083180530088,-0.000850444241902193,-0.000466478630874192,0.000869736728094603,-6.92262505567762e-05,-0.000878431442499078,-0.000303932012417524
5.00083347224537,-0.00085022649644808,-0.000466259654689675,0.000869956321378312,-6.9006657273871e-05,-0.00087821246631616,-0.000303714266963411
5.01083513918987,-0.000850004049714593,-0.000466035950653432,0.000870180655837355,-6.8782322815656e-05,-0.000877988762281565,-0.000303491820229924
5.02083680613436,-0.000849776464698087,-0.000465807079291807,0.000870410172183873,-6.85528064699914e-05,-0.000877759890921638,-0.000303264235213418
5.03083847307885,-0.000849543944750996,-0.000465573245106611,0.000870644665339744,-6.83183133149986e-05,-0.000877526056738192,-0.000303031715266327
5.04084014002334,-0.000849303681124904,-0.000465331623473956,0.000870886967888964,-6.80760107666943e-05,-0.000877284435107358,-0.000302791451640235
5.05084180696783,-0.000849049781949948,-0.000465076289222233,0.000871143021700929,-6.78199569557042e-05,-0.000877029100857576,-0.000302537552465278
5.06084347391232,-0.000848776686041447,-0.000464801649734098,0.000871418435153599,-6.75445435040913e-05,-0.000876754461371545,-0.000302264456556778
5.07084514085681,-0.000848480788859157,-0.000464504080095897,0.000871716843376037,-6.72461352828072e-05,-0.000876456891735641,-0.000301968559374488
5.0808468078013,-0.00084816024807821,-0.000464181727569657,0.000872040104327435,-6.69228743326691e-05,-0.000876134539211909,-0.000301648018593541
5.09084847474579,-0.000847814536263406,-0.000463834061739037,0.000872388749918907,-6.65742287425651e-05,-0.000875786873384013,-0.000301302306778737
5.10085014169028,-0.000847444085190708,-0.000463461516820458,0.00087276234471036,-6.62006339525896e-05,-0.000875414328468375,-0.000300931855706039
5.11085180863477,-0.000847050042310178,-0.000463065246749546,0.000873159731514251,-6.58032471502824e-05,-0.000875018058400614,-0.000300537812825509
5.12085347557926,-0.000846634106383723,-0.000462646959889867,0.000873579197152653,-6.5383781513563e-05,-0.000874599771544285,-0.000300121876899054
5.13085514252375,-0.000846198410898678,-0.00046220880178755,0.000874018590033051,-6.49443886349394e-05,-0.0008741616134455,-0.000299686181414009
5.14085680946824,-0.000845745434053569,-0.000461753264648278,0.00087447541092645,-6.44875677433968e-05,-0.000873706076309923,-0.0002992332045689
5.15085847641274,-0.000845277922739608,-0.000461283110889108,0.000874946889630995,-6.40160890407793e-05,-0.000873235922554591,-0.000298765693254939
5.16086014335723,-0.00084479882372481,-0.000460801303933641,0.000875430054371831,-6.35329243019306e-05,-0.000872754115603079,-0.000298286594240141
5.17086181030172,-0.00084431121881422,-0.000460310943005749,0.000875921797191126,-6.30411814846683e-05,-0.000872263754679235,-0.000297798989329551
5.18086347724621,-0.000843818262860143,-0.000459815200789446,0.000876418936463896,-6.25440422139655e-05,-0.000871768012467045,-0.000297306033375474
5.1908651441907,-0.000843323124673656,-0.000459317264006413,0.000876918276487921,-6.20447021920253e-05,-0.000871270075688164,-0.000296810895188987
5.20086681113519,-0.000842828931488847,-0.000458820277566343,0.000877416663490809,-6.15463151912289e-05,-0.000870773089252256,-0.000296316702004177
5.21086847807968,-0.000842338717867593,-0.00045832729318292,0.000877911037158805,-6.10519415253149e-05,-0.000870280104872979,-0.000295826488382924
5.22087014502417,-0.0008418553799384,-0.000457841223354011,0.000878398476786305,-6.05645018998763e-05,-0.000869794035048172,-0.000295343150453731
5.23087181196866,-0.000841381635724733,-0.000457364801465765,0.000878876241284173,-6.0086737404035e-05,-0.00086931761316396,-0.000294869406240064
5.24087347891315,-0.000840919992096943,-0.000456900548557747,0.000879341802508276,-5.96211761819133e-05,-0.000868853360259887,-0.000294407762612274
5.25087514585764,-0.000840472718621596,-0.000456450747024461,0.000879792871632071,-5.91701070600428e-05,-0.000868403558730432,-0.000293960489136927
5.26087681280213,-0.000840041828316382,-0.000456017421261483,0.000880227418555013,-5.87355601389601e-05,-0.000867970232971153,-0.000293529598831713
5.27087847974662,-0.000839629065072829,-0.00045560232501708,0.000880643684586575,-5.83192941091813e-05,-0.000867555136730302,-0.000293116835588159
5.28088014669112,-0.000839235897300186,-0.000455206935000177,0.000881040188856306,-5.79227898411523e-05,-0.000867159746716787,-0.000292723667815517
5.29088181363561,-0.000838863517182817,-0.000454832450133547,0.000881415729062737,-5.75472496363367e-05,-0.000866785261853371,-0.000292351287698148
5.3008834805801,-0.000838512844834471,-0.000454479795731562,0.000881769377283856,-5.71936014167389e-05,-0.000866432607454415,-0.000292000615349802
5.31088514752459,-0.000838184536575111,-0.000454149631823806,0.000882100471630043,-5.6862507071978e-05,-0.000866102443549498,-0.000291672307090442
5.32088681446908,-0.000837878996544603,-0.000453842364834405,0.000882408604531825,-5.65543741715243e-05,-0.000865795176562741,-0.000291366767059933
5.33088848141357,-0.000837596390894709,-0.000453558161854239,0.000882693608427442,-5.62693702771365e-05,-0.000865510973585021,-0.000291084161410039
5.34089014835806,-0.000837336663857554,-0.000453296966800223,0.000882955539558026,-5.60074391476823e-05,-0.000865249778533254,-0.000290824434372885
5.35089181530255,-0.00083709955506545,-0.000453058517833032,0.000883194660500795,-5.57683182059439e-05,-0.000865011329568115,-0.000290587325580781
5.36089348224704,-0.000836884617585116,-0.00045284236549325,0.000883411421981792,-5.55515567258815e-05,-0.000864795177230194,-0.000290372388100447
5.37089514919153,-0.000836691236221337,-0.000452647891108483,0.000883606444416898,-5.53565342916172e-05,-0.000864600702847101,-0.000290179006736667
5.38089681613602,-0.000836518645735074,-0.000452474325114447,0.000883780499539114,-5.5182479170151e-05,-0.000864427136854557,-0.000290006416250404
5.39089848308051,-0.000836365948704757,-0.000452320765017207,0.000883934492385703,-5.50284863242257e-05,-0.000864273576758638,-0.000289853719220088
5.400900150025,-0.000836232132834147,-0.00045218619279887,0.000884069443843444,-5.48935348670658e-05,-0.000864139004541458,-0.000289719903349478
5.41090181696949,-0.000836116087574362,-0.000452069491633564,0.00088418647388555,-5.47765048254633e-05,-0.000864022303377154,-0.000289603858089692
5.42090348391399,-0.000836016619980974,-0.000451969461834155,0.000884286785580003,-5.4676193131441e-05,-0.000863922273578605,-0.000289504390496304
5.43090515085848,-0.000835932469769789,-0.000451884835993132,0.000884371649906012,-5.45913288057968e-05,-0.000863837647738308,-0.000289420240285119
5.44090681780297,-0.000835862323567781,-0.000451814293314085,0.000884442391382137,-5.45205873299761e-05,-0.000863767105059866,-0.000289350094083112
5.45090848474746,-0.000835804828379739,-0.000451756473154464,0.000884500374485367,-5.44626042269951e-05,-0.00086370928490074,-0.000289292598895069
5.46091015169195,-0.00083575860430754,-0.000451709987816754,0.000884546990823904,-5.44159878886587e-05,-0.000863662799563429,-0.00028924637482287
5.47091181863644,-0.00083572225656884,-0.000451673434635088,0.000884583647016482,-5.43793316962378e-05,-0.000863626246382075,-0.000289210027084171
5.48091348558093,-0.000835694386866265,-0.0004516454074087,0.000884611753226696,-5.43512254861446e-05,-0.000863598219155928,-0.000289182157381595
5.49091515252542,-0.000835673604158016,-0.000451624507233412,0.00088463271230099,-5.43302664119399e-05,-0.000863577318980819,-0.000289161374673347
5.50091681946991,-0.000835658534876892,-0.000451609352778411,0.000884647909462923,-5.43150692500719e-05,-0.000863562164525947,-0.000289146305392222
5.5109184864144,-0.00083564783263786,-0.000451598590048691,0.000884658702523207,-5.43042761898352e-05,-0.00086355140179632,-0.000289135603153191
5.52092015335889,-0.000835640187465209,-0.000451590901664357,0.000884666412574258,-5.42965661388163e-05,-0.000863543713412052,-0.00028912795798054
5.53092182030338,-0.000835634334559413,-0.000451585015677044,0.000884672315148936,-5.42906635641643e-05,-0.000863537827424789,-0.000289122105074743
5.54092348724787,-0.000835629062611926,-0.000451579713931705,0.000884677631835179,-5.42853468779436e-05,-0.000863532525679496,-0.000289116833127256
5.55092515419236,-0.0008356232216635,-0.000451573839969347,0.000884683522351014,-5.42794563621344e-05,-0.000863526651717188,-0.00028911099217883
5.56092682113686,-0.000835615730488936,-0.000451566306453521,0.000884691077097121,-5.42719016160594e-05,-0.000863519118201426,-0.000289103501004266
5.57092848808135,-0.000835605583478948,-0.000451556102091084,0.00088470131021658,-5.42616684966443e-05,-0.000863508913839077,-0.000289093353994279
5.58093015502584,-0.000835591856978444,-0.000451542298006304,0.0008847151532028,-5.42478255104847e-05,-0.000863495109754416,-0.000289079627493774
5.59093182197033,-0.000835573715030607,-0.000451524053517409,0.000884733449106683,-5.42295296066798e-05,-0.000863476865265678,-0.000289061485545938
5.60093348891482,-0.000835550414468157,-0.000451500621256622,0.000884756947402174,-5.42060313112908e-05,-0.000863453433005093,-0.000289038184983487
5.61093515585931,-0.000835521309287415,-0.000451471351568956,0.000884786299575059,-5.41766791385321e-05,-0.000863424163317679,-0.000289009079802745
5.6209368228038,-0.000835485854237865,-0.000451435696122053,0.000884822055502957,-5.41409232107884e-05,-0.000863388507871084,-0.000288973624753195
5.63093848974829,-0.000835443607559895,-0.00045139321065941,0.000884864660694336,-5.40983180195943e-05,-0.000863346022408808,-0.000288931378075225
5.64094015669278,-0.000835394232806736,-0.000451343556832609,0.000884914454451116,-5.40485242630302e-05,-0.000863296368582436,-0.000288882003322066
5.65094182363727,-0.000835337499693213,-0.000451286503054867,0.000884971669012717,-5.39913097016772e-05,-0.000863239314805188,-0.000288825270208543
5.66094349058176,-0.000835273283923902,-0.000451221924328223,0.000885036429729358,-5.39265489853172e-05,-0.000863174736079104,-0.000288761054439232
5.67094515752625,-0.000835201565966383,-0.000451149801009859,0.000885108756299214,-5.38542224157753e-05,-0.000863102612761366,-0.000288689336481713
5.68094682447075,-0.000835122428751215,-0.000451070216499066,0.000885188565087964,-5.37744136273733e-05,-0.000863023028251265,-0.000288610199266545
5.69094849141524,-0.000835036054298535,-0.000450983353844792,0.000885275672530809,-5.36873061849078e-05,-0.000862936165597747,-0.000288523824813866
5.70095015835973,-0.000834942719291287,-0.000450889491293831,0.000885369799596825,-5.35931791193031e-05,-0.000862842303047603,-0.000288430489806617
5.71095182530422,-0.000834842789636133,-0.000450788996821006,0.000885470577274192,-5.34924014423758e-05,-0.000862741808575656,-0.000288330560151463
5.72095349224871,-0.000834736714074546,-0.000450682321704147,0.000885577553013333,-5.33854257037027e-05,-0.000862635133459728,-0.000288224484589876
5.7309551591932,-0.000834625016927301,-0.000450569993227569,0.000885690198043987,-5.32727806735425e-05,-0.000862522804984131,-0.000288112787442632
5.74095682613769,-0.000834508290074972,-0.000450452606617244,0.000885807915462767,-5.31550632552783e-05,-0.000862405418374833,-0.000287996060590302
5.75095849308218,-0.000834387184294134,-0.000450330816328038,0.000885930048970483,-5.30329297480986e-05,-0.000862283628086693,-0.000287874954809464
5.76096016002667,-0.000834262400083131,-0.000450205326817616,0.000886055892124227,-5.29070865949062e-05,-0.000862158138577372,-0.000287750170598461
5.77096182697116,-0.000834134678121828,-0.000450076882952283,0.000886184697958584,-5.27782807611157e-05,-0.000862029694713165,-0.000287622448637158
5.78096349391565,-0.000834004789516403,-0.000449946260196622,0.000886315688823621,-5.2647289896654e-05,-0.000861899071958649,-0.000287492560031733
5.79096516086014,-0.000833873525982536,-0.000449814254741214,0.000886448066285006,-5.25149124358513e-05,-0.000861767066504401,-0.000287361296497866
5.80096682780463,-0.00083374169011848,-0.000449681673720719,0.000886581020933483,-5.23819577879585e-05,-0.00086163448548507,-0.00028722946063381
5.81096849474913,-0.000833610085913363,-0.000449549325668535,0.000886713741957121,-5.2249236764905e-05,-0.000861502137434048,-0.000287097856428693
5.82097016169362,-0.000833479509626245,-0.000449418011344299,0.000886845426339649,-5.21175523829564e-05,-0.000861370823110966,-0.000286967280141575
5.83097182863811,-0.000833350741158282,-0.000449288515057288,0.000886975287561523,-5.19876911616532e-05,-0.000861241326825091,-0.000286838511673612
5.8409734955826,-0.000833224536024477,-0.000449161596592792,0.000887102563696293,-5.18604150274434e-05,-0.00086111440836171,-0.000286712306539807
5.85097516252709,-0.000833101618013774,-0.00044903798383072,0.000887226524812804,-5.1736453911477e-05,-0.000860990795600722,-0.000286589388529104
5.86097682947158,-0.00083298267260719,-0.000448918366126531,0.000887346479612917,-5.16164991118918e-05,-0.000860871177897583,-0.00028647044312252
5.87097849641607,-0.00083286834120432,-0.000448803388505111,0.000887461781253994,-5.15011974713209e-05,-0.000860756200277172,-0.00028635611171965
5.88098016336056,-0.000832759216189355,-0.000448693646698897,0.000887571832324759,-5.13911464010384e-05,-0.000860646458471919,-0.000286246986704686
5.89098183030505,-0.000832655836849514,-0.000448589683043239,0.000887676088961501,-5.12868897647536e-05,-0.000860542494817171,-0.000286143607364844
5.90098349724954,-0.000832558686141964,-0.000448491983225054,0.000887774064108583,-5.11889146181012e-05,-0.000860444794999841,-0.000286046456657294
5.91098516419403,-0.000832468188290364,-0.000448400973865777,0.000887865329942304,-5.10976487847797e-05,-0.000860353785641359,-0.000285955958805694
5.92098683113852,-0.000832384707179268,-0.000448317020906694,0.000887949519490115,-5.10134592373366e-05,-0.000860269832683008,-0.000285872477694598
5.93098849808301,-0.000832308545504124,-0.000448240428754133,0.000888026327487837,-5.09366512399499e-05,-0.000860193240531114,-0.000285796316019454
5.9409901650275,-0.000832239944626328,-0.000448171440133701,0.000888095510525835,-5.08674682022534e-05,-0.000860124251911282,-0.000285727715141658
5.950991831972,-0.000832179085076847,-0.000448110236596754,0.000888156886541121,-5.08060921872345e-05,-0.000860063048374867,-0.000285666855592177
5.96099349891649,-0.000832126087648075,-0.000448056939618424,0.000888210333716234,-5.07526450123538e-05,-0.000860009751396999,-0.000285613858163406
5.97099516586098,-0.000832081015011648,-0.000448011612224574,0.000888255788847696,-5.07071898810893e-05,-0.000859964424003542,-0.000285568785526978
5.98099683280547,-0.000832043873799682,-0.000447974261084808,0.000888293245247107,-5.06697334818403e-05,-0.000859927072864099,-0.000285531644315012
5.99099849974996,-0.000832014617088049,-0.000447944839009775,0.000888322750236804,-5.06402284922712e-05,-0.00085989765078932,-0.000285502387603379
6.00100016669445,-0.000831993147222525,-0.000447923247793293,0.000888344402299723,-5.06185764294456e-05,-0.000859876059573024,-0.000285480917737855
6.01100183363894,-0.000831979318931776,-0.000447909341342934,0.000888358347939998,-5.06046307892307e-05,-0.000859862153122785,-0.000285467089447106
6.02100350058343,-0.000831972955860223,-0.00044790294230633,0.000888364765009796,-5.05982137194603e-05,-0.000859855754086235,-0.000285460726375554
6.03100516752792,-0.000831973946654333,-0.000447903938700559,0.000888363765807617,-5.05992129216351e-05,-0.000859856750480457,-0.000285461717169664
6.04100683447241,-0.000831983035873292,-0.000447913079293171,0.000888354599455804,-5.06083792734087e-05,-0.00085986589107299,-0.000285470806388622
6.0510085014169,-0.000832001528894906,-0.000447931676840165,0.000888335949498863,-5.06270292302698e-05,-0.000859884488619826,-0.000285489299410237
6.06101016836139,-0.000832030334595026,-0.000447960645354498,0.00088830689934805,-5.06560793809589e-05,-0.000859913457133912,-0.000285518105110357
6.07101183530588,-0.000832069638981114,-0.000448000171894974,0.000888267261417408,-5.0695717311432e-05,-0.000859952983674051,-0.000285557409496445
6.08101350225038,-0.000832119102038576,-0.000448049914525184,0.000888217378606959,-5.07456001216684e-05,-0.000860002726303839,-0.000285606872553907
6.09101516919487,-0.000832178089452956,-0.00044810923534543,0.000888157890614075,-5.08050881143003e-05,-0.000860062047123581,-0.000285665859968287
6.10101683613936,-0.000832245822458095,-0.000448177351187848,0.000888089582813672,-5.08733959144138e-05,-0.000860130162965423,-0.000285733592973426
6.11101850308385,-0.000832321454511105,-0.00044825341072476,0.000888013308932564,-5.09496697951989e-05,-0.000860206222501692,-0.000285809225026436
6.12102017002834,-0.000832404105453375,-0.000448336528822765,0.000887929956598557,-5.10330221288538e-05,-0.000860289340598996,-0.000285891875968706
6.13102183697283,-0.000832492876033991,-0.000448425801148245,0.000887840432693779,-5.11225460332534e-05,-0.000860378612923723,-0.000285980646549322
6.14102350391732,-0.000832586855063056,-0.000448520311361117,0.000887745656140662,-5.12173225859704e-05,-0.0008604731231358,-0.000286074625578386
6.15102517086181,-0.000832685124488875,-0.000448619136220722,0.000887646552781661,-5.13164259445537e-05,-0.000860571947994573,-0.000286172895004206
6.1610268378063,-0.000832786764210527,-0.000448721350425585,0.000887544050525852,-5.1418928199932e-05,-0.000860674162198577,-0.000286274534725858
6.17102850475079,-0.000832890857032602,-0.000448826031596168,0.000887439074352139,-5.15239043732031e-05,-0.000860778843368281,-0.000286378627547933
6.18103017169528,-0.000832996493733899,-0.000448932265372213,0.000887332541197549,-5.16304375273446e-05,-0.000860885077143435,-0.000286484264249229
6.19103183863977,-0.000833102778150224,-0.000449039150524272,0.000887225354831297,-5.17376238931463e-05,-0.000860991962294597,-0.000286590548665555
6.20103350558426,-0.000833208832198342,-0.000449145804006046,0.000887118400788202,-5.18445779357924e-05,-0.000861098615775476,-0.000286696602713673
6.21103517252875,-0.000833313800801886,-0.000449251365908148,0.000887012541400971,-5.19504373225786e-05,-0.000861204177676693,-0.000286801571317217
6.22103683947325,-0.00083341685669977,-0.000449355004293686,0.000886908610950986,-5.2054367772126e-05,-0.000861307816061361,-0.000286904627215101
6.23103850641774,-0.000833517205124608,-0.000449455919903127,0.000886807410950184,-5.21555677725034e-05,-0.000861408731669956,-0.000287004975639938
6.24104017336223,-0.000833614088338159,-0.00044955335071538,0.000886709705567114,-5.22532731551623e-05,-0.00086150616248139,-0.00028710185885349
6.25104184030672,-0.000833706790006795,-0.000449646576347987,0.000886616217214352,-5.23467615075313e-05,-0.000861599388113214,-0.000287194560522126
6.26104350725121,-0.000833794639394662,-0.000449734922273994,0.000886527622319742,-5.24353564017674e-05,-0.000861687734038479,-0.000287282409909992
6.2710451741957,-0.000833877015346755,-0.000449817763827535,0.000886444547309532,-5.25184314116279e-05,-0.000861770575591323,-0.000287364785862086
6.28104684114019,-0.000833953350028967,-0.000449894529965015,0.000886367564836577,-5.25954138842584e-05,-0.000861847341728157,-0.000287441120544297
6.29104850808468,-0.000834023132387725,-0.00044996470674431,0.000886297190291347,-5.26657884291909e-05,-0.000861917518506861,-0.000287510902903056
6.30105017502917,-0.000834085911288262,-0.00045002784048077,0.000886233878637028,-5.27291000832425e-05,-0.000861980652242788,-0.000287573681803593
6.31105184197366,-0.000834141298288058,-0.000450083540536339,0.000886178021612536,-5.27849571074979e-05,-0.000862036352297885,-0.000287629068803389
6.32105350891815,-0.000834188970000793,-0.000450131481696867,0.00088612994534851,-5.28330333713204e-05,-0.000862084293458008,-0.000287676740516124
6.33105517586264,-0.000834228670006305,-0.000450171406092868,0.000886089908441141,-5.28730702785193e-05,-0.000862124217853671,-0.000287716440521636
6.34105684280713,-0.000834260210263768,-0.000450203124620678,0.000886058100527008,-5.29048781925171e-05,-0.000862155936381212,-0.000287747980779099
6.35105850975163,-0.000834283471988572,-0.0004502265178243,0.000886034641398748,-5.29283373206767e-05,-0.000862179329584635,-0.000287771242503903
6.36106017669612,-0.000834298405958298,-0.000450241536203101,0.000886019580696493,-5.29433980228681e-05,-0.000862194347963309,-0.000287786176473629
6.37106184364061,-0.000834305032219574,-0.000450248199917017,0.000886012898203493,-5.2950080515839e-05,-0.000862201011677168,-0.000287792802734905
6.3810635105851,-0.000834303439175484,-0.0004502465978688,0.00088601450476646,-5.29484739528789e-05,-0.000862199409628964,-0.000287791209690815
6.39106517752959,-0.000834293782042314,-0.000450236886152039,0.000886024243851914,-5.29387348674672e-05,-0.000862189697912286,-0.000287781552557645
6.40106684447408,-0.000834276280674558,-0.000450219285863881,0.000886041893739632,-5.29210849798248e-05,-0.000862172097624279,-0.000287764051189889
6.41106851141857,-0.00083425121676801,-0.000450194080292308,0.000886067170343295,-5.28958083762701e-05,-0.000862146892052922,-0.000287738987283341
6.42107017836306,-0.000834218930462054,-0.000450161611499223,0.000886099730637033,-5.28632480826726e-05,-0.000862114423260116,-0.000287706700977385
6.43107184530755,-0.000834179816373605,-0.000450122276331976,0.000886139176655135,-5.28238020647404e-05,-0.000862075088093207,-0.000287667586888936
6.44107351225204,-0.000834134319106197,-0.000450076521907067,0.000886185060021077,-5.27779186989963e-05,-0.000862029333668693,-0.000287622089621527
6.45107517919653,-0.00083408292828802,-0.000450024840620142,0.000886236886951588,-5.27260917687088e-05,-0.000861977652382213,-0.000287570698803351
6.46107684614102,-0.000834026173201995,-0.000449967764745707,0.000886294123672154,-5.26688550483904e-05,-0.000861920576508271,-0.000287513943717326
6.47107851308551,-0.000833964617078835,-0.000449905860697942,0.000886356202172377,-5.26067765484369e-05,-0.000861858672461041,-0.000287452387594166
6.48108018003,-0.000833898851130331,-0.000449839723030258,0.000886422526223328,-5.25404524977733e-05,-0.000861792534793929,-0.000287386621645662
6.4910818469745,-0.000833829488404445,-0.000449769968255655,0.000886492477574605,-5.24705011468002e-05,-0.000861722780019931,-0.000287317258919776
6.50108351391899,-0.000833757157546209,-0.000449697228572366,0.000886565422246371,-5.23975564753506e-05,-0.000861650040337272,-0.00028724492806154
6.51108518086348,-0.000833682496548794,-0.000449622145579595,0.000886640716831325,-5.23222618907244e-05,-0.000861574957345152,-0.000287170267064125
6.52108684780797,-0.00083360614657742,-0.000449545364066526,0.000886717714723194,-5.22452639991901e-05,-0.00086149817583275,-0.000287093917092751
6.53108851475246,-0.000833528745945235,-0.00044946752595415,0.000886795772191983,-5.21672065307402e-05,-0.000861420337721051,-0.000287016516460565
6.54109018169695,-0.000833450924314954,-0.000449389264464133,0.000886874254231539,-5.20887244915259e-05,-0.000861342076231714,-0.000286938694830284
6.55109184864144,-0.000833373297193256,-0.000449311198582092,0.000886952540111875,-5.20104386115315e-05,-0.000861264010350352,-0.000286861067708587
6.56109351558593,-0.000833296460776893,-0.000449233927874572,0.000887030028576799,-5.1932950146945e-05,-0.000861186739643504,-0.000286784231292224
6.57109518253042,-0.000833220987200525,-0.000449158027710027,0.000887106142636406,-5.18568360876695e-05,-0.000861110839479619,-0.000286708757715856
6.58109684947491,-0.000833147420226796,-0.000449084044924529,0.00088718033391358,-5.17826448108195e-05,-0.000861036856694766,-0.000286635190742127
6.5910985164194,-0.000833076271409357,-0.000449012493963111,0.000887252086513525,-5.17108922111875e-05,-0.000860965305733971,-0.000286564041924688
6.60110018336389,-0.000833008016749857,-0.000448943853517855,0.000887320920395152,-5.16420583298606e-05,-0.000860896665289311,-0.000286495787265188
6.61110185030839,-0.000832943093860492,-0.000448878563674407,0.000887386394232603,-5.15765844926943e-05,-0.000860831375446431,-0.000286430864375823
6.62110351725288,-0.000832881899634912,-0.00044881702356972,0.000887448107764114,-5.1514870961452e-05,-0.00086076983534228,-0.000286369670150243
6.63110518419737,-0.000832824788422202,-0.000448759589555716,0.000887505703633525,-5.14572750922917e-05,-0.000860712401328775,-0.000286312558937533
6.64110685114186,-0.000832772070691525,-0.000448706573856377,0.000887558868736972,-5.14041099890764e-05,-0.000860659385629896,-0.000286259841206856
6.65110851808635,-0.000832724012168862,-0.000448658243699607,0.000887607335093473,-5.13556436327869e-05,-0.000860611055473546,-0.000286211782684193
6.66111018503084,-0.000832680833422201,-0.000448614820900077,0.000887650880263256,-5.13120984631925e-05,-0.000860567632674393,-0.000286168603937532
6.67111185197533,-0.000832642709867511,-0.000448576481865236,0.00088768932734174,-5.12736513848759e-05,-0.000860529293639885,-0.000286130480382842
6.68111351891982,-0.000832609772164843,-0.000448543357993644,0.000887722544560068,-5.1240434166692e-05,-0.000860496169768579,-0.000286097542680174
6.69111518586431,-0.000832582106971863,-0.00044851553643277,0.000887750444525179,-5.12125342017018e-05,-0.000860468348207947,-0.000286069877487194
6.7011168528088,-0.000832559758021025,-0.00044849306116225,0.000887772983133499,-5.11899955934797e-05,-0.000860445872937621,-0.000286047528536356
6.71111851975329,-0.000832542727486188,-0.00044847593436823,0.00088779015819272,-5.1172820534333e-05,-0.000860428746143749,-0.000286030498001518
6.72112018669778,-0.000832530977604855,-0.000448464118074774,0.000887802007785799,-5.11609709413057e-05,-0.000860416929850395,-0.000286018748120186
6.73112185364227,-0.000832524432523065,-0.000448457535999183,0.000887808608410408,-5.11543703167253e-05,-0.00086041034777486,-0.000286012203038395
6.74112352058676,-0.000832522980331309,-0.000448456075599418,0.000887810072925741,-5.11529058013984e-05,-0.000860408887375108,-0.00028601075084664
6.75112518753126,-0.000832526475261524,-0.000448459590283512,0.000887806548336878,-5.11564303902461e-05,-0.000860412402059172,-0.000286014245776855
6.76112685447575,-0.000832534740017111,-0.000448467901752759,0.00088779821344499,-5.1164765282098e-05,-0.000860420713528348,-0.000286022510532442
6.77112852142024,-0.000832547568210007,-0.000448480802452559,0.00088778527638959,-5.1177702337442e-05,-0.000860433614228037,-0.000286035338725338
6.78113018836473,-0.000832564726880945,-0.000448498058106925,0.000887767972106881,-5.11950066200768e-05,-0.000860450869882254,-0.000286052497396276
6.79113185530922,-0.000832585959081198,-0.000448519410314814,0.000887746559726106,-5.12164190007594e-05,-0.00086047222208996,-0.000286073729596529
6.80113352225371,-0.000832610986496143,-0.000448544579188527,0.000887721319923721,-5.1241658803036e-05,-0.000860497390963457,-0.000286098757011474
6.8111351891982,-0.000832639512092977,-0.000448573266016388,0.000887692552253204,-5.12704264734301e-05,-0.000860526077791073,-0.000286127282608308
6.82113685614269,-0.000832671222776755,-0.00044860515593379,0.000887660572466485,-5.13024062600121e-05,-0.000860557967708202,-0.000286158993292086
6.83113852308718,-0.000832705792040547,-0.000448639920588337,0.000887625709841293,-5.13372688850541e-05,-0.000860592732362451,-0.000286193562555878
6.84114019003167,-0.000832742882597052,-0.000448677220786327,0.000887588304527217,-5.13746741989708e-05,-0.000860630032560122,-0.000286230653112383
6.85114185697616,-0.000832782148980241,-0.000448716709109106,0.000887548704921973,-5.1414273804045e-05,-0.000860669520882564,-0.000286269919495572
6.86114352392065,-0.000832823240106733,-0.000448758032488916,0.000887507265088304,-5.14557136375364e-05,-0.000860710844262021,-0.000286311010622064
6.87114519086514,-0.00083286580178747,-0.000448800834734767,0.000887464342220986,-5.1498636504671e-05,-0.000860753646507507,-0.000286353572302801
6.88114685780964,-0.000832909479180975,-0.000448844758999565,0.000887420294172747,-5.15426845527217e-05,-0.00086079757077193,-0.000286397249696306
6.89114852475413,-0.000832953919180015,-0.00044888945018026,0.000887375477047358,-5.15875016779197e-05,-0.000860842261952244,-0.000286441689695345
6.90115019169862,-0.000832998772723827,-0.000448934557243146,0.000887330242867775,-5.16327358573093e-05,-0.000860887369014746,-0.000286486543239158
6.91115185864311,-0.000833043697028343,-0.000448979735466686,0.000887284937327,-5.16780413978913e-05,-0.000860932547237901,-0.000286531467543674
6.9211535255876,-0.000833088357726905,-0.000449024648594331,0.000887239897629189,-5.17230810955098e-05,-0.000860977460365163,-0.000286576128242236
6.93115519253209,-0.000833132430914036,-0.000449068970889841,0.000887195450428544,-5.17675282959655e-05,-0.000861021782660296,-0.000286620201429367
6.94115685947658,-0.000833175605084764,-0.00044911238908757,0.000887151909873527,-5.18110688507963e-05,-0.000861065200857655,-0.000286663375600095
6.95115852642107,-0.000833217582961932,-0.000449154604230105,0.000887109575764047,-5.1853402960096e-05,-0.00086110741599983,-0.000286705353477263
6.96116019336556,-0.000833258083203864,-0.000449195333385584,0.000887068731829299,-5.18942468946694e-05,-0.000861148145154962,-0.000286745853719195
6.97116186031005,-0.000833296841984692,-0.000449234311236955,0.000887029644134028,-5.1933334589774e-05,-0.000861187123006002,-0.000286784612500023
6.98116352725454,-0.000833333614439689,-0.000449271291535479,0.000886992559620929,-5.19704191027146e-05,-0.00086122410330421,-0.00028682138495502
6.99116519419903,-0.00083336817596802,-0.000449306048410842,0.000886957704796844,-5.2005273926651e-05,-0.000861258860179277,-0.00028685594648335
7.00116686114352,-0.000833400323385552,-0.000449338377530483,0.000886925284570164,-5.20376941531923e-05,-0.000861291189298643,-0.000286888093900883
7.01116852808801,-0.000833429875920699,-0.000449368097101069,0.000886895481246538,-5.20674974766906e-05,-0.000861320908868975,-0.00028691764643603
7.02117019503251,-0.000833456676046759,-0.000449395048705531,0.000886868453689472,-5.20945250336418e-05,-0.000861347860473207,-0.00028694444656209
7.031171861977,-0.000833480590144862,-0.000449419097969765,0.000886844336651748,-5.21186420712622e-05,-0.000861371909737236,-0.000286968360660193
7.04117352892149,-0.000833501508992477,-0.000449440135053899,0.000886823240282783,-5.21397384401372e-05,-0.00086139294682119,-0.000286989279507808
7.05117519586598,-0.000833519348073409,-0.000449458074964038,0.000886805249815991,-5.21577289068527e-05,-0.000861410886731177,-0.00028700711858874
7.06117686281047,-0.000833534047706409,-0.000449472857681607,0.000886790425439087,-5.21725532836926e-05,-0.000861425669448619,-0.00028702181822174
7.07117852975496,-0.000833545572990827,-0.000449484448108692,0.000886778802348896,-5.21841763738337e-05,-0.000861437259875605,-0.000287033343506158
7.08118019669945,-0.000833553913569235,-0.000449492835829321,0.000886770390990741,-5.21925877319527e-05,-0.000861445647596163,-0.000287041684084566
7.09118186364394,-0.000833559083208529,-0.000449498034688206,0.000886765177480897,-5.2197801241775e-05,-0.000861450846455003,-0.00028704685372386
7.10118353058843,-0.000833561119202728,-0.000449500082190155,0.000886763124208861,-5.21998545138021e-05,-0.000861452893956934,-0.000287048889718059
7.11118519753292,-0.000833560081602428,-0.000449499038725179,0.000886764170614437,-5.21988081082309e-05,-0.000861451850491967,-0.000287047852117758
7.12118686447741,-0.000833556052277682,-0.000449494986626075,0.000886768234132804,-5.21947445898806e-05,-0.000861447798392898,-0.000287043822793013
7.1311885314219,-0.000833549133822846,-0.000449488029067077,0.000886775211298974,-5.21877674237409e-05,-0.00086144084083396,-0.000287036904338177
7.14119019836639,-0.000833539448313653,-0.000449478288813908,0.000886784979001254,-5.21779997215024e-05,-0.000861431100580874,-0.000287027218828984
7.15119186531089,-0.000833527135928452,-0.000449465906837226,0.000886797395871717,-5.21655828510934e-05,-0.000861418718604299,-0.000287014906443783
7.16119353225538,-0.000833512353447046,-0.000449451040802979,0.000886812303800094,-5.21506749227806e-05,-0.00086140385257018,-0.000287000123962377
7.17119519919987,-0.000833495272641946,-0.000449433863454562,0.00088682952955618,-5.21334491667681e-05,-0.00086138667522191,-0.000286983043157277
7.18119686614436,-0.000833476078578007,-0.000449414560902844,0.000886848886504626,-5.21140922184059e-05,-0.000861367372670357,-0.000286963849093338
7.19119853308885,-0.000833454967837381,-0.00044939333084109,0.000886870176395044,-5.20928023280802e-05,-0.000861346142608786,-0.000286942738352712
7.20120020003334,-0.000833432146687425,-0.000449370380702512,0.000886893191209653,-5.20697875135704e-05,-0.000861323192470405,-0.000286919917202757
7.21120186697783,-0.000833407829209642,-0.000449345925778632,0.000886917715050215,-5.20452636731139e-05,-0.000861298737546736,-0.000286895599724973
7.22120353392232,-0.000833382235407931,-0.000449320187316847,0.000886943526045833,-5.2019452677607e-05,-0.000861272999085173,-0.000286870005923262
7.23120520086681,-0.000833355589314352,-0.00044929339061548,0.00088697039826327,-5.19925804602857e-05,-0.000861246202384037,-0.000286843359829683
7.2412068678113,-0.000833328117110224,-0.000449265763134261,0.000886998103601789,-5.19648751218862e-05,-0.000861218574903056,-0.000286815887625555
7.25120853475579,-0.00083330004527983,-0.000449237532637597,0.000887026413655117,-5.19365650686804e-05,-0.000861190344406636,-0.000286787815795161
7.26121020170028,-0.000833271598813142,-0.000449208925387138,0.000887055101523975,-5.19078771999466e-05,-0.000861161737156423,-0.000286759369328473
7.27121186864477,-0.000833242999472944,-0.000449180164399103,0.000887083943563657,-5.18790351603893e-05,-0.000861132976168636,-0.000286730769988275
7.28121353558926,-0.000833214464140517,-0.000449151467780622,0.000887112721052386,-5.18502576717848e-05,-0.000861104279550402,-0.000286702234655848
7.29121520253376,-0.000833186203252665,-0.000449123047157918,0.00088714122176755,-5.1821756956744e-05,-0.000861075858927944,-0.000286673973767996
7.30121686947825,-0.000833158419341371,-0.000449095106207717,0.000887169241458441,-5.17937372659737e-05,-0.000861047917977983,-0.000286646189856702
7.31121853642274,-0.000833131305685779,-0.000449067839301605,0.000887196585205712,-5.17663935188205e-05,-0.000861020651072106,-0.00028661907620111
7.32122020336723,-0.000833105045084573,-0.000449041430271473,0.000887223068659414,-5.17399100652329e-05,-0.000860994242042202,-0.000286592815599904
7.33122187031172,-0.000833079808755165,-0.000449016051302479,0.000887248519149152,-5.17144595756051e-05,-0.000860968863073427,-0.000286567579270496
7.34122353725621,-0.000833055755364447,-0.000448991861958325,0.000887272776661555,-5.1690202063307e-05,-0.000860944673729482,-0.000286543525879778
7.3512252042007,-0.000833033030194278,-0.000448969008342025,0.000887295694681875,-5.16672840430861e-05,-0.000860921820113379,-0.000286520800709609
7.36122687114519,-0.000833011764443308,-0.000448947622393785,0.000887317140898084,-5.16458378269695e-05,-0.000860900434165323,-0.000286499534958639
7.37122853808968,-0.000832992074665309,-0.000448927821326156,0.000887336997767313,-5.16259809578259e-05,-0.000860880633097865,-0.00028647984518064
7.38123020503417,-0.000832974062342808,-0.000448909707195259,0.000887355162945837,-5.16078157793811e-05,-0.000860862518967124,-0.000286461832858139
7.39123187197866,-0.000832957813593591,-0.000448893366605631,0.000887371549585055,-5.15914291402336e-05,-0.000860846178377636,-0.000286445584108922
7.40123353892315,-0.000832943399006538,-0.000448878870545131,0.000887386086497057,-5.15768922282941e-05,-0.000860831682317262,-0.000286431169521869
7.41123520586764,-0.000832930873602255,-0.000448866274345352,0.000887398718194321,-5.15642605310844e-05,-0.000860819086117591,-0.000286418644117586
7.42123687281213,-0.000832920276913138,-0.000448855617762131,0.000887409404808973,-5.15535739164783e-05,-0.000860808429534462,-0.000286408047428469
7.43123853975663,-0.000832911633176772,-0.000448846925170047,0.000887418121897744,-5.15448568277454e-05,-0.000860799736942453,-0.000286399403692103
7.44124020670112,-0.000832904951636004,-0.000448840205864191,0.000887424860139348,-5.15381185861704e-05,-0.000860793017636654,-0.000286392722151335
7.45124187364561,-0.000832900226938554,-0.00044883545446203,0.000887429624931486,-5.15333537940528e-05,-0.000860788266234534,-0.000286387997453885
7.4612435405901,-0.000832897439628676,-0.000448832651397852,0.000887432435895009,-5.15305428305415e-05,-0.00086078546317038,-0.000286385210144007
7.47124520753459,-0.000832896556723151,-0.00044883176350201,0.00088743332629304,-5.15296524325147e-05,-0.000860784575274546,-0.000286384327238482
7.48124687447908,-0.000832897532363735,-0.000448832744657063,0.000887432342372983,-5.15306363525674e-05,-0.000860785556429591,-0.000286385302879066
7.49124854142357,-0.000832900308538134,-0.000448835536522824,0.000887429542639436,-5.15334360861023e-05,-0.000860788348295327,-0.000286388079053465
7.50125020836806,-0.000832904815861573,-0.000448840069322343,0.000887424997065986,-5.15379816595329e-05,-0.000860792881094808,-0.000286392586376904
7.51125187531255,-0.000832910974411113,-0.000448846262680944,0.000887418786253815,-5.15441924716775e-05,-0.000860799074453356,-0.000286398744926444
7.52125354225704,-0.00083291869460497,-0.000448854026510516,0.000887411000544912,-5.15519781805467e-05,-0.000860806838282861,-0.000286406465120301
7.53125520920153,-0.000832927878119293,-0.000448863261931463,0.000887401739097526,-5.15612396278929e-05,-0.000860816073703729,-0.000286415648634624
7.54125687614602,-0.000832938418835001,-0.000448873862224905,0.000887391108931284,-5.15718697940896e-05,-0.00086082667399708,-0.000286426189350332
7.55125854309052,-0.000832950203807555,-0.000448885713807922,0.000887379223949194,-5.1583754776128e-05,-0.000860838525579995,-0.000286437974322886
7.56126021003501,-0.000832963114252732,-0.000448898697224905,0.000887366203943504,-5.1596774781762e-05,-0.000860851508996867,-0.000286450884768063
7.5712618769795,-0.000832977026541758,-0.000448912688148312,0.000887352173592127,-5.16108051330796e-05,-0.000860865499920155,-0.000286464797057089
7.58126354392399,-0.000832991813199372,-0.000448927558382371,0.000887337261452102,-5.16257172730403e-05,-0.000860880370154086,-0.000286479583714703
7.59126521086848,-0.00083300734389868,-0.000448943176863562,0.000887321598956302,-5.16413797687731e-05,-0.000860895988635144,-0.000286495114414011
7.60126687781297,-0.000833023486446914,-0.000448959410651941,0.00088730531941931,-5.16576593056955e-05,-0.000860912222423384,-0.000286511256962245
7.61126854475746,-0.000833040107756437,-0.000448976125907642,0.000887288557058168,-5.16744216667657e-05,-0.000860928937678942,-0.000286527878271768
7.62127021170195,-0.000833057074795639,-0.000448993188847139,0.000887271446033419,-5.16915326914416e-05,-0.000860946000618293,-0.00028654484531097
7.63127187864644,-0.000833074255514567,-0.000449010466674112,0.000887254119515616,-5.17088592091697e-05,-0.000860963278445119,-0.000286562026029898
7.64127354559093,-0.000833091519740426,-0.00044902782848001,0.000887236708782228,-5.17262699424836e-05,-0.000860980640250868,-0.000286579290255757
7.65127521253542,-0.000833108740038308,-0.000449045146109644,0.000887219342349597,-5.17436363750404e-05,-0.000860997957880354,-0.000286596510553639
7.66127687947991,-0.000833125792532788,-0.000449062294987425,0.00088720214514438,-5.17608335801841e-05,-0.000861015106757988,-0.000286613563048119
7.6712785464244,-0.000833142557686251,-0.000449079154900093,0.000887185237718611,-5.17777410058804e-05,-0.000861031966670513,-0.000286630328201582
7.6812802133689,-0.00083315892103011,-0.000449095610732069,0.000887168735512279,-5.17942432121418e-05,-0.000861048422502348,-0.000286646691545441
7.69128188031339,-0.000833174773845341,-0.000449111553149831,0.000887152748167019,-5.18102305573329e-05,-0.000861064364919973,-0.000286662544360672
7.70128354725788,-0.000833190013789037,-0.000449126879232014,0.00088713737889424,-5.18255998300464e-05,-0.000861079691002025,-0.000286677784304368
7.71128521420237,-0.000833204545464014,-0.000449141493042235,0.000887122723900684,-5.184025482354e-05,-0.000861094304812122,-0.000286692315979345
7.72128688114686,-0.000833218280928799,-0.000449155306141963,0.000887108871874112,-5.18541068500527e-05,-0.000861108117911732,-0.00028670605144413
7.73128854809135,-0.000833231140145686,-0.000449168238041106,0.000887095903531445,-5.1867075192664e-05,-0.000861121049810765,-0.000286718910661017
7.74129021503584,-0.000833243051364904,-0.000449180216584352,0.000887083891231338,-5.18790874927196e-05,-0.000861133028353908,-0.000286730821880235
7.75129188198033,-0.000833253951443313,-0.000449191178271668,0.000887072898652774,-5.18900800712367e-05,-0.000861143990041131,-0.000286741721958644
7.76129354892482,-0.000833263786096471,-0.000449201068511787,0.000887062980540864,-5.18999981831043e-05,-0.000861153880281165,-0.000286751556611802
7.77129521586931,-0.000833272510083299,-0.000449209841807919,0.000887054182520612,-5.19087962033187e-05,-0.000861162653577222,-0.00028676028059863
7.7812968828138,-0.000833280087323042,-0.000449217461875377,0.00088704654097896,-5.19164377449378e-05,-0.000861170273644615,-0.000286767857838372
7.79129854975829,-0.000833286490944665,-0.000449223901691247,0.000887040083014976,-5.19228957088939e-05,-0.00086117671346043,-0.000286774261459996
7.80130021670278,-0.00083329170326928,-0.000449229143476716,0.000887034826457576,-5.19281522662718e-05,-0.000861181955245853,-0.00028677947378461
7.81130188364727,-0.000833295715726681,-0.000449233178613138,0.000887030779949692,-5.1932198774138e-05,-0.000861185990382241,-0.000286783486242011
7.82130355059177,-0.000833298528707542,-0.000449236007493396,0.000887027943097336,-5.19350356264819e-05,-0.000861188819262475,-0.000286786299222872
7.83130521753626,-0.000833300151353292,-0.000449237639310587,0.000887026306681504,-5.19366720423076e-05,-0.000861190451079653,-0.000286787921868622
7.84130688448075,-0.000833300601286153,-0.000449238091786538,0.000887025852930425,-5.19371257933838e-05,-0.0008611909035556,-0.000286788371801484
7.85130855142524,-0.000833299904282287,-0.000449237390843099,0.000887026555849201,-5.19364228746115e-05,-0.000861190202612167,-0.000286787674797617
7.86131021836973,-0.000833298093891395,-0.000449235570219602,0.000887028381603416,-5.19345971204035e-05,-0.000861188381988685,-0.000286785864406725
7.87131188531422,-0.000833295211006572,-0.000449232671040274,0.000887031288952952,-5.193168977088e-05,-0.000861185482809382,-0.000286782981521903
7.88131355225871,-0.000833291303388528,-0.000449228741335777,0.000887035229731792,-5.1927748992057e-05,-0.000861181553104918,-0.000286779073903858
7.8913152192032,-0.000833286425148675,-0.000449223835523368,0.000887040149369324,-5.19228293545466e-05,-0.000861176647292551,-0.000286774195664005
7.90131688614769,-0.00083328063619585,-0.000449218013850498,0.000887045987448312,-5.19169912755838e-05,-0.000861170825619732,-0.000286768406711181
7.91131855309218,-0.000833274001651693,-0.000449211341806885,0.000887052678294482,-5.1910300429442e-05,-0.000861164153576176,-0.000286761772167024
7.92132022003667,-0.000833266591239899,-0.000449203889510312,0.000887060151592452,-5.19028271315043e-05,-0.000861156701279667,-0.000286754361755229
7.93132188698116,-0.00083325847865471,-0.000449195731071554,0.000887068333022594,-5.18946457013975e-05,-0.000861148542840978,-0.00028674624917004
7.94132355392565,-0.000833249740914109,-0.000449186943943909,0.000887077144913337,-5.18858338106926e-05,-0.000861139755713409,-0.000286737511429439
7.95132522087015,-0.000833240457703188,-0.000449177608262864,0.000887086506903364,-5.1876471820705e-05,-0.000861130420032444,-0.000286728228218519
7.96132688781464,-0.000833230710713178,-0.000449167806181379,0.0008870963366082,-5.18666421159115e-05,-0.000861120617951043,-0.000286718481228509
7.97132855475913,-0.000833220582981513,-0.000449157621206229,0.000887106550285737,-5.18564284384182e-05,-0.000861110432975981,-0.000286708353496844
7.98133022170362,-0.000833210158238207,-0.000449147137540683,0.000887117063495414,-5.18459152287871e-05,-0.000861099949310525,-0.000286697928753538
7.99133188864811,-0.00083319952026361,-0.00044913643943863,0.000887127791745902,-5.18351869783447e-05,-0.000861089251208564,-0.000286687290778941
8.0013335555926,-0.000833188752262408,-0.000449125610575042,0.000887138651126427,-5.18243275978664e-05,-0.000861078422345068,-0.000286676522777738
8.01133522253709,-0.000833177936258436,-0.000449114733437365,0.000887149558917082,-5.18134198072581e-05,-0.000861067545207484,-0.000286665706773766
8.02133688948158,-0.000833167152514591,-0.000449103888742154,0.000887160434173844,-5.18025445505427e-05,-0.000861056700512367,-0.000286654923029922
8.03133855642607,-0.000833156478981763,-0.00044909315488089,0.000887171198284318,-5.17917804401154e-05,-0.000861045966651194,-0.000286644249497094
8.04134022337056,-0.000833145990780344,-0.000449082607398556,0.000887181775490624,-5.17812032338546e-05,-0.000861035419168951,-0.000286633761295675
8.05134189031505,-0.000833135759717489,-0.000449072318508172,0.00088719209337624,-5.17708853482831e-05,-0.000861025130278656,-0.00028662353023282
8.06134355725954,-0.00083312585384287,-0.000449062356644038,0.000887202083314011,-5.17608954105554e-05,-0.000861015168414607,-0.0002866136243582
8.07134522420403,-0.00083311633704527,-0.000449052786056046,0.000887211680872979,-5.17512978516281e-05,-0.000861005597826696,-0.000286604107560601
8.08134689114853,-0.000833107268691925,-0.000449043666446984,0.000887220826182109,-5.17421525425376e-05,-0.000860996478217713,-0.000286595039207256
8.09134855809302,-0.000833098703312085,-0.00044903505265431,0.000887229464249404,-5.173351447528e-05,-0.000860987864425113,-0.000286586473827416
8.10135022503751,-0.000833090690325873,-0.000449026994377477,0.000887237545235353,-5.17254334893655e-05,-0.000860979806148349,-0.000286578460841204
8.111351891982,-0.000833083273819076,-0.000449019535951451,0.000887245024680049,-5.17179540447018e-05,-0.000860972347722388,-0.000286571044334407
8.12135355892649,-0.000833076492364132,-0.000449012716166689,0.000887251863683719,-5.17111150410606e-05,-0.000860965527937684,-0.000286564262879463
8.13135522587098,-0.000833070378887181,-0.000449006568135434,0.000887258029040807,-5.17049496839987e-05,-0.000860959379906481,-0.000286558149402512
8.14135689281547,-0.000833064960580683,-0.000449001119203841,0.000887263493328092,-5.1699485396737e-05,-0.000860953930974935,-0.000286552731096014
8.15135855975996,-0.000833060258860786,-0.000448996390909106,0.000887268234947686,-5.16947437771643e-05,-0.00086094920268024,-0.000286548029376117
8.16136022670445,-0.00083305628936829,-0.000448992398980432,0.000887272238126056,-5.16907405988109e-05,-0.000860945210751601,-0.000286544059883621
8.17136189364894,-0.000833053062011783,-0.000448989153382414,0.000887275492870529,-5.16874858543518e-05,-0.00086094196515361,-0.000286540832527114
8.18136356059343,-0.000833050581051257,-0.00044898665839912,0.000887277994884961,-5.16849838399302e-05,-0.000860939470170338,-0.000286538351566588
8.19136522753792,-0.000833048845220275,-0.000448984912756956,0.000887279745446538,-5.16832332783607e-05,-0.000860937724528189,-0.000286536615735606
8.20136689448241,-0.000833047847884552,-0.00044898390978414,0.000887280751245843,-5.16822274790604e-05,-0.000860936721555381,-0.000286535618399883
8.21136856142691,-0.000833047577234653,-0.000448983637604486,0.000887281024192529,-5.16819545323753e-05,-0.00086093644937573,-0.000286535347749984
8.22137022837139,-0.000833048016510318,-0.000448984079363004,0.000887280581189087,-5.16823975358159e-05,-0.000860936891134244,-0.000286535787025649
8.23137189531589,-0.000833049144253846,-0.000448985213480711,0.000887279443875311,-5.16835348495869e-05,-0.000860938025251941,-0.000286536914769177
8.24137356226038,-0.000833050934589825,-0.000448987013935941,0.000887277638346198,-5.16853403786917e-05,-0.000860939825707156,-0.000286538705105155
8.25137522920487,-0.000833053357528435,-0.000448989450569371,0.000887275194846066,-5.16877838788134e-05,-0.000860942262340565,-0.000286541128043766
8.26137689614936,-0.000833056379289505,-0.000448992489409895,0.000887272147441753,-5.16908312831142e-05,-0.000860945301181063,-0.000286544149804836
8.27137856309385,-0.000833059962644432,-0.00044899609301849,0.000887268533677789,-5.16944450470617e-05,-0.000860948904789628,-0.000286547733159762
8.28138023003834,-0.000833064067273092,-0.000449000220847138,0.000887264394216464,-5.16985845083695e-05,-0.00086095303261824,-0.000286551837788422
8.29138189698283,-0.000833068650132859,-0.000449004829609928,0.00088725977246567,-5.17032062591433e-05,-0.00086095764138099,-0.000286556420648189
8.30138356392732,-0.000833073665836851,-0.000449009873663445,0.000887254714197452,-5.17082645273398e-05,-0.000860962685434464,-0.000286561436352182
8.31138523087181,-0.000833079067038583,-0.000449015305393593,0.000887249267160087,-5.17137115646816e-05,-0.000860968117164566,-0.000286566837553914
8.3213868978163,-0.000833084804820228,-0.000449021075606055,0.000887243480686528,-5.17194980382162e-05,-0.000860973887376978,-0.000286572575335558
8.33138856476079,-0.000833090829081771,-0.000449027133917643,0.000887237405301946,-5.17255734227716e-05,-0.000860979945688515,-0.000286578599597102
8.34139023170528,-0.000833097088928402,-0.000449033429145882,0.000887231092333057,-5.17318863916337e-05,-0.0008609862409167,-0.000286584859443732
8.35139189864977,-0.00083310353305357,-0.00044903990969423,0.000887224593521807,-5.17383852028559e-05,-0.000860992721464992,-0.000286591303568901
8.36139356559427,-0.000833110110115246,-0.000449046523930462,0.000887217960645925,-5.17450180787096e-05,-0.000860999335701168,-0.000286597880630577
8.37139523253876,-0.000833116769103007,-0.000449053220555838,0.000887211245148717,-5.17517335758886e-05,-0.000861006032326487,-0.000286604539618338
8.38139689948325,-0.000833123459693711,-0.000449059948962781,0.000887204497780378,-5.17584809441985e-05,-0.000861012760733372,-0.000286611230209042
8.39139856642774,-0.00083313013259362,-0.000449066659578939,0.000887197768252962,-5.17652104715866e-05,-0.000861019471349473,-0.000286617903108951
8.40140023337223,-0.000833136739864992,-0.000449073304195617,0.000887191104911018,-5.17718738135015e-05,-0.000861026115966094,-0.000286624510380323
8.41140190031672,-0.000833143235235275,-0.000449079836278724,0.000887184554419778,-5.1778424304714e-05,-0.000861032648049145,-0.000286631005750606
8.42140356726121,-0.000833149574387209,-0.000449086211260512,0.000887178161472585,-5.17848172518792e-05,-0.000861039023030879,-0.00028663734490254
8.4314052342057,-0.00083315571522828,-0.000449092386810553,0.00088717196851916,-5.17910102052778e-05,-0.000861045198580868,-0.000286643485743611
8.44140690115019,-0.000833161618138139,-0.000449098323084559,0.000887166015516076,-5.17969632083358e-05,-0.000861051134854823,-0.00028664938865347
8.45140856809468,-0.000833167246192769,-0.000449103982949813,0.000887160339700696,-5.18026390236923e-05,-0.000861056794720029,-0.0002866550167081
8.46141023503917,-0.000833172565364349,-0.000449109332186163,0.000887154975389606,-5.1808003334759e-05,-0.000861062143956332,-0.00028666033587968
8.47141190198366,-0.000833177544695943,-0.000449114339661699,0.00088714995380245,-5.18130249218937e-05,-0.000861067151431825,-0.000286665315211274
8.48141356892815,-0.000833182156450332,-0.000449118977482427,0.000887145302911829,-5.18176758124947e-05,-0.000861071789252514,-0.000286669926965663
8.49141523587265,-0.000833186376232482,-0.00044912322111543,0.000887141047319798,-5.18219314045069e-05,-0.000861076032885481,-0.000286674146747813
8.50141690281714,-0.00083319018308533,-0.000449127049485191,0.000887137208161268,-5.18257705630211e-05,-0.000861079861255209,-0.000286677953600661
8.51141856976163,-0.000833193559558757,-0.00044913044504296,0.00088713380303444,-5.18291756898339e-05,-0.00086108325681295,-0.000286681330074087
8.52142023670612,-0.000833196491751812,-0.000449133393809218,0.000887130845958233,-5.18321327660288e-05,-0.000861086205579182,-0.000286684262267143
8.53142190365061,-0.000833198969328426,-0.000449135885389473,0.000887128347356429,-5.18346313678221e-05,-0.000861088697159416,-0.000286686739843757
8.5414235705951,-0.00083320098550704,-0.000449137912963837,0.000887126314068136,-5.18366646561062e-05,-0.000861090724733762,-0.000286688756022371
8.55142523753959,-0.000833202537024764,-0.000449139473250975,0.000887124749383936,-5.18382293402997e-05,-0.000861092285020887,-0.000286690307540095
8.56142690448408,-0.00083320362407683,-0.000449140566447225,0.000887123653106938,-5.1839325617293e-05,-0.000861093378217128,-0.00028669139459216
8.57142857142857,-0.000833204250232307,-0.000449141196141829,0.000887123021637785,-5.18399570864433e-05,-0.000861094007911726,-0.000286692020747638
8.58143023837306,-0.000833204422327168,-0.000449141369209396,0.000887122848082494,-5.18401306417334e-05,-0.000861094180979292,-0.000286692192842499
8.59143190531755,-0.000833204150335965,-0.000449141095680858,0.000887123122381867,-5.18398563423621e-05,-0.000861093907450756,-0.000286691920851296
8.60143357226204,-0.000833203447223515,-0.000449140388594309,0.000887123831461064,-5.18391472631682e-05,-0.000861093200364213,-0.000286691217738846
8.61143523920653,-0.000833202328778107,-0.000449139263827277,0.000887124959397814,-5.18380193264228e-05,-0.000861092075597191,-0.000286690099293438
8.62143690615103,-0.000833200813427863,-0.000449137739912042,0.00088712648760761,-5.18364911166328e-05,-0.000861090551681969,-0.000286688583943194
8.63143857309552,-0.000833198922041988,-0.000449135837835765,0.000887128395044149,-5.18345836801029e-05,-0.000861088649605709,-0.000286686692557319
8.64144024004001,-0.000833196677718716,-0.000449133580827236,0.000887130658413178,-5.18323203110835e-05,-0.000861086392597199,-0.000286684448234047
8.6514419069845,-0.00083319410556184,-0.000449130994132137,0.00088713325239787,-5.18297263264018e-05,-0.000861083805902121,-0.000286681876077171
8.66144357392899,-0.000833191232447748,-0.000449128104778765,0.00088713614989376,-5.18268288305249e-05,-0.000861080916548774,-0.000286679002963079
8.67144524087348,-0.000833188086784943,-0.000449124941336194,0.000887139322251262,-5.18236564730365e-05,-0.000861077753106231,-0.000286675857300274
8.68144690781797,-0.000833184698268025,-0.000449121533666862,0.000887142739523784,-5.18202392005291e-05,-0.000861074345436927,-0.000286672468783356
8.69144857476246,-0.000833181097628112,-0.000449117912675583,0.000887146370719417,-5.18166080049111e-05,-0.000861070724445679,-0.000286668868143443
8.70145024170695,-0.00083317731638168,-0.000449114110056969,0.000887150184054231,-5.18127946701137e-05,-0.000861066921827098,-0.000286665086897011
8.71145190865144,-0.000833173386579752,-0.0004491101580432,0.000887154147205212,-5.18088315191494e-05,-0.000861062969813363,-0.000286661157095083
8.72145357559593,-0.000833169340559315,-0.000449106089154039,0.000887158227560953,-5.18047511634257e-05,-0.000861058900924236,-0.000286657111074646
8.73145524254042,-0.000833165210698812,-0.000449101935950934,0.000887162392468245,-5.18005862561524e-05,-0.000861054747721167,-0.000286652981214143
8.74145690948491,-0.000833161029179424,-0.00044909773079696,0.000887166609472808,-5.17963692516072e-05,-0.000861050542567229,-0.000286648799694755
8.75145857642941,-0.000833156827753831,-0.000449093505624269,0.000887170846552504,-5.17921321719294e-05,-0.000861046317394574,-0.000286644598269162
8.76146024337389,-0.000833152637523991,-0.00044908929171061,0.000887175072341438,-5.17879063830134e-05,-0.000861042103480951,-0.000286640408039322
8.77146191031839,-0.000833148488729384,-0.000449085119466383,0.000887179256343511,-5.17837223809582e-05,-0.000861037931236759,-0.000286636259244715
8.78146357726288,-0.000833144410547054,-0.000449081018233544,0.000887183369134078,-5.17796095904092e-05,-0.000861033830003956,-0.000286632181062385
8.79146524420737,-0.000833140430904634,-0.000449077016097579,0.000887187382548506,-5.17755961759983e-05,-0.000861029827868024,-0.000286628201419965
8.80146691115186,-0.000833136576307425,-0.000449073139713598,0.000887191269856566,-5.17717088679547e-05,-0.000861025951484076,-0.000286624346822756
8.81146857809635,-0.000833132871680444,-0.000449069414147499,0.000887195005921722,-5.17679728028147e-05,-0.00086102222591801,-0.000286620642195775
8.82147024504084,-0.000833129340226232,-0.000449065862732969,0.000887198567344531,-5.17644113800207e-05,-0.00086101867450351,-0.000286617110741563
8.83147191198533,-0.00083312600329905,-0.000449062506944966,0.000887201932589517,-5.17610461350498e-05,-0.000861015318715536,-0.000286613773814381
8.84147357892982,-0.00083312288029596,-0.000449059366290186,0.00088720508209501,-5.17578966295698e-05,-0.000861012178060782,-0.000286610650811291
8.85147524587431,-0.000833119988565133,-0.000449056458214855,0.000887207998365619,-5.17549803589735e-05,-0.000861009269985477,-0.000286607759080464
8.8614769128188,-0.000833117343331608,-0.000449053798030067,0.000887210666047102,-5.17523126775017e-05,-0.000861006609800711,-0.000286605113846939
8.87147857976329,-0.000833114957640552,-0.00044905139885472,0.000887213071983591,-5.17499067410236e-05,-0.000861004210625385,-0.000286602728155883
8.88148024670778,-0.000833112842317963,-0.000449049271576006,0.000887215205257212,-5.17477734674113e-05,-0.000861002083346689,-0.000286600612833294
8.89148191365228,-0.000833111005948637,-0.00044904742482724,0.00088721705721032,-5.17459215143113e-05,-0.000861000236597939,-0.000286598776463968
8.90148358059677,-0.000833109454871058,-0.000449045864982734,0.000887218621450641,-5.17443572739967e-05,-0.000860998676753446,-0.000286597225386389
8.91148524754126,-0.000833108193188797,-0.000449044596169252,0.000887219893839779,-5.17430848848641e-05,-0.000860997407939975,-0.000286595963704128
8.92148691448575,-0.000833107222797883,-0.00044904362029354,0.000887220872465617,-5.17421062590305e-05,-0.000860996432064272,-0.000286594993313214
8.93148858143024,-0.000833106543429484,-0.000449042937085248,0.000887221557599266,-5.17414211253848e-05,-0.000860995748855985,-0.000286594313944816
8.94149024837473,-0.000833106152707197,-0.000449042544154539,0.000887221951637297,-5.17410270873552e-05,-0.00086099535592528,-0.000286593923222529
8.95149191531922,-0.000833106046218098,-0.000449042437063548,0.000887222059030083,-5.17409196945696e-05,-0.000860995248834289,-0.000286593816733429
8.96149358226371,-0.000833106217596689,-0.000449042609410796,0.000887221886197141,-5.17410925275109e-05,-0.000860995421181536,-0.00028659398811202
8.9714952492082,-0.000833106658620767,-0.000449043052927609,0.000887221441430449,-5.17415372942017e-05,-0.000860995864698345,-0.000286594429136098
8.98149691615269,-0.000833107359318214,-0.000449043757585506,0.000887220734786748,-5.17422439378993e-05,-0.000860996569356236,-0.000286595129833545
8.99149858309718,-0.000833108308083642,-0.0004490447117135,0.000887219777969915,-5.17432007547279e-05,-0.000860997523484222,-0.000286596078598973
9.00150025004167,-0.000833109491803786,-0.000449045902124212,0.000887218584204495,-5.17443945201434e-05,-0.000860998713894923,-0.000286597262319117
9.01150191698616,-0.000833110895990539,-0.000449047314247642,0.000887217168101544,-5.17458106230879e-05,-0.000861000126018342,-0.00028659866650587
9.02150358393066,-0.000833112504920448,-0.000449048932271468,0.000887215545517948,-5.17474332066776e-05,-0.000861001744042154,-0.000286600275435779
9.03150525087515,-0.000833114301779535,-0.000449050739286678,0.00088721373341037,-5.1749245314248e-05,-0.000861003551057348,-0.000286602072294867
9.04150691781964,-0.00083311626881226,-0.000449052717437371,0.000887211749685029,-5.17512290395804e-05,-0.000861005529208024,-0.000286604039327591
9.05150858476413,-0.000833118387473458,-0.000449054848073565,0.000887209613044466,-5.17533656801344e-05,-0.000861007659844201,-0.000286606157988789
9.06151025170862,-0.000833120638582117,-0.000449057111905834,0.000887207342832467,-5.17556358921231e-05,-0.00086100992367645,-0.000286608409097448
9.07151191865311,-0.000833123002475834,-0.000449059489160639,0.000887204958878294,-5.17580198462858e-05,-0.000861012300931235,-0.000286610772991165
9.0815135855976,-0.000833125459164861,-0.000449061959735248,0.000887202481341333,-5.17604973832363e-05,-0.000861014771505822,-0.000286613229680192
9.09151525254209,-0.000833127988484644,-0.000449064503351132,0.000887199930557258,-5.17630481673008e-05,-0.000861017315121685,-0.000286615758999975
9.10151691948658,-0.000833130570245827,-0.000449067099704823,0.000887197326886754,-5.1765651837793e-05,-0.000861019911475354,-0.000286618340761158
9.11151858643107,-0.000833133184380716,-0.000449069728615201,0.000887194690567816,-5.17682881567201e-05,-0.000861022540385709,-0.000286620954896047
9.12152025337556,-0.000833135811085251,-0.000449072370166271,0.000887192041572562,-5.17709371519621e-05,-0.000861025181936757,-0.000286623581600582
9.13152192032005,-0.000833138430955601,-0.000449075004844527,0.000887189399469491,-5.17735792550224e-05,-0.000861027816614991,-0.000286626201470932
9.14152358726454,-0.000833141025118529,-0.00044907761367006,0.000887186783291999,-5.17761954325031e-05,-0.000861030425440501,-0.00028662879563386
9.15152525420904,-0.000833143575354769,-0.000449080178320625,0.000887184211413965,-5.1778767310526e-05,-0.000861032990091044,-0.0002866313458701
9.16152692115353,-0.000833146064214695,-0.000449082681247967,0.000887181701433096,-5.17812772913839e-05,-0.000861035493018365,-0.000286633834730026
9.17152858809802,-0.000833148475125647,-0.000449085105785756,0.000887179270062692,-5.1783708661778e-05,-0.000861037917556133,-0.000286636245640978
9.18153025504251,-0.000833150792490348,-0.000449087436248556,0.00088717693303239,-5.17860456920702e-05,-0.000861040248018913,-0.000286638563005679
9.191531921987,-0.000833153001775921,-0.000449089658021348,0.000887174704998396,-5.17882737260545e-05,-0.000861042469791686,-0.000286640772291252
9.20153358893149,-0.000833155089593088,-0.000449091757639175,0.000887172599463613,-5.17903792608286e-05,-0.000861044569409496,-0.000286642860108419
9.21153525587598,-0.000833157043765213,-0.00044909372285658,0.000887170628708008,-5.17923500164249e-05,-0.000861046534626884,-0.000286644814280544
9.22153692282047,-0.00083315885338694,-0.000449095542706565,0.000887168803729484,-5.17941749949408e-05,-0.000861048354476853,-0.000286646623902271
9.23153858976496,-0.000833160508872227,-0.000449097207548907,0.000887167134195432,-5.17958445289865e-05,-0.000861050019319182,-0.000286648279387558
9.24154025670945,-0.000833162001991698,-0.000449098709107717,0.000887165628405063,-5.17973503193489e-05,-0.000861051520877979,-0.000286649772507029
9.25154192365394,-0.000833163325899271,-0.000449100040498218,0.000887164293262557,-5.17986854618492e-05,-0.000861052852268468,-0.000286651096414602
9.26154359059843,-0.000833164475148128,-0.000449101196242805,0.000887163134260953,-5.17998444634478e-05,-0.000861054008013045,-0.000286652245663459
9.27154525754292,-0.000833165445696157,-0.000449102172276519,0.000887162155476668,-5.18008232477292e-05,-0.000861054984046751,-0.000286653216211488
9.28154692448742,-0.000833166234901057,-0.000449102965942125,0.000887161359574424,-5.18016191499694e-05,-0.000861055777712351,-0.000286654005416388
9.2915485914319,-0.000833166841505393,-0.000449103575975081,0.000887160747822328,-5.18022309020632e-05,-0.000861056387745301,-0.000286654612020724
9.3015502583764,-0.000833167265611934,-0.000449104002478737,0.000887160320116737,-5.18026586076518e-05,-0.000861056814248954,-0.000286655036127265
9.31155192532089,-0.000833167508649678,-0.000449104246890169,0.000887160075016528,-5.18029037078604e-05,-0.000861057058660383,-0.000286655279165009
9.32155359226538,-0.000833167573331031,-0.00044910431193711,0.000887160009786277,-5.18029689381106e-05,-0.000861057123707323,-0.000286655343846362
9.33155525920987,-0.000833167463600644,-0.00044910420158651,0.000887160120447857,-5.18028582765317e-05,-0.000861057013356725,-0.000286655234115975
9.34155692615436,-0.000833167184576506,-0.000449103920985285,0.000887160401839848,-5.18025768845418e-05,-0.000861056732755502,-0.000286654955091836
9.35155859309885,-0.000833166742483863,-0.000449103476393867,0.000887160847684174,-5.18021310402179e-05,-0.000861056288164087,-0.000286654512999193
9.36156026004334,-0.000833166144582659,-0.000449102875113234,0.000887161450659281,-5.18015280651127e-05,-0.00086105568688346,-0.00028665391509799
9.37156192698783,-0.000833165399089154,-0.000449102125406086,0.000887162202479188,-5.18007762452096e-05,-0.000861054937176318,-0.000286653169604484
9.38156359393232,-0.000833164515092441,-0.000449101236412889,0.000887163093977665,-5.17998847467357e-05,-0.000861054048183129,-0.000286652285607772
9.39156526087681,-0.000833163502466614,-0.000449100218063546,0.00088716411519683,-5.17988635275753e-05,-0.000861053029833794,-0.000286651272981944
9.4015669278213,-0.000833162371779305,-0.000449099080985419,0.000887165255479368,-5.17977232450418e-05,-0.000861051892755678,-0.000286650142294635
9.41156859476579,-0.00083316113419739,-0.000449097836408503,0.00088716650356364,-5.17964751607753e-05,-0.000861050648178772,-0.000286648904712721
9.42157026171028,-0.000833159801390601,-0.000449096496068487,0.000887167847680883,-5.17951310435382e-05,-0.000861049307838767,-0.000286647571905932
9.43157192865478,-0.000833158385433815,-0.000449095072108497,0.00088716927565375,-5.17937030706774e-05,-0.000861047883878789,-0.000286646155949146
9.44157359559927,-0.000833156898708779,-0.000449093576980264,0.00088717077499542,-5.17922037290142e-05,-0.000861046388750569,-0.00028664466922411
9.45157526254376,-0.000833155353806008,-0.000449092023345467,0.000887172333008531,-5.17906457159091e-05,-0.000861044835115786,-0.000286643124321339
9.46157692948825,-0.000833153763427578,-0.000449090423977975,0.000887173936883218,-5.17890418412292e-05,-0.000861043235748307,-0.000286641533942908
9.47157859643274,-0.000833152140291506,-0.00044908879166769,0.000887175573793534,-5.17874049309203e-05,-0.000861041603438037,-0.000286639910806836
9.48158026337723,-0.000833150497038398,-0.000449087139126666,0.000887177230991602,-5.1785747732859e-05,-0.000861039950897026,-0.000286638267553729
9.49158193032172,-0.000833148846140987,-0.000449085478898131,0.000887178895898845,-5.17840828256232e-05,-0.000861038290668505,-0.000286636616656318
9.50158359726621,-0.000833147199817159,-0.00044908382326903,0.000887180556193692,-5.17824225307832e-05,-0.000861036635039418,-0.00028663497033249
9.5115852642107,-0.000833145569947033,-0.000449082184186628,0.000887182199895209,-5.17807788292734e-05,-0.000861034995957031,-0.000286633340462364
9.52158693115519,-0.000833143967994588,-0.000449080573179703,0.00088718381544213,-5.17791632823595e-05,-0.00086103338495012,-0.000286631738509918
9.53158859809968,-0.000833142404934319,-0.00044907900128478,0.000887185391766827,-5.17775869576688e-05,-0.00086103181305521,-0.00028663017544965
9.54159026504417,-0.000833140891183326,-0.000449077478977835,0.000887186918363802,-5.17760603607006e-05,-0.000861030290748277,-0.000286628661698656
9.55159193198866,-0.000833139436539189,-0.000449076016111828,0.000887188385352328,-5.17745933721814e-05,-0.000861028827882283,-0.00028662720705452
9.56159359893316,-0.000833138050123966,-0.000449074621860375,0.000887189783532936,-5.17731951915793e-05,-0.000861027433630842,-0.000286625820639297
9.57159526587765,-0.000833136740334538,-0.000449073304667816,0.000887191104437489,-5.17718742870319e-05,-0.000861026116438294,-0.000286624510849868
9.58159693282214,-0.00083313551479952,-0.000449072072205888,0.000887192340372631,-5.17706383518945e-05,-0.000861024883976376,-0.000286623285314851
9.59159859976663,-0.000833134380342892,-0.000449070931337138,0.000887193484456475,-5.17694942680554e-05,-0.000861023743107637,-0.000286622150858223
9.60160026671112,-0.000833133342954423,-0.00044906988808519,0.000887194530648423,-5.17684480761127e-05,-0.000861022699855698,-0.000286621113469753
9.61160193365561,-0.000833132407766941,-0.000449068947611886,0.000887195473772085,-5.17675049524548e-05,-0.000861021759382402,-0.000286620178282272
9.6216036006001,-0.000833131579040448,-0.000449068114201305,0.00088719630953131,-5.17666691932333e-05,-0.000861020925971827,-0.000286619349555779
9.63160526754459,-0.000833130860152995,-0.00044906739125059,0.000887197034519379,-5.17659442051669e-05,-0.000861020203021119,-0.000286618630668326
9.64160693448908,-0.000833130253598231,-0.000449066781267486,0.000887197646221483,-5.17653325030657e-05,-0.00086101959303802,-0.000286618024113562
9.65160860143357,-0.000833129760989457,-0.000449066285874412,0.00088719814301063,-5.17648357139211e-05,-0.00086101909764495,-0.000286617531504788
9.66161026837806,-0.000833129383069991,-0.000449065905818888,0.000887198524137192,-5.17644545873601e-05,-0.000861018717589429,-0.000286617153585322
9.67161193532255,-0.00083312911972961,-0.000449065640990067,0.000887198789712331,-5.17641890122229e-05,-0.00086101845276061,-0.000286616890244941
9.68161360226704,-0.000833128970026779,-0.000449065490441092,0.000887198940685569,-5.17640380389854e-05,-0.000861018302211637,-0.00028661674054211
9.69161526921154,-0.00083312893221637,-0.000449065452416974,0.000887198978816844,-5.17639999077109e-05,-0.000861018264187519,-0.000286616702731701
9.70161693615603,-0.000833129003782522,-0.000449065524387629,0.000887198906643367,-5.17640720811867e-05,-0.000861018336158173,-0.000286616774297853
9.71161860310052,-0.000833129181476264,-0.000449065703085722,0.000887198727441683,-5.17642512828708e-05,-0.000861018514856266,-0.000286616951991595
9.72162027004501,-0.000833129461357517,-0.000449065984548907,0.000887198445185304,-5.17645335392486e-05,-0.000861018796319448,-0.000286617231872848
9.7316219369895,-0.000833129838841054,-0.000449066364166039,0.000887198064498369,-5.17649142261819e-05,-0.000861019175936576,-0.000286617609356385
9.74162360393399,-0.000833130308745981,-0.00044906683672694,0.000887197590605739,-5.17653881188101e-05,-0.000861019648497474,-0.000286618079261312
9.75162527087848,-0.000833130865348293,-0.000449067396475253,0.000887197029279993,-5.17659494445534e-05,-0.000861020208245782,-0.000286618635863624
9.76162693782297,-0.000833131502436049,-0.000449068037163926,0.000887196386785788,-5.17665919387552e-05,-0.000861020848934449,-0.00028661927295138
9.77162860476746,-0.000833132213366698,-0.000449068752112863,0.000887195669822046,-5.17673089024946e-05,-0.00086102156388338,-0.000286619983882029
9.78163027171195,-0.000833132991126088,-0.000449069534268269,0.00088719488546244,-5.17680932620973e-05,-0.000861022346038779,-0.000286620761641419
9.79163193865644,-0.000833133828388696,-0.000449070376263212,0.000887194041094662,-5.17689376298719e-05,-0.000861023188033715,-0.000286621598904027
9.80163360560093,-0.000833134717578595,-0.000449071270478948,0.000887193144358927,-5.1769834365603e-05,-0.000861024082249443,-0.000286622488093926
9.81163527254542,-0.000833135650930729,-0.000449072209106531,0.000887192203086187,-5.17707756383386e-05,-0.000861025020877019,-0.00028662342144606
9.82163693948992,-0.000833136620552022,-0.000449073184208271,0.000887191225236502,-5.17717534880194e-05,-0.00086102599597875,-0.000286624391067353
9.83163860643441,-0.000833137618481891,-0.000449074187778593,0.000887190218838009,-5.17727598865086e-05,-0.000861026999549063,-0.000286625388997222
9.8416402733789,-0.000833138636751753,-0.000449075211803871,0.000887189191926914,-5.1773786797599e-05,-0.000861028023574333,-0.000286626407267084
9.85164194032339,-0.000833139667443103,-0.000449076248320845,0.00088718815248892,-5.17748262355887e-05,-0.000861029060091298,-0.000286627437958433
9.86164360726788,-0.000833140702743798,-0.000449077289473218,0.000887187108402464,-5.17758703220396e-05,-0.000861030101243662,-0.000286628473259129
9.87164527421237,-0.000833141735002174,-0.000449078327566076,0.000887186067384145,-5.17769113403541e-05,-0.000861031139336512,-0.000286629505517505
9.88164694115686,-0.000833142756778663,-0.000449079355117802,0.000887185036936666,-5.17779417878295e-05,-0.000861032166888228,-0.000286630527293994
9.89164860810135,-0.000833143760894595,-0.00044908036490915,0.000887184024299613,-5.17789544248778e-05,-0.000861033176679568,-0.000286631531409926
9.90165027504584,-0.000833144740477914,-0.000449081350029223,0.000887183036403363,-5.17799423211237e-05,-0.000861034161799633,-0.000286632510993245
9.91165194199033,-0.000833145689005532,-0.000449082303918065,0.000887182079826357,-5.17808988981257e-05,-0.000861035115688466,-0.000286633459520863
9.92165360893482,-0.000833146600342126,-0.000449083220405672,0.000887181160755986,-5.17818179684923e-05,-0.000861036032176065,-0.000286634370857457
9.93165527587931,-0.000833147468775149,-0.00044908409374721,0.000887180284953274,-5.17826937712002e-05,-0.000861036905517596,-0.00028663523929048
9.9416569428238,-0.000833148289045927,-0.000449084918654284,0.000887179457721521,-5.17835210029501e-05,-0.000861037730424663,-0.000286636059561258
9.95165860976829,-0.000833149056376694,-0.000449085690322121,0.000887178683879039,-5.17842948454292e-05,-0.000861038502092494,-0.000286636826892024
9.96166027671279,-0.000833149766493464,-0.00044908640445258,0.000887177967736081,-5.17850109883836e-05,-0.000861039216222947,-0.000286637537008795
9.97166194365728,-0.000833150415644694,-0.000449087057272911,0.00088717731307603,-5.17856656484321e-05,-0.000861039869043272,-0.000286638186160024
9.98166361060177,-0.000833151000615679,-0.000449087645550242,0.000887176723140868,-5.17862555835915e-05,-0.000861040457320599,-0.00028663877113101
9.99166527754626,-0.000833151518738706,-0.00044908816660178,0.000887176200620949,-5.17867781035076e-05,-0.000861040978372132,-0.000286639289254038
